NAVSTAR 43 (USA 132)    
1 24876U 97035A   23240.11781342 -.00000006  00000+0  00000+0 0  9994
2 24876  55.5857 138.6271 0072229  52.1620 308.5354  2.00563926191417
NAVSTAR 47 (USA 150)    
1 26360U 00025A   23240.48516000 -.00000011  00000+0  00000+0 0  9990
2 26360  54.4263  60.8828 0041410 198.9937 155.7689  2.00571125170733
NAVSTAR 51 (USA 166)    
1 27663U 03005A   23240.75528885  .00000063  00000+0  00000+0 0  9998
2 27663  55.2492 255.6723 0131705  44.6532 125.0130  2.00566328150789
NAVSTAR 52 (USA 168)    
1 27704U 03010A   23240.74058603 -.00000085  00000+0  00000+0 0  9990
2 27704  55.1155   5.6371 0248527 318.5920  58.5728  2.00574434149583
NAVSTAR 54 (USA 177)    
1 28190U 04009A   23241.38940623 -.00000042  00000+0  00000+0 0  9995
2 28190  55.6950 316.7063 0092959 138.3938 285.5468  2.00567354142464
NAVSTAR 56 (USA 180)    
1 28474U 04045A   23240.75141861 -.00000084  00000+0  00000+0 0  9993
2 28474  55.4425   5.9559 0162091 282.3776  96.0650  2.00579563137902
ANIK F1R                
1 28868U 05036A   23241.15740191 -.00000086  00000+0  00000+0 0  9999
2 28868   1.6706  89.1310 0002887  35.7462 161.5783  1.00271421 65895
NAVSTAR 57 (USA 183)    
1 28874U 05038A   23241.39543980 -.00000037  00000+0  00000+0 0  9997
2 28874  55.7465 314.1580 0139397 279.4295 170.2089  2.00575746131317
INMARSAT 4-F2           
1 28899U 05044A   23241.11985102  .00000000  00000+0  00000+0 0  9996
2 28899   3.8539  40.6483 0003045 122.4897 280.9835  1.00272346 65243
NAVSTAR 58 (USA 190)    
1 29486U 06042A   23241.16490348  .00000009  00000+0  00000+0 0  9995
2 29486  54.6857 191.9001 0102977  31.8466 153.0620  2.00570058124024
NAVSTAR 59 (USA 192)    
1 29601U 06052A   23241.32693798  .00000056  00000+0  00000+0 0  9999
2 29601  55.2696 254.6083 0084184  79.3667 281.6255  2.00577230122936
NAVSTAR 60 (USA 196)    
1 32260U 07047A   23241.14265784  .00000006  00000+0  00000+0 0  9994
2 32260  53.4620 122.3980 0151120  70.4617 291.2408  2.00551643116319
COSMOS 2433             
1 32275U 07052A   23241.40135822 -.00000070  00000+0  00000+0 0  9996
2 32275  66.0237 350.1325 0003525 215.5628 144.4326  2.13104013123306
COSMOS 2432             
1 32276U 07052B   23240.57620567 -.00000070  00000+0  00000+0 0  9999
2 32276  66.0382 350.2686 0008036 322.3978  71.6527  2.13103152123279
NAVSTAR 61 (USA 199)    
1 32384U 07062A   23240.68573142 -.00000037  00000+0  00000+0 0  9991
2 32384  55.8788 315.0062 0024921 149.8251  10.4487  2.00558316114985
COSMOS 2434             
1 32393U 07065A   23241.20243262  .00000063  00000+0  00000+0 0  9998
2 32393  64.3375 226.5139 0000105 118.8973 339.6404  2.13103036122004
COSMOS 2436             
1 32395U 07065C   23240.58015715  .00000072  00000+0  00000+0 0  9990
2 32395  64.3462 226.5968 0015639 351.9870 124.6852  2.13102757121914
NAVSTAR 62 (USA 201)    
1 32711U 08012A   23241.05685062  .00000008  00000+0  00000+0 0  9995
2 32711  54.4529 190.7369 0177499 235.8047 122.4711  2.00557011113235
NAVSTAR 64 (USA 206)    
1 35752U 09043A   23241.25577937 -.00000001  00000+0  00000+0 0  9995
2 35752  55.4280  67.9602 0058424  68.7861  91.5481  2.00558176102822
COSMOS 2456             
1 36111U 09070A   23241.11121887  .00000040  00000+0  00000+0 0  9991
2 36111  64.4875 106.0204 0002378 331.3628 216.4727  2.13099156106661
COSMOS 2457             
1 36112U 09070B   23240.39615271  .00000036  00000+0  00000+0 0  9991
2 36112  64.4710 105.9104 0005424 148.7573 341.2424  2.13101337106612
COSMOS 2460             
1 36402U 10007C   23240.70131097 -.00000069  00000+0  00000+0 0  9996
2 36402  65.8865 348.8725 0001517 160.6299 191.7951  2.13106199104919
NAVSTAR 65 (USA 213)    
1 36585U 10022A   23241.11802355  .00000058  00000+0  00000+0 0  9990
2 36585  54.5686 249.8379 0109035  59.6689 117.5961  2.00561577 97061
BEIDOU-2 IGSO-1         
1 36828U 10036A   23241.22984787 -.00000165  00000+0  00000+0 0  9997
2 36828  54.2370 172.2276 0036840 189.2266 165.9907  1.00254822 47969
QZS-1 (MICHIBIKI-1)     
1 37158U 10045A   23235.98548465 -.00000031  00000+0  00000+0 0  9991
2 37158  42.8909 127.5505 0036254  12.7354 203.3381  0.88330244 47378
BEIDOU-2 G4             
1 37210U 10057A   23241.08340358 -.00000124  00000+0  00000+0 0  9995
2 37210   1.1612  60.5425 0005661 147.2757 319.1701  1.00270998 47020
BEIDOU-2 IGSO-2         
1 37256U 10068A   23241.11242900 -.00000159  00000+0  00000+0 0  9993
2 37256  49.4198 284.3814 0032437 212.3130 348.6020  1.00285651 46530
BEIDOU-2 IGSO-3         
1 37384U 11013A   23240.41171326 -.00000149  00000+0  00000+0 0  9990
2 37384  60.9286  49.9620 0028021 173.9586   8.5482  1.00283133 45399
GSAT-8                  
1 37605U 11022A   23240.83144919  .00000074  00000+0  00000+0 0  9996
2 37605   0.0380 284.4492 0004013 323.4953  83.2215  1.00271743 42950
NAVSTAR 66 (USA 232)    
1 37753U 11036A   23241.27425115 -.00000081  00000+0  00000+0 0  9993
2 37753  56.7430  11.7023 0127177  56.2907 319.6951  2.00568357 88758
BEIDOU-2 IGSO-4         
1 37763U 11038A   23241.16600419 -.00000102  00000+0  00000+0 0  9990
2 37763  54.5109 174.7690 0112092 228.1689  89.4823  1.00275035 44383
GSAT0101 (GALILEO-PFM)  
1 37846U 11060A   23240.25773057 -.00000081  00000+0  00000+0 0  9991
2 37846  57.1090   9.4908 0002011  74.9283 285.0941  1.70475772 73794
GSAT0102 (GALILEO-FM2)  
1 37847U 11060B   23240.77262191 -.00000083  00000+0  00000+0 0  9993
2 37847  57.1098   9.4768 0001257 359.5643   2.7454  1.70475174 73687
COSMOS 2476             
1 37867U 11064A   23240.24688086  .00000034  00000+0  00000+0 0  9991
2 37867  64.7671 107.5746 0021300 233.2048 280.8005  2.13101683 91943
COSMOS 2477             
1 37868U 11064B   23240.45303112  .00000036  00000+0  00000+0 0  9991
2 37868  64.7746 107.6372 0018528 233.7698 256.2748  2.13101599 91944
COSMOS 2475             
1 37869U 11064C   23240.78935487  .00000038  00000+0  00000+0 0  9996
2 37869  64.7817 107.6377 0022740 251.6043  94.9248  2.13101971 91950
BEIDOU-2 IGSO-5         
1 37948U 11073A   23241.09285396 -.00000113  00000+0  00000+0 0  9991
2 37948  49.5448 284.0495 0095074 220.3796 322.0914  1.00273716 43143
LUCH-5A                 
1 37951U 11074B   23240.78210738 -.00000058  00000+0  00000+0 0  9997
2 37951   6.1247  89.8124 0005078  53.7640 281.7372  1.00273405 42787
BEIDOU-2 G5             
1 38091U 12008A   23240.76052578  .00000047  00000+0  00000+0 0  9992
2 38091   1.6926  68.3072 0002479 164.4946  76.3627  1.00270234 42106
BEIDOU-2 M3             
1 38250U 12018A   23241.37947800 -.00000083  00000+0  00000+0 0  9990
2 38250  56.5125 339.0724 0022525 255.3266 163.2043  1.86231265 77240
BEIDOU-2 M4             
1 38251U 12018B   23239.07549889 -.00000080  00000+0  00000+0 0  9997
2 38251  56.4268 338.4430 0013872 254.7032 105.1752  1.86231738 76857
SES-5                   
1 38652U 12036A   23240.82144159  .00000023  00000+0  00000+0 0  9994
2 38652   0.0623 300.5733 0002409 215.0817 121.8154  1.00271295 34227
BEIDOU-2 M6             
1 38775U 12050B   23240.93332113  .00000021  00000+0  00000+0 0  9995
2 38775  55.6855  96.9819 0011880 339.2557  20.7925  1.86231169 74609
GSAT-10                 
1 38779U 12051B   23241.33863580 -.00000177  00000+0  00000+0 0  9995
2 38779   0.0751 273.7221 0001172 329.2014 299.2891  1.00271621 40032
NAVSTAR 67 (USA 239)    
1 38833U 12053A   23240.73586619  .00000004  00000+0  00000+0 0  9994
2 38833  53.5136 185.4625 0141516  51.8038 309.4312  2.00567007 78918
GSAT0103 (GALILEO-FM3)  
1 38857U 12055A   23239.12370705 -.00000004  00000+0  00000+0 0  9991
2 38857  55.2790 129.7191 0003019 269.0337  90.9927  1.70473610 67530
GSAT0104 (GALILEO-FM4)  
1 38858U 12055B   23239.09317360 -.00000004  00000+0  00000+0 0  9996
2 38858  55.2792 129.7217 0000501 262.1961  97.8592  1.70473865 67538
BEIDOU-2 G6             
1 38953U 12059A   23241.33889686 -.00000187  00000+0  00000+0 0  9993
2 38953   1.8089  81.9693 0007632 316.0799 145.2844  1.00269533 39790
LUCH-5B                 
1 38977U 12061A   23241.31888167 -.00000146  00000+0  00000+0 0  9998
2 38977   8.2408  59.1741 0006008 102.9405 273.6666  1.00270876 39920
COSMOS 2485             
1 39155U 13019A   23240.45740826  .00000036  00000+0  00000+0 0  9991
2 39155  64.9274 108.0895 0021793 229.0787 130.8246  2.13101893 80465
NAVSTAR 68 (USA 242)    
1 39166U 13023A   23240.59797567 -.00000028  00000+0  00000+0 0  9999
2 39166  55.3624 310.3880 0114138  41.7332 319.2015  2.00564159 75356
IRNSS-1A                
1 39199U 13034A   23240.61657951  .00000076  00000+0  00000+0 0  9994
2 39199  33.4077  78.7906 0019988 176.2405 358.5733  1.00277539 37103
NAVSTAR 69 (USA 248)    
1 39533U 14008A   23241.09471390  .00000007  00000+0  00000+0 0  9996
2 39533  53.6009 191.0046 0067263 215.7857 143.7307  2.00551276 69714
ASTRA 5B                
1 39617U 14011B   23241.06438260  .00000125  00000+0  00000+0 0  9990
2 39617   0.0724 303.9924 0002837 232.2782 207.3864  1.00270379 34610
COSMOS 2492             
1 39620U 14012A   23241.35135664 -.00000070  00000+0  00000+0 0  9999
2 39620  65.7700 348.4701 0011141 318.0476  41.8880  2.13103019 73448
IRNSS-1B                
1 39635U 14017A   23240.61657951  .00000124  00000+0  00000+0 0  9995
2 39635  28.7179 257.7772 0020054 191.6126 164.1730  1.00272494 34521
LUCH-5V                 
1 39727U 14023A   23241.22014187 -.00000281  00000+0  00000+0 0  9995
2 39727   2.5571  77.3029 0003104 119.9374 313.9159  1.00272715552255
NAVSTAR 70 (USA 251)    
1 39741U 14026A   23240.37920475 -.00000078  00000+0  00000+0 0  9999
2 39741  56.6958  11.2592 0028827 311.3088  48.4493  2.00557559 68000
COSMOS 2500             
1 40001U 14032A   23240.59621792 -.00000069  00000+0  00000+0 0  9991
2 40001  65.7084 348.3234 0007848 195.7714 164.2248  2.13105770 71646
NAVSTAR 71 (USA 256)    
1 40105U 14045A   23239.96531695 -.00000003  00000+0  00000+0 0  9999
2 40105  54.8101 129.3671 0024566 113.0797 247.2405  2.00577152 65533
GSAT0201 (GALILEO 5)    
1 40128U 14050A   23239.25807056 -.00000050  00000+0  00000+0 0  9991
2 40128  49.9425 314.8908 1609256 140.0683 232.9770  1.85519028 59300
GSAT0202 (GALILEO 6)    
1 40129U 14050B   23239.51748692 -.00000047  00000+0  00000+0 0  9997
2 40129  49.9616 313.9518 1607130 140.8892 231.9301  1.85519693 61477
IRNSS-1C                
1 40269U 14061A   23240.75465951 -.00000174  00000+0  00000+0 0  9997
2 40269   3.9476 112.9157 0020157  16.7087 201.7876  1.00271810 32424
NAVSTAR 72 (USA 258)    
1 40294U 14068A   23240.84088904  .00000006  00000+0  00000+0 0  9994
2 40294  56.1710  70.7148 0049050  61.6693 298.8957  2.00571297 64660
COSMOS 2501             
1 40315U 14075A   23240.37680543  .00000073  00000+0  00000+0 0  9995
2 40315  63.6408 225.9022 0020134 211.5602 148.3251  2.13101295 68036
NAVSTAR 73 (USA 260)    
1 40534U 15013A   23240.47779675  .00000063  00000+0  00000+0 0  9996
2 40534  53.4676 246.5744 0080072  25.1812 335.2406  2.00555041 61290
GSAT0203 (GALILEO 7)    
1 40544U 15017A   23239.45063386 -.00000079  00000+0  00000+0 0  9990
2 40544  56.9042   9.4866 0002822 222.2000 137.7808  1.70475995 51737
GSAT0204 (GALILEO 8)    
1 40545U 15017B   23240.29081842 -.00000082  00000+0  00000+0 0  9996
2 40545  56.9102   9.4781 0003240 204.0906 155.8945  1.70475576 14792
IRNSS-1D                
1 40547U 15018A   23240.48430514 -.00000262  00000+0  00000+0 0  9994
2 40547  28.0869 257.7506 0020419 191.6245 173.0969  1.00266646 30729
BEIDOU-3S IGSO-1S       
1 40549U 15019A   23241.11633641 -.00000148  00000+0  00000+0 0  9997
2 40549  51.1109 307.6467 0040784 195.8291 329.6613  1.00256941 30823
NAVSTAR 74 (USA 262)    
1 40730U 15033A   23241.13802569 -.00000027  00000+0  00000+0 0  9990
2 40730  54.8505 308.9833 0085017  13.9867 346.3205  2.00555497 59499
BEIDOU-3S M2S           
1 40748U 15037A   23240.88917456 -.00000081  00000+0  00000+0 0  9996
2 40748  55.6662 336.9861 0010962 240.1050 119.8220  1.86233049 55066
BEIDOU-3S M1S           
1 40749U 15037B   23240.62231794 -.00000080  00000+0  00000+0 0  9992
2 40749  55.6694 336.9815 0002877 305.0252  54.9830  1.86232749 55064
GSAT0205 (GALILEO 9)    
1 40889U 15045A   23241.23195039  .00000059  00000+0  00000+0 0  9990
2 40889  55.3668 249.8649 0003325 357.7390   2.2950  1.70473363 49570
GSAT0206 (GALILEO 10)   
1 40890U 15045B   23240.27947809  .00000067  00000+0  00000+0 0  9994
2 40890  55.3664 249.8868 0002372 323.0979  36.9274  1.70473361 49583
BEIDOU-3S IGSO-2S       
1 40938U 15053A   23241.43332338 -.00000084  00000+0  00000+0 0  9990
2 40938  50.8182 270.8137 0047888 194.4491 123.9333  1.00284308 29095
NAVSTAR 75 (USA 265)    
1 41019U 15062A   23240.69232362  .00000006  00000+0  00000+0 0  9997
2 41019  56.1552  70.5704 0088825 221.0200 138.3773  2.00562196 57300
GSAT-15                 
1 41028U 15065A   23241.12576858 -.00000269  00000+0  00000+0 0  9992
2 41028   0.0774 274.8594 0002163 207.4937 353.4906  1.00269617 28606
GSAT0209 (GALILEO 12)   
1 41174U 15079A   23239.86457578 -.00000004  00000+0  00000+0 0  9991
2 41174  55.2970 129.4056 0003323 327.9604  32.0839  1.70473938 47318
GSAT0208 (GALILEO 11)   
1 41175U 15079B   23240.67078520 -.00000002  00000+0  00000+0 0  9997
2 41175  55.2954 129.3815 0002576 333.2048  26.8508  1.70473776 47903
IRNSS-1E                
1 41241U 16003A   23240.48430514 -.00000301  00000+0  00000+0 0  9995
2 41241  30.9602  77.8991 0019930 173.7628  10.9027  1.00268412 27812
NAVSTAR 76 (USA 266)    
1 41328U 16007A   23240.28624240 -.00000001  00000+0  00000+0 0  9991
2 41328  55.0146 130.1309 0071324 233.9526 125.4459  2.00575792 55316
COSMOS 2514             
1 41330U 16008A   23241.29660091 -.00000070  00000+0  00000+0 0  9997
2 41330  65.5054 347.8827 0011538 205.8630 154.1012  2.13102558 58823
IRNSS-1F                
1 41384U 16015A   23241.25695578  .00000146  00000+0  00000+0 0  9991
2 41384   2.9201 130.1129 0018252 176.9208 154.9598  1.00267857 27404
BEIDOU-2 IGSO-6         
1 41434U 16021A   23240.92757647 -.00000131  00000+0  00000+0 0  9998
2 41434  58.7433  48.3306 0047099 217.6327 141.0891  1.00283821 27210
IRNSS-1G                
1 41469U 16027A   23240.84624303 -.00000347  00000+0  00000+0 0  9994
2 41469   2.8116 131.8367 0003752 358.0635 281.0759  1.00266914 26919
GSAT0211 (GALILEO 14)   
1 41549U 16030A   23239.61857415  .00000072  00000+0  00000+0 0  9996
2 41549  55.5140 249.8845 0003936 307.4935  52.5153  1.70473479 45201
GSAT0210 (GALILEO 13)   
1 41550U 16030B   23241.08326791  .00000061  00000+0  00000+0 0  9998
2 41550  55.5125 249.8453 0004214 273.6480  86.3404  1.70473543 45206
COSMOS 2516             
1 41554U 16032A   23240.94224455  .00000065  00000+0  00000+0 0  9996
2 41554  63.8673 226.2815 0015509 214.6901 145.2120  2.13106378 56426
BEIDOU-2 G7             
1 41586U 16037A   23241.16006090 -.00000366  00000+0  00000+0 0  9999
2 41586   1.8547  68.3500 0007562 348.0478  88.8818  1.00273781 26522
EUTELSAT 117 WEST B     
1 41589U 16038B   23241.01219512 -.00000023  00000+0  00000+0 0  9992
2 41589   0.0087 315.8187 0000225 337.3431 291.1859  1.00271527 26446
GSAT0207 (GALILEO 15)   
1 41859U 16069A   23238.39866786 -.00000004  00000+0  00000+0 0  9993
2 41859  54.9589 129.5201 0003323 307.1286  52.9007  1.70473805 41910
GSAT0212 (GALILEO 16)   
1 41860U 16069B   23239.42650840 -.00000005  00000+0  00000+0 0  9993
2 41860  54.9569 129.4883 0002568 348.4940  11.5624  1.70474049 42187
GSAT0213 (GALILEO 17)   
1 41861U 16069C   23239.20593235 -.00000005  00000+0  00000+0 0  9994
2 41861  54.9592 129.5005 0002978 279.6844  80.3433  1.70472670 42049
GSAT0214 (GALILEO 18)   
1 41862U 16069D   23239.93975426 -.00000004  00000+0  00000+0 0  9990
2 41862  54.9581 129.4741 0002086 288.5937  71.4480  1.70472625 42184
SES-15                  
1 42709U 17026A   23241.00975848  .00000049  00000+0  00000+0 0  9992
2 42709   0.0224  42.5104 0000505 100.3848  68.4183  1.00268217 23925
QZS-2 (MICHIBIKI-2)     
1 42738U 17028A   23239.91533125 -.00000097  00000+0  00000+0 0  9995
2 42738  41.0556 257.9711 0752927 269.9844 278.8095  1.00266959 22879
QZS-3 (MICHIBIKI-3)     
1 42917U 17048A   23240.98913413 -.00000359  00000+0  00000+0 0  9998
2 42917   0.0735 221.6804 0002125 307.8318 290.5303  1.00274926 22101
COSMOS 2522             
1 42939U 17055A   23241.13842822  .00000064  00000+0  00000+0 0  9995
2 42939  64.1015 226.7982 0009983 243.3050 116.5955  2.13101940 46179
QZS-4 (MICHIBIKI-4)     
1 42965U 17062A   23241.20465519 -.00000316  00000+0  00000+0 0  9995
2 42965  40.6386 356.5246 0747245 269.1618 284.4517  1.00281887 21546
BEIDOU-3 M1             
1 43001U 17069A   23240.69966688  .00000020  00000+0  00000+0 0  9990
2 43001  55.8365  97.0482 0008043 301.7019  58.3153  1.86231358 39541
BEIDOU-3 M2             
1 43002U 17069B   23241.17333802  .00000022  00000+0  00000+0 0  9993
2 43002  55.8364  97.0681 0006516 333.6689  26.3950  1.86231068 39540
GSAT0215 (GALILEO 19)   
1 43055U 17079A   23240.42856103  .00000067  00000+0  00000+0 0  9992
2 43055  55.4900 249.6883 0003759 267.8490  92.1485  1.70474097 35536
GSAT0216 (GALILEO 20)   
1 43056U 17079B   23237.20099100  .00000076  00000+0  00000+0 0  9991
2 43056  55.4917 249.7772 0005326 273.3466  86.6371  1.70474333 35490
GSAT0217 (GALILEO 21)   
1 43057U 17079C   23240.35425400  .00000067  00000+0  00000+0 0  9998
2 43057  55.4893 249.6891 0004656 284.4093  75.5799  1.70474232 35533
GSAT0218 (GALILEO 22)   
1 43058U 17079D   23241.16088268  .00000060  00000+0  00000+0 0  9999
2 43058  55.4882 249.6645 0005768 271.1259  88.8436  1.70474166 35543
BEIDOU-3 M7             
1 43107U 18003A   23240.92415017 -.00000082  00000+0  00000+0 0  9996
2 43107  55.1222 337.7044 0003680  78.7859 281.2900  1.86232324 38300
BEIDOU-3 M8             
1 43108U 18003B   23241.39915503 -.00000083  00000+0  00000+0 0  9995
2 43108  55.1150 337.6751 0003821 241.7082 118.2889  1.86230800 38315
BEIDOU-3 M4             
1 43207U 18018A   23240.23072279  .00000018  00000+0  00000+0 0  9994
2 43207  55.7949  97.1631 0004990  10.3422 349.7622  1.86231302 37670
BEIDOU-3 M3             
1 43208U 18018B   23240.29737267  .00000018  00000+0  00000+0 0  9996
2 43208  55.7944  97.1653 0006075 318.5744  41.4738  1.86231184 37678
BEIDOU-3 M9             
1 43245U 18029A   23240.52020290 -.00000079  00000+0  00000+0 0  9994
2 43245  55.0173 335.4530 0001246 205.4010 154.6301  1.86232300 36834
BEIDOU-3 M10            
1 43246U 18029B   23240.45024989 -.00000079  00000+0  00000+0 0  9996
2 43246  55.0144 335.4837 0002708   1.0139 359.0237  1.86232804 36815
IRNSS-1I                
1 43286U 18035A   23239.68472135  .00000077  00000+0  00000+0 0  9997
2 43286  29.2315  90.3161 0019069 176.8962  10.0757  1.00269076 19798
COSMOS 2527             
1 43508U 18053A   23241.09715110  .00000040  00000+0  00000+0 0  9995
2 43508  65.0891 108.1593 0007370 221.1363 138.9030  2.13102343 40471
BEIDOU-2 IGSO-7         
1 43539U 18057A   23240.60258769 -.00000171  00000+0  00000+0 0  9997
2 43539  55.1212 171.9184 0064574 231.3305 263.2910  1.00285447 18885
GSAT0221 (GALILEO 25)   
1 43564U 18060A   23239.30082196 -.00000077  00000+0  00000+0 0  9998
2 43564  57.2847   9.4169 0002401 252.8311 107.1454  1.70475940 31693
GSAT0222 (GALILEO 26)   
1 43565U 18060B   23240.10547790 -.00000081  00000+0  00000+0 0  9990
2 43565  57.2882   9.3963 0003146 206.6357 153.3488  1.70475666 31750
GSAT0219 (GALILEO 23)   
1 43566U 18060C   23240.91439958 -.00000084  00000+0  00000+0 0  9999
2 43566  57.2875   9.3765 0001513 256.1429 103.8388  1.70475904 31742
GSAT0220 (GALILEO 24)   
1 43567U 18060D   23238.78847856 -.00000076  00000+0  00000+0 0  9993
2 43567  57.2869   9.4346 0001742 248.2487 111.7368  1.70475627 31694
BEIDOU-3 M5             
1 43581U 18062A   23241.20748612  .00000039  00000+0  00000+0 0  9990
2 43581  54.1796 217.1213 0005436 278.9611  80.9513  1.86231756 34589
BEIDOU-3 M6             
1 43582U 18062B   23241.07333406  .00000040  00000+0  00000+0 0  9999
2 43582  54.1792 217.1155 0004919 352.5447   7.4228  1.86229559 34587
BEIDOU-3 M12            
1 43602U 18067A   23240.47275063  .00000047  00000+0  00000+0 0  9991
2 43602  54.2666 215.7906 0006901  11.2276 348.7653  1.86231471 34052
BEIDOU-3 M11            
1 43603U 18067B   23241.14351420  .00000038  00000+0  00000+0 0  9999
2 43603  54.2636 215.7335 0004053 354.6297   5.3386  1.86231418 34093
BEIDOU-3 M13            
1 43622U 18072A   23241.10237803  .00000022  00000+0  00000+0 0  9993
2 43622  55.7654  96.6738 0004727 300.1796  59.8701  1.86231538 33605
BEIDOU-3 M14            
1 43623U 18072B   23240.96783362  .00000021  00000+0  00000+0 0  9992
2 43623  55.7671  96.6710 0003322 345.5991  14.4878  1.86231557 33608
BEIDOU-3 M16            
1 43647U 18078A   23240.05611263 -.00000079  00000+0  00000+0 0  9998
2 43647  54.9135 335.5917 0005974  11.2691 348.7804  1.86227120 33088
BEIDOU-3 M15            
1 43648U 18078B   23240.18692245 -.00000079  00000+0  00000+0 0  9992
2 43648  54.9090 335.5911 0002931  26.6442 333.4073  1.86232138 33115
BEIDOU-3 G1             
1 43683U 18085A   23240.84833157 -.00000290  00000+0  00000+0 0  9996
2 43683   1.4991 124.8590 0003179 349.7383 307.6662  1.00269340 17795
COSMOS 2529             
1 43687U 18086A   23241.19641331  .00000064  00000+0  00000+0 0  9999
2 43687  64.3167 227.2299 0011615 261.9779  97.8935  2.13102011 37489
BEIDOU-3 M17            
1 43706U 18093A   23240.33500988  .00000051  00000+0  00000+0 0  9992
2 43706  54.2621 217.0680 0010519 279.2602  80.6010  1.86231865 32471
BEIDOU-3 M18            
1 43707U 18093B   23241.27478305  .00000038  00000+0  00000+0 0  9999
2 43707  54.2627 217.0275 0008639 303.5548  56.3360  1.86229659 32485
NAVSTAR 77 (USA 289)    
1 43873U 18109A   23240.16843016 -.00000003  00000+0  00000+0 0  9996
2 43873  55.1906 132.6492 0025551 191.4250 339.0840  2.00568376 34539
BEIDOU-3 IGSO-1         
1 44204U 19023A   23240.33170841 -.00000187  00000+0  00000+0 0  9992
2 44204  57.2084  48.3167 0023503 193.8045 333.1303  1.00284180 16078
BEIDOU-2 G8             
1 44231U 19027A   23241.41072926 -.00000259  00000+0  00000+0 0  9991
2 44231   1.9395  81.1598 0006072 124.5796  64.0168  1.00272869 15819
COSMOS 2534             
1 44299U 19030A   23241.19388448  .00000064  00000+0  00000+0 0  9996
2 44299  64.3893 227.1558 0013708 280.8157 211.4047  2.13101863 33137
BEIDOU-3 IGSO-2         
1 44337U 19035A   23240.70090441 -.00000177  00000+0  00000+0 0  9999
2 44337  55.1539 167.8512 0033139 197.2669 343.5800  1.00276424 15409
NAVSTAR 78 (USA 293)    
1 44506U 19056A   23240.78604983 -.00000080  00000+0  00000+0 0  9993
2 44506  55.8203  11.7004 0036660 184.5587 331.6577  2.00565180 29545
BEIDOU-3 M24            
1 44542U 19061A   23241.34654921  .00000038  00000+0  00000+0 0  9991
2 44542  54.4892 217.2620 0008355 337.4262  22.5102  1.86231393 26748
BEIDOU-3 M23            
1 44543U 19061B   23240.58429837  .00000048  00000+0  00000+0 0  9994
2 44543  54.4875 217.2572 0005951 320.5070 160.2580  1.86231649 26738
BEIDOU-3 IGSO-3         
1 44709U 19073A   23239.54659779 -.00000146  00000+0  00000+0 0  9995
2 44709  56.5462 291.8342 0035287 189.3278 170.7304  1.00284594 14185
BEIDOU-3 M22            
1 44793U 19078A   23236.82124944 -.00000080  00000+0  00000+0 0  9999
2 44793  54.7637 335.6725 0005013  20.5342 289.2167  1.86232622 25517
BEIDOU-3 M21            
1 44794U 19078B   23241.32247510 -.00000080  00000+0  00000+0 0  9996
2 44794  54.7349 335.4982 0002813  13.9286 346.1178  1.86232532 25604
COSMOS 2544             
1 44850U 19088A   23241.04087222  .00000040  00000+0  00000+0 0  9996
2 44850  65.0750 108.0042 0011543 253.4426 106.5253  2.13102103 28893
BEIDOU-3 M19            
1 44864U 19090A   23239.23811713  .00000011  00000+0  00000+0 0  9990
2 44864  55.6978  96.9241 0015695 276.1688 320.2288  1.86231647 25148
BEIDOU-3 M20            
1 44865U 19090B   23241.17271360  .00000022  00000+0  00000+0 0  9997
2 44865  55.7012  96.8916 0013592 291.1712 252.0670  1.86231542 25169
BEIDOU-3 G2             
1 45344U 20017A   23240.83640948 -.00000150  00000+0  00000+0 0  9998
2 45344   2.0440  15.8131 0003457 145.6789 196.4360  1.00270019 12990
COSMOS 2545             
1 45358U 20018A   23241.23761305 -.00000071  00000+0  00000+0 0  9992
2 45358  64.8457 348.1348 0009622 236.3884 123.5414  2.13102439 26862
BEIDOU-3 G3             
1 45807U 20040A   23241.34411822 -.00000364  00000+0  00000+0 0  9999
2 45807   0.6212 342.3886 0004706 346.8242 242.3517  1.00263721 11825
NAVSTAR 79 (USA 304)    
1 45854U 20041A   23240.65017024  .00000004  00000+0  00000+0 0  9991
2 45854  55.8762  68.9876 0035871 186.0178 175.5019  2.00563506 23516
GALAXY 30 (G-30)        
1 46114U 20056C   23241.01062872  .00000026  00000+0  00000+0 0  9993
2 46114   0.0201 116.8222 0002229  38.6963  60.2663  1.00270103 11147
COSMOS 2547             
1 46805U 20075A   23240.01890017  .00000080  00000+0  00000+0 0  9990
2 46805  64.6167 226.7495 0008669 244.0369 115.8839  2.13102900 22082
NAVSTAR 80 (USA 309)    
1 46826U 20078A   23240.68419608  .00000062  00000+0  00000+0 0  9992
2 46826  54.3156 252.3348 0035708 194.7059 166.8407  2.00562622 20983
NAVSTAR 81 (USA 319)    
1 48859U 21054A   23241.38585303 -.00000082  00000+0  00000+0 0  9992
2 48859  55.3378  13.4653 0011882 209.9215 120.3791  2.00573697 16231
QZS-1R                  
1 49336U 21096A   23223.74525463 -.00000331  00000+0  00000+0 0  9997
2 49336  35.3005  95.2790 0740332 268.7858 355.3268  1.00301615  6575
GSAT0223 (GALILEO 27)   
1 49809U 21116A   23238.65019376 -.00000075  00000+0  00000+0 0  9997
2 49809  57.2780   9.3343 0003262 169.0253 196.3634  1.70475850 10709
GSAT0224 (GALILEO 28)   
1 49810U 21116B   23239.63295485 -.00000079  00000+0  00000+0 0  9999
2 49810  57.2795   9.3060 0002869 158.3360 202.6770  1.70475810 10747
COSMOS 2557             
1 52984U 22075A   23241.11988503 -.00000072  00000+0  00000+0 0  9999
2 52984  64.7622 350.2986 0011592 275.9832  83.9035  2.13102156  8898
COSMOS 2559             
1 54031U 22130A   23240.12331053 -.00000070  00000+0  00000+0 0  9996
2 54031  64.7337 350.4612 0006915 215.3889 144.5835  2.13101389  6861
COSMOS 2564             
1 54377U 22161A   23240.78579115  .00000070  00000+0  00000+0 0  9997
2 54377  64.7573 226.7756 0011066 226.7062 133.2071  2.13102093  5827
NAVSTAR 82 (USA 343)    
1 55268U 23009A   23240.61986538  .00000009  00000+0  00000+0 0  9994
2 55268  55.0911 188.6773 0004283  91.9624  87.0367  2.00556038  4719
BEIDOU-3 G4             
1 56564U 23066A   23240.92395421 -.00000123  00000+0  00000+0 0  9994
2 56564   2.8619 288.8221 0007331 208.0451 332.5748  1.00272558  1147
IRNSS-1J (NVS-01)       
1 56759U 23076A   23240.84624303 -.00000350  00000+0  00000+0 0  9998
2 56759   4.7581 272.1899 0005820 338.4158 160.2175  1.00264052   859
