NAVSTAR 43 (USA 132)    
1 24876U 97035A   23304.93298883  .00000033  00000+0  00000+0 0  9997
2 24876  55.6030 136.0936 0074689  53.4163 307.3203  2.00564556192713
NAVSTAR 47 (USA 150)    
1 26360U 00025A   23305.80004303 -.00000064  00000+0  00000+0 0  9994
2 26360  54.4818  58.2104 0041842 203.0252 153.7515  2.00566739172041
NAVSTAR 51 (USA 166)    
1 27663U 03005A   23305.83881628 -.00000008  00000+0  00000+0 0  9996
2 27663  55.2156 253.0835 0134241  45.0888 318.4757  2.00562640152091
NAVSTAR 52 (USA 168)    
1 27704U 03010A   23305.03210221 -.00000108  00000+0  00000+0 0  9996
2 27704  55.1151   3.0420 0250297 319.9919  40.0734  2.00553825150874
NAVSTAR 54 (USA 177)    
1 28190U 04009A   23305.85523689 -.00000058  00000+0  00000+0 0  9994
2 28190  55.6455 314.1408 0092236 141.0324  31.0235  2.00565544143722
NAVSTAR 56 (USA 180)    
1 28474U 04045A   23305.53730059 -.00000108  00000+0  00000+0 0  9991
2 28474  55.4426   3.3629 0163988 284.0965  71.9144  2.00556894139193
ANIK F1R                
1 28868U 05036A   23305.62747102 -.00000073  00000+0  00000+0 0  9997
2 28868   1.8398  88.2821 0001362 124.8757 306.1205  1.00272374 36842
NAVSTAR 57 (USA 183)    
1 28874U 05038A   23305.08682243 -.00000058  00000+0  00000+0 0  9993
2 28874  55.6964 311.6250 0140442 280.6446  79.5757  2.00571567132604
INMARSAT 4-F2           
1 28899U 05044A   23305.54775064 -.00000337  00000+0  00000+0 0  9992
2 28899   3.9341  41.2374 0004086 206.9913 105.4212  1.00832811 65906
NAVSTAR 58 (USA 190)    
1 29486U 06042A   23305.74896400  .00000008  00000+0  00000+0 0  9998
2 29486  54.6794 189.3409 0104389  34.1523 345.0383  2.00566814125177
NAVSTAR 59 (USA 192)    
1 29601U 06052A   23305.14864840 -.00000008  00000+0  00000+0 0  9996
2 29601  55.2387 252.0741 0084446  79.5489 281.3911  2.00552656124170
NAVSTAR 60 (USA 196)    
1 32260U 07047A   23304.96453485  .00000020  00000+0  00000+0 0  9997
2 32260  53.4931 119.7515 0152895  72.0292 289.6538  2.00548778117574
COSMOS 2433             
1 32275U 07052A   23305.22057736 -.00000075  00000+0  00000+0 0  9999
2 32275  66.0061 348.0104 0005315 243.1070 116.9019  2.13104110124626
COSMOS 2432             
1 32276U 07052B   23305.76473184 -.00000075  00000+0  00000+0 0  9998
2 32276  66.0204 348.1020 0010288 311.4469  52.8993  2.13103292124663
NAVSTAR 61 (USA 199)    
1 32384U 07062A   23305.50098955 -.00000057  00000+0  00000+0 0  9990
2 32384  55.8295 312.4384 0024213 152.3687   6.8003  2.00561710116282
COSMOS 2434             
1 32393U 07065A   23305.63682661  .00000008  00000+0  00000+0 0  9995
2 32393  64.3305 224.3268 0002461  69.3986 141.3147  2.13103090123347
COSMOS 2436             
1 32395U 07065C   23304.95518647  .00000012  00000+0  00000+0 0  9998
2 32395  64.3393 224.4122 0016487   0.2958 182.9278  2.13102703123281
NAVSTAR 62 (USA 201)    
1 32711U 08012A   23304.87665437  .00000019  00000+0  00000+0 0  9991
2 32711  54.4477 188.1931 0177919 236.1872 122.1917  2.00559200114519
NAVSTAR 64 (USA 206)    
1 35752U 09043A   23305.77428611 -.00000050  00000+0  00000+0 0  9991
2 35752  55.4838  65.3851 0057159  70.2757 233.9679  2.00554671104138
COSMOS 2456             
1 36111U 09070A   23303.80779241  .00000023  00000+0  00000+0 0  9990
2 36111  64.5154 103.8667 0001228 328.4363  77.4422  2.13099080107963
COSMOS 2457             
1 36112U 09070B   23305.23821604  .00000027  00000+0  00000+0 0  9995
2 36112  64.5001 103.6815 0006569 149.6096  44.8685  2.13101292107998
COSMOS 2460             
1 36402U 10007C   23305.09181508 -.00000073  00000+0  00000+0 0  9997
2 36402  65.8675 346.7202 0002386 246.6738 184.5614  2.13106279106291
NAVSTAR 65 (USA 213)    
1 36585U 10022A   23305.46361373 -.00000007  00000+0  00000+0 0  9994
2 36585  54.5393 247.2400 0111718  59.8191 138.3563  2.00564935 98368
BEIDOU-2 IGSO-1         
1 36828U 10036A   23305.71258934 -.00000086  00000+0  00000+0 0  9992
2 36828  54.2334 171.6385 0037801 191.4685  40.4181  1.00293875 48593
QZS-1 (MICHIBIKI-1)     
1 37158U 10045A   23304.83483878  .00000024  00000+0  00000+0 0  9999
2 37158  42.9481 127.0183 0004028 111.7676 244.1764  0.87715658 47982
BEIDOU-2 G4             
1 37210U 10057A   23305.65510334 -.00000111  00000+0  00000+0 0  9998
2 37210   1.3080  63.3576 0007920 171.9279 201.2665  1.00271804 47681
BEIDOU-2 IGSO-2         
1 37256U 10068A   23305.62023220 -.00000204  00000+0  00000+0 0  9993
2 37256  49.3054 283.5980 0031272 213.8954 234.3548  1.00264968 47187
BEIDOU-2 IGSO-3         
1 37384U 11013A   23305.63261944 -.00000197  00000+0  00000+0 0  9995
2 37384  61.0243  49.3304 0028042 179.1282 147.5449  1.00266913 46048
GSAT-8                  
1 37605U 11022A   23305.52549404  .00000085  00000+0  00000+0 0  9994
2 37605   0.0041 203.1672 0008334  50.7874  30.8788  1.00273136 45622
NAVSTAR 66 (USA 232)    
1 37753U 11036A   23305.55535793 -.00000107  00000+0  00000+0 0  9998
2 37753  56.7503   9.2108 0126882  56.2600 294.7321  2.00569101 90044
BEIDOU-2 IGSO-4         
1 37763U 11038A   23305.70432545 -.00000050  00000+0  00000+0 0  9996
2 37763  54.5068 174.1928 0112023 227.3257 347.1432  1.00262384 45037
GSAT0101 (GALILEO-PFM)  
1 37846U 11060A   23304.78207539 -.00000105  00000+0  00000+0 0  9994
2 37846  57.1145   7.7443 0000769 318.7648  41.2851  1.70475910 74766
GSAT0102 (GALILEO-FM2)  
1 37847U 11060B   23305.30585221 -.00000106  00000+0  00000+0 0  9992
2 37847  57.1151   7.7301 0002732 298.9077  68.7460  1.70475309 74788
COSMOS 2476             
1 37867U 11064A   23305.06496917  .00000028  00000+0  00000+0 0  9996
2 37867  64.7946 105.3726 0021623 230.0867 330.0497  2.13101714 93326
COSMOS 2477             
1 37868U 11064B   23305.52015170  .00000031  00000+0  00000+0 0  9990
2 37868  64.8019 105.4273 0018832 230.1133 137.0795  2.13101576 93335
COSMOS 2475             
1 37869U 11064C   23305.56810764  .00000031  00000+0  00000+0 0  9997
2 37869  64.8092 105.4384 0022763 248.4289 114.0951  2.13101849 93345
BEIDOU-2 IGSO-5         
1 37948U 11073A   23304.39910571 -.00000156  00000+0  00000+0 0  9991
2 37948  49.4335 283.2834 0094291 221.0458 133.0160  1.00259552 43772
LUCH-5A                 
1 37951U 11074B   23305.65549913 -.00000045  00000+0  00000+0 0  9991
2 37951   6.2940  88.6986 0004087 118.4488 236.4953  1.00273815 43439
BEIDOU-2 G5             
1 38091U 12008A   23305.53451689  .00000058  00000+0  00000+0 0  9997
2 38091   1.8491  69.3151 0007279 188.8971  33.4670  1.00269987 42751
BEIDOU-2 M3             
1 38250U 12018A   23305.18963127 -.00000093  00000+0  00000+0 0  9991
2 38250  56.4794 336.9543 0025283 259.3124 100.4500  1.86231216 78087
BEIDOU-2 M4             
1 38251U 12018B   23305.12082653 -.00000093  00000+0  00000+0 0  9992
2 38251  56.3894 336.2453 0016187 260.7121  99.1514  1.86231935 78084
SES-5                   
1 38652U 12036A   23305.59543275  .00000034  00000+0  00000+0 0  9994
2 38652   0.0431 301.6503 0002230 286.3651  31.9620  1.00272305 34873
BEIDOU-2 M6             
1 38775U 12050B   23304.83049190 -.00000005  00000+0  00000+0 0  9998
2 38775  55.7366  94.8403 0010554 338.0245  21.9127  1.86231169 75441
GSAT-10                 
1 38779U 12051B   23305.65624278 -.00000165  00000+0  00000+0 0  9997
2 38779   0.0093 237.0640 0004442  15.1461 107.7478  1.00272503 40505
NAVSTAR 67 (USA 239)    
1 38833U 12053A   23305.05105705  .00000018  00000+0  00000+0 0  9999
2 38833  53.5097 182.8344 0145724  53.1617 308.2566  2.00568178 80209
GSAT0103 (GALILEO-FM3)  
1 38857U 12055A   23305.40775121  .00000044  00000+0  00000+0 0  9990
2 38857  55.3071 127.8953 0002085 239.0991 120.9138  1.70473687 68660
GSAT0104 (GALILEO-FM4)  
1 38858U 12055B   23304.79054386  .00000043  00000+0  00000+0 0  9994
2 38858  55.3070 127.9138 0001434 144.6125 215.4327  1.70473926 68658
BEIDOU-2 G6             
1 38953U 12059A   23305.53042693 -.00000175  00000+0  00000+0 0  9992
2 38953   1.9747  81.7127 0007047 294.8392 298.9393  1.00274554 40295
LUCH-5B                 
1 38977U 12061A   23305.59125567 -.00000135  00000+0  00000+0 0  9995
2 38977   8.3857  58.6415 0005526 144.2465  34.2960  1.00271718 40005
COSMOS 2485             
1 39155U 13019A   23304.27671940  .00000027  00000+0  00000+0 0  9992
2 39155  64.9541 105.9352 0022152 226.1212 133.6958  2.13101812 81820
NAVSTAR 68 (USA 242)    
1 39166U 13023A   23305.91177529 -.00000050  00000+0  00000+0 0  9992
2 39166  55.3103 307.7649 0115998  41.5326 319.3546  2.00564225 76666
IRNSS-1A                
1 39199U 13034A   23305.78168078  .00000084  00000+0  00000+0 0  9990
2 39199  33.5593  77.8260 0022165 180.5270 118.8024  1.00271940 37750
NAVSTAR 69 (USA 248)    
1 39533U 14008A   23305.41449524  .00000011  00000+0  00000+0 0  9992
2 39533  53.5958 188.3855 0067061 215.3384 144.2995  2.00554981 70458
ASTRA 5B                
1 39617U 14011B   23305.59917472  .00000137  00000+0  00000+0 0  9999
2 39617   0.0701 304.5104 0004203 292.0570  43.2970  1.00272877 35059
COSMOS 2492             
1 39620U 14012A   23305.64006874 -.00000074  00000+0  00000+0 0  9996
2 39620  65.7506 346.3119 0013448 310.7001  49.2448  2.13103168 74816
IRNSS-1B                
1 39635U 14017A   23305.42618538  .00000094  00000+0  00000+0 0  9990
2 39635  28.5912 256.6902 0018305 188.3734 163.8483  1.00274387 35177
LUCH-5V                 
1 39727U 14023A   23305.59711701 -.00000268  00000+0  00000+0 0  9997
2 39727   2.7225  77.0558 0004494 172.1672 101.1165  1.00269766 34747
NAVSTAR 70 (USA 251)    
1 39741U 14026A   23305.69646068 -.00000108  00000+0  00000+0 0  9993
2 39741  56.7018   8.7272 0031062 309.4530  50.3255  2.00553094 69312
COSMOS 2500             
1 40001U 14032A   23305.35332851 -.00000074  00000+0  00000+0 0  9998
2 40001  65.6888 346.1446 0008586 214.5297 145.4762  2.13105986 73029
NAVSTAR 71 (USA 256)    
1 40105U 14045A   23304.78255176  .00000028  00000+0  00000+0 0  9995
2 40105  54.8361 126.7760 0027483 114.9313 245.3895  2.00550694 66834
GSAT0201 (GALILEO 5)    
1 40128U 14050A   23305.01537053 -.00000081  00000+0  00000+0 0  9990
2 40128  49.8839 312.2580 1606976 142.5584 229.8165  1.85519514 60528
GSAT0202 (GALILEO 6)    
1 40129U 14050B   23304.73555487 -.00000081  00000+0  00000+0 0  9990
2 40129  49.9028 311.3418 1605006 143.3576 228.7879  1.85520144 62683
IRNSS-1C                
1 40269U 14061A   23305.52944295 -.00000160  00000+0  00000+0 0  9992
2 40269   4.1037 110.9484 0018890   6.2327 197.0051  1.00274077 33075
NAVSTAR 72 (USA 258)    
1 40294U 14068A   23305.65324319 -.00000044  00000+0  00000+0 0  9991
2 40294  56.2283  68.1759 0048877  62.8645 297.6187  2.00575653 65989
COSMOS 2501             
1 40315U 14075A   23305.13468599  .00000011  00000+0  00000+0 0  9998
2 40315  63.6335 223.6471 0018902 208.3132 151.6177  2.13101232 69418
NAVSTAR 73 (USA 260)    
1 40534U 15013A   23305.79462152 -.00000009  00000+0  00000+0 0  9993
2 40534  53.4372 243.8682 0083474  26.5462 333.8805  2.00551069 62608
GSAT0203 (GALILEO 7)    
1 40544U 15017A   23305.14797581 -.00000106  00000+0  00000+0 0  9992
2 40544  56.9114   7.6995 0003030 230.1611 129.8676  1.70476093 52857
GSAT0204 (GALILEO 8)    
1 40545U 15017B   23304.22861427 -.00000105  00000+0  00000+0 0  9991
2 40545  56.9160   7.7390 0004848 233.3872 126.6237  1.70475690 15883
IRNSS-1D                
1 40547U 15018A   23304.79771434 -.00000294  00000+0  00000+0 0  9993
2 40547  27.9571 256.6633 0018717 184.7251 357.4784  1.00273194 31364
BEIDOU-3S IGSO-1S       
1 40549U 15019A   23305.59581382 -.00000153  00000+0  00000+0 0  9990
2 40549  50.9960 306.8836 0037344 195.6672 203.6830  1.00298726 31465
NAVSTAR 74 (USA 262)    
1 40730U 15033A   23304.95925330 -.00000054  00000+0  00000+0 0  9992
2 40730  54.7984 306.3893 0087727  14.1825 346.0699  2.00552118 60756
BEIDOU-3S M2S           
1 40748U 15037A   23305.32302577 -.00000092  00000+0  00000+0 0  9991
2 40748  55.6282 334.8020 0012887 250.3528 109.5521  1.86233154 56269
BEIDOU-3S M1S           
1 40749U 15037B   23304.51930754 -.00000093  00000+0  00000+0 0  9997
2 40749  55.6317 334.8157 0005515 298.5169  61.4734  1.86232917 56241
GSAT0205 (GALILEO 9)    
1 40889U 15045A   23303.99668783 -.00000018  00000+0  00000+0 0  9999
2 40889  55.3340 248.1320 0004628  12.1225 347.8672  1.70472944 50644
GSAT0206 (GALILEO 10)   
1 40890U 15045B   23304.80395542 -.00000017  00000+0  00000+0 0  9991
2 40890  55.3325 248.1053 0003023 355.9181   4.0632  1.70472974 50684
BEIDOU-3S IGSO-2S       
1 40938U 15053A   23304.96904125 -.00000148  00000+0  00000+0 0  9998
2 40938  50.7222 270.0747 0047283 194.3427  20.8907  1.00269833 29734
NAVSTAR 75 (USA 265)    
1 41019U 15062A   23305.50826096 -.00000045  00000+0  00000+0 0  9996
2 41019  56.2112  68.0328 0091785 221.7510 137.5337  2.00562252 58601
GSAT-15                 
1 41028U 15065A   23305.53532926 -.00000258  00000+0  00000+0 0  9994
2 41028   0.0430 264.3124 0003568 301.1051 121.3735  1.00270404 29189
GSAT0209 (GALILEO 12)   
1 41174U 15079A   23304.97528479  .00000043  00000+0  00000+0 0  9997
2 41174  55.3247 127.6146 0001881 346.9538  13.0755  1.70474400 48424
GSAT0208 (GALILEO 11)   
1 41175U 15079B   23305.19492999  .00000043  00000+0  00000+0 0  9990
2 41175  55.3238 127.6068 0001401   4.7245 355.3102  1.70474259 48846
IRNSS-1E                
1 41241U 16003A   23304.79771434 -.00000292  00000+0  00000+0 0  9998
2 41241  31.1105  76.9289 0021552 181.6226 180.1046  1.00265321 28467
NAVSTAR 76 (USA 266)    
1 41328U 16007A   23304.59933167  .00000029  00000+0  00000+0 0  9996
2 41328  55.0386 127.5745 0072574 233.5886 125.7763  2.00573038 56592
COSMOS 2514             
1 41330U 16008A   23305.58541775 -.00000074  00000+0  00000+0 0  9991
2 41330  65.4855 345.7035 0012553 217.9352 142.0372  2.13102617 60196
IRNSS-1F                
1 41384U 16015A   23305.76762278  .00000161  00000+0  00000+0 0  9997
2 41384   3.0544 127.0720 0020048 174.7039  47.9867  1.00279926 28054
BEIDOU-2 IGSO-6         
1 41434U 16021A   23305.69714490 -.00000176  00000+0  00000+0 0  9992
2 41434  58.8400  47.6727 0049073 220.2719 120.3543  1.00271475 27860
IRNSS-1G                
1 41469U 16027A   23305.55851041 -.00000332  00000+0  00000+0 0  9999
2 41469   2.9419 128.6217 0000775 286.7930 315.7592  1.00276448 27566
GSAT0211 (GALILEO 14)   
1 41549U 16030A   23305.31623938 -.00000017  00000+0  00000+0 0  9998
2 41549  55.4797 248.0777 0004043 331.1258  28.8384  1.70473050 46326
GSAT0210 (GALILEO 13)   
1 41550U 16030B   23303.26131134 -.00000020  00000+0  00000+0 0  9998
2 41550  55.4803 248.1353 0003403 294.7444  65.1939  1.70473321 46283
COSMOS 2516             
1 41554U 16032A   23304.29086213  .00000014  00000+0  00000+0 0  9997
2 41554  63.8601 224.0933 0014906 212.5913 147.3464  2.13106359 57776
BEIDOU-2 G7             
1 41586U 16037A   23305.73117267 -.00000353  00000+0  00000+0 0  9998
2 41586   2.0107  69.1696 0006707 333.5525  11.7901  1.00267885 27172
EUTELSAT 117 WEST B     
1 41589U 16038B   23305.61779066 -.00000011  00000+0  00000+0 0  9991
2 41589   0.0128 113.0766 0000448 346.5312  46.4471  1.00271408 27057
GSAT0207 (GALILEO 15)   
1 41859U 16069A   23304.09593563  .00000044  00000+0  00000+0 0  9997
2 41859  54.9878 127.6968 0001611 309.8390  50.1858  1.70474215 43038
GSAT0212 (GALILEO 16)   
1 41860U 16069B   23303.95052618  .00000045  00000+0  00000+0 0  9995
2 41860  54.9855 127.6976 0001725  33.0779 326.9727  1.70474486 43283
GSAT0213 (GALILEO 17)   
1 41861U 16069C   23303.73045074  .00000045  00000+0  00000+0 0  9990
2 41861  54.9874 127.7098 0001792 255.1529 104.8685  1.70473100 43148
GSAT0214 (GALILEO 18)   
1 41862U 16069D   23303.87773210  .00000045  00000+0  00000+0 0  9996
2 41862  54.9857 127.6997 0000844 245.5413 114.4902  1.70473018 43270
SES-15                  
1 42709U 17026A   23305.60626650  .00000059  00000+0  00000+0 0  9994
2 42709   0.0374  53.5892 0001267 162.6532 273.5109  1.00277303 24535
QZS-2 (MICHIBIKI-2)     
1 42738U 17028A   23305.33402116 -.00000229  00000+0  00000+0 0  9997
2 42738  40.9506 257.0428 0743411 270.8667 130.4461  1.00248874 23530
QZS-3 (MICHIBIKI-3)     
1 42917U 17048A   23305.55472814 -.00000347  00000+0  00000+0 0  9995
2 42917   0.0627 154.1815 0002748  79.7239 133.3807  1.00276879 22642
COSMOS 2522             
1 42939U 17055A   23305.42694710  .00000010  00000+0  00000+0 0  9990
2 42939  64.0943 224.5962 0007623 241.2827 118.6733  2.13102027 47546
QZS-4 (MICHIBIKI-4)     
1 42965U 17062A   23305.48030177 -.00000350  00000+0  00000+0 0  9992
2 42965  40.6118 355.7041 0750956 270.4531  86.1853  1.00264946 22194
BEIDOU-3 M1             
1 43001U 17069A   23305.13372057 -.00000003  00000+0  00000+0 0  9994
2 43001  55.8885  94.8961 0007314 294.4064  65.5000  1.86231518 40746
BEIDOU-3 M2             
1 43002U 17069B   23303.99665263 -.00000006  00000+0  00000+0 0  9994
2 43002  55.8866  94.9707 0005203 328.3424  31.6090  1.86231099 40711
GSAT0215 (GALILEO 19)   
1 43055U 17079A   23304.36619442 -.00000017  00000+0  00000+0 0  9995
2 43055  55.4565 247.9289 0002814 290.5287  69.4224  1.70473708 36629
GSAT0216 (GALILEO 20)   
1 43056U 17079B   23304.07148005 -.00000018  00000+0  00000+0 0  9997
2 43056  55.4575 247.9368 0004415 289.9117  70.0201  1.70473845 36638
GSAT0217 (GALILEO 21)   
1 43057U 17079C   23303.11867835 -.00000020  00000+0  00000+0 0  9994
2 43057  55.4558 247.9621 0004089 303.8183  56.1159  1.70473763 36601
GSAT0218 (GALILEO 22)   
1 43058U 17079D   23305.09850109 -.00000017  00000+0  00000+0 0  9996
2 43058  55.4550 247.9051 0004758 285.4168  74.5163  1.70473816 36666
BEIDOU-3 M7             
1 43107U 18003A   23305.35814351 -.00000094  00000+0  00000+0 0  9992
2 43107  55.0848 335.4919 0002519  63.2782 296.7921  1.86232471 39503
BEIDOU-3 M8             
1 43108U 18003B   23305.29672328 -.00000094  00000+0  00000+0 0  9992
2 43108  55.0778 335.4808 0004950 255.3653 104.6243  1.86230933 39500
BEIDOU-3 M4             
1 43207U 18018A   23305.20174580 -.00000003  00000+0  00000+0 0  9996
2 43207  55.8470  94.9908 0003740  18.1469 341.8493  1.86231454 38882
BEIDOU-3 M3             
1 43208U 18018B   23305.26840556 -.00000002  00000+0  00000+0 0  9995
2 43208  55.8465  94.9931 0005020 310.8166  49.1229  1.86231479 38884
BEIDOU-3 M9             
1 43245U 18029A   23305.49106205 -.00000092  00000+0  00000+0 0  9998
2 43245  54.9765 333.2158 0002123 252.4945 107.5241  1.86232688 38049
BEIDOU-3 M10            
1 43246U 18029B   23304.34710729 -.00000092  00000+0  00000+0 0  9994
2 43246  54.9748 333.2841 0003452 338.4708  21.5586  1.86232865 38008
IRNSS-1I                
1 43286U 18035A   23305.51854920  .00000098  00000+0  00000+0 0  9992
2 43286  29.3875  89.2637 0021406 176.6799  16.3429  1.00269942 20462
COSMOS 2527             
1 43508U 18053A   23303.97781211  .00000027  00000+0  00000+0 0  9991
2 43508  65.1149 106.0494 0007825 213.3021 146.6493  2.13102399 41813
BEIDOU-2 IGSO-7         
1 43539U 18057A   23305.54639812 -.00000092  00000+0  00000+0 0  9996
2 43539  55.1180 171.3485 0063642 229.6556 309.7779  1.00265904 19538
GSAT0221 (GALILEO 25)   
1 43564U 18060A   23303.82510898 -.00000104  00000+0  00000+0 0  9993
2 43564  57.2902   7.6780 0004904 262.6553  97.3451  1.70476043 32795
GSAT0222 (GALILEO 26)   
1 43565U 18060B   23304.62985742 -.00000105  00000+0  00000+0 0  9998
2 43565  57.2937   7.6574 0004511 229.9456 130.0707  1.70475999 32852
GSAT0219 (GALILEO 23)   
1 43566U 18060C   23305.43869240 -.00000105  00000+0  00000+0 0  9993
2 43566  57.2930   7.6376 0003519 265.5387  94.4767  1.70476155 32845
GSAT0220 (GALILEO 24)   
1 43567U 18060D   23302.13964694 -.00000102  00000+0  00000+0 0  9994
2 43567  57.2924   7.7265 0004223 262.1659  97.8412  1.70475786 32770
BEIDOU-3 M5             
1 43581U 18062A   23305.10431412  .00000004  00000+0  00000+0 0  9999
2 43581  54.1648 214.9436 0003357 301.9430  58.0747  1.86231949 35774
BEIDOU-3 M6             
1 43582U 18062B   23304.97088382  .00000006  00000+0  00000+0 0  9990
2 43582  54.1645 214.9378 0006114  19.0435 341.0294  1.86229863 35777
BEIDOU-3 M12            
1 43602U 18067A   23305.44361221  .00000002  00000+0  00000+0 0  9993
2 43602  54.2523 213.5825 0007732  21.3748 338.7107  1.86231485 35261
BEIDOU-3 M11            
1 43603U 18067B   23305.04049587  .00000006  00000+0  00000+0 0  9992
2 43603  54.2494 213.5617 0004583  12.9412 347.1233  1.86231444 35284
BEIDOU-3 M13            
1 43622U 18072A   23303.92555964 -.00000007  00000+0  00000+0 0  9997
2 43622  55.8158  94.5723 0004165 285.2655  74.6709  1.86231322 34772
BEIDOU-3 M14            
1 43623U 18072B   23304.86491677 -.00000005  00000+0  00000+0 0  9990
2 43623  55.8183  94.5337 0002004 337.7663  22.2073  1.86231386 34788
BEIDOU-3 M16            
1 43647U 18078A   23305.56576396 -.00000092  00000+0  00000+0 0  9998
2 43647  54.8730 333.3312 0006376 359.1151   0.9256  1.86227490 34309
BEIDOU-3 M15            
1 43648U 18078B   23305.15787932 -.00000092  00000+0  00000+0 0  9994
2 43648  54.8689 333.3489 0003121 359.2561   0.7858  1.86232249 34314
BEIDOU-3 G1             
1 43683U 18085A   23305.56282971 -.00000277  00000+0  00000+0 0  9994
2 43683   1.6445 120.5449 0001699  14.3254 248.4209  1.00269576 18447
COSMOS 2529             
1 43687U 18086A   23305.48496611  .00000009  00000+0  00000+0 0  9990
2 43687  64.3095 225.0454 0009305 264.9243  95.0014  2.13102054 38857
BEIDOU-3 M17            
1 43706U 18093A   23305.30570986  .00000003  00000+0  00000+0 0  9993
2 43706  54.2473 214.8583 0008447 288.0691  71.8897  1.86232045 33686
BEIDOU-3 M18            
1 43707U 18093B   23305.17234189  .00000004  00000+0  00000+0 0  9992
2 43707  54.2482 214.8546 0007426 319.6821  40.3135  1.86229879 33674
NAVSTAR 77 (USA 289)    
1 43873U 18109A   23305.48679227  .00000029  00000+0  00000+0 0  9991
2 43873  55.2133 130.0663 0026860 189.7275 345.4854  2.00570894 35844
BEIDOU-3 IGSO-1         
1 44204U 19023A   23305.68938289 -.00000230  00000+0  00000+0 0  9999
2 44204  57.3075  47.6298 0024248 198.5262 161.9481  1.00265132 16739
BEIDOU-2 G8             
1 44231U 19027A   23305.63596671 -.00000246  00000+0  00000+0 0  9990
2 44231   1.3864  71.1088 0004956 161.1589 181.9463  1.00272784 16468
COSMOS 2534             
1 44299U 19030A   23305.57630499  .00000009  00000+0  00000+0 0  9994
2 44299  64.3824 224.9740 0011760 286.4676 277.7702  2.13101896 34481
BEIDOU-3 IGSO-2         
1 44337U 19035A   23305.54699760 -.00000092  00000+0  00000+0 0  9998
2 44337  55.1532 167.2792 0032940 194.6775 353.5616  1.00256604 16050
NAVSTAR 78 (USA 293)    
1 44506U 19056A   23305.61870337 -.00000109  00000+0  00000+0 0  9997
2 44506  55.8280   9.1331 0038421 188.3772 340.6026  2.00566759 30846
BEIDOU-3 M24            
1 44542U 19061A   23305.24358063  .00000003  00000+0  00000+0 0  9991
2 44542  54.4745 215.1019 0008644 355.8491   4.1939  1.86231536 27938
BEIDOU-3 M23            
1 44543U 19061B   23305.15223750  .00000004  00000+0  00000+0 0  9997
2 44543  54.4731 215.0739 0005586 346.2418 224.5174  1.86231877 27934
BEIDOU-3 IGSO-3         
1 44709U 19073A   23304.36716977 -.00000191  00000+0  00000+0 0  9992
2 44709  56.4427 291.1506 0034561 190.9989 168.8655  1.00264692 14837
BEIDOU-3 M22            
1 44793U 19078A   23304.01503421 -.00000093  00000+0  00000+0 0  9991
2 44793  54.7222 333.3449 0005079   5.3594 354.6907  1.86232151 26761
BEIDOU-3 M21            
1 44794U 19078B   23305.21935334 -.00000093  00000+0  00000+0 0  9997
2 44794  54.6952 333.2840 0003306 348.7573  11.2773  1.86232665 26797
COSMOS 2544             
1 44850U 19088A   23303.92160160  .00000027  00000+0  00000+0 0  9990
2 44850  65.1011 105.8931 0011404 247.4265 112.4532  2.13102168 30256
BEIDOU-3 M19            
1 44864U 19090A   23305.42867650 -.00000002  00000+0  00000+0 0  9997
2 44864  55.7512  94.7052 0015519 272.7727  61.2414  1.86231753 26377
BEIDOU-3 M20            
1 44865U 19090B   23305.77943656  .00000001  00000+0  00000+0 0  9995
2 44865  55.7535  94.7264 0013107 287.4353  11.5236  1.86231732 26363
BEIDOU-3 G2             
1 45344U 20017A   23305.52885878 -.00000141  00000+0  00000+0 0  9999
2 45344   2.0883  19.2286 0003459 205.6456  86.1159  1.00272268 13642
COSMOS 2545             
1 45358U 20018A   23304.11852387 -.00000072  00000+0  00000+0 0  9991
2 45358  64.8262 345.9520 0011736 245.5232 114.4179  2.13102534 28204
BEIDOU-3 G3             
1 45807U 20040A   23305.71934258 -.00000354  00000+0  00000+0 0  9993
2 45807   0.5837 356.9931 0009699 310.4454 102.8886  1.00272111 12460
NAVSTAR 79 (USA 304)    
1 45854U 20041A   23305.54413205 -.00000048  00000+0  00000+0 0  9991
2 45854  55.9330  66.4277 0038344 188.3491 229.5638  2.00562055 24816
GALAXY 30 (G-30)        
1 46114U 20056C   23305.51200439  .00000037  00000+0  00000+0 0  9994
2 46114   0.0102 278.4402 0002239 304.8874 236.5568  1.00272489 11682
COSMOS 2547             
1 46805U 20075A   23305.24577368  .00000011  00000+0  00000+0 0  9992
2 46805  64.6099 224.5587 0007035 242.3566 117.6041  2.13102789 23474
NAVSTAR 80 (USA 309)    
1 46826U 20078A   23305.78835424 -.00000009  00000+0  00000+0 0  9995
2 46826  54.2834 249.6900 0037127 194.6505  15.4620  2.00562767 22281
NAVSTAR 81 (USA 319)    
1 48859U 21054A   23305.81542793 -.00000110  00000+0  00000+0 0  9999
2 48859  55.3472  10.8834 0013881 217.9767 195.5402  2.00570419 17536
QZS-1R                  
1 49336U 21096A   23304.76319174 -.00000244  00000+0  00000+0 0  9992
2 49336  35.4742  94.0342 0748109 270.3095  85.4366  1.00273186  7398
GSAT0223 (GALILEO 27)   
1 49809U 21116A   23305.51310566 -.00000105  00000+0  00000+0 0  9996
2 49809  57.2842   7.5311 0003772 215.7587 144.9297  1.70476242 11844
GSAT0224 (GALILEO 28)   
1 49810U 21116B   23304.74752765 -.00000105  00000+0  00000+0 0  9993
2 49810  57.2851   7.5500 0002940 208.8050 154.5207  1.70476240 11857
COSMOS 2557             
1 52984U 22075A   23305.40866573 -.00000077  00000+0  00000+0 0  9999
2 52984  64.7443 348.0603 0013560 276.3888  83.5186  2.13102209 10269
COSMOS 2559             
1 54031U 22130A   23305.35084320 -.00000077  00000+0  00000+0 0  9992
2 54031  64.7157 348.1879 0007968 228.0463 131.9476  2.13101459  8252
COSMOS 2564             
1 54377U 22161A   23305.07439697  .00000012  00000+0  00000+0 0  9997
2 54377  64.7509 224.6278 0008975 220.6487 139.3158  2.13102190  7194
NAVSTAR 82 (USA 343)    
1 55268U 23009A   23305.44571110  .00000014  00000+0  00000+0 0  9999
2 55268  55.0859 186.1366 0005244  89.0930  95.3437  2.00551757  6015
BEIDOU-3 G4             
1 56564U 23066A   23305.65499000 -.00000113  00000+0  00000+0 0  9993
2 56564   2.6987 288.5912 0005283 231.8365 276.0637  1.00271099  1787
IRNSS-1J (NVS-01)       
1 56759U 23076A   23305.55443623 -.00000338  00000+0  00000+0 0  9998
2 56759   4.5900 270.9640 0007586 346.7457 112.0641  1.00272665  1591
