NAVSTAR 43 (USA 132)    
1 24876U 97035A   23277.01267851  .00000000  00000+0  00000+0 0  9990
2 24876  55.5943 137.1848 0073788  52.9719 307.7862  2.00564312192152
NAVSTAR 47 (USA 150)    
1 26360U 00025A   23277.39336733 -.00000050  00000+0  00000+0 0  9996
2 26360  54.4588  59.3722 0041743 200.8847 164.3742  2.00568702171487
NAVSTAR 51 (USA 166)    
1 27663U 03005A   23276.92128762  .00000017  00000+0  00000+0 0  9995
2 27663  55.2314 254.2330 0132891  44.8315 318.7897  2.00564300151510
NAVSTAR 52 (USA 168)    
1 27704U 03010A   23277.63320192 -.00000115  00000+0  00000+0 0  9997
2 27704  55.1153   4.1486 0249618 319.4421  57.5637  2.00576405150322
NAVSTAR 54 (USA 177)    
1 28190U 04009A   23277.22684970 -.00000063  00000+0  00000+0 0  9990
2 28190  55.6673 315.2804 0092554 140.0283 240.7069  2.00566417143153
NAVSTAR 56 (USA 180)    
1 28474U 04045A   23277.14874792 -.00000113  00000+0  00000+0 0  9995
2 28474  55.4427   4.4998 0162930 283.1377  95.7241  2.00555788138639
ANIK F1R                
1 28868U 05036A   23277.57994976 -.00000082  00000+0  00000+0 0  9992
2 28868   1.7661  88.6248 0001992  68.6152 317.2514  1.00272768 36566
NAVSTAR 57 (USA 183)    
1 28874U 05038A   23277.22890794 -.00000058  00000+0  00000+0 0  9999
2 28874  55.7180 312.7330 0140180 280.0187 124.5443  2.00573470132047
INMARSAT 4-F2           
1 28899U 05044A   23277.37863635  .00000002  00000+0  00000+0 0  9991
2 28899   3.8884  40.9013 0003045 169.4625   2.6717  1.00272115 65622
NAVSTAR 58 (USA 190)    
1 29486U 06042A   23276.87713505 -.00000002  00000+0  00000+0 0  9998
2 29486  54.6816 190.4853 0103791  33.1076  18.6628  2.00568122124590
NAVSTAR 59 (USA 192)    
1 29601U 06052A   23277.22655299  .00000019  00000+0  00000+0 0  9990
2 29601  55.2530 253.1819 0083681  79.4755 281.4485  2.00551191123611
NAVSTAR 60 (USA 196)    
1 32260U 07047A   23277.04238787 -.00000002  00000+0  00000+0 0  9992
2 32260  53.4786 120.9089 0152345  71.3837 290.3378  2.00550082117010
COSMOS 2433             
1 32275U 07052A   23277.53431249 -.00000090  00000+0  00000+0 0  9993
2 32275  66.0133 348.9318 0004665 231.7918 128.2229  2.13104116124033
COSMOS 2432             
1 32276U 07052B   23277.59935807 -.00000090  00000+0  00000+0 0  9999
2 32276  66.0278 349.0389 0009136 313.7886  43.0931  2.13103243124053
NAVSTAR 61 (USA 199)    
1 32384U 07062A   23277.37165854 -.00000059  00000+0  00000+0 0  9998
2 32384  55.8506 313.5530 0024579 151.9289 216.7801  2.00560295115723
COSMOS 2434             
1 32393U 07065A   23277.43932538  .00000026  00000+0  00000+0 0  9992
2 32393  64.3343 225.2832 0001198  68.1350 110.2825  2.13103062122744
COSMOS 2436             
1 32395U 07065C   23277.08605424  .00000028  00000+0  00000+0 0  9998
2 32395  64.3429 225.3572 0016085 356.0453  46.8351  2.13102725122694
NAVSTAR 62 (USA 201)    
1 32711U 08012A   23276.95558416 -.00000004  00000+0  00000+0 0  9991
2 32711  54.4494 189.3063 0177701 236.0331 122.3048  2.00558150113952
NAVSTAR 64 (USA 206)    
1 35752U 09043A   23277.43729396 -.00000036  00000+0  00000+0 0  9990
2 35752  55.4603  66.5155 0057888  69.8461 294.5159  2.00556264103576
COSMOS 2456             
1 36111U 09070A   23277.46935855  .00000023  00000+0  00000+0 0  9997
2 36111  64.5031 104.7712 0001458 340.9196  19.2809  2.13099191107401
COSMOS 2457             
1 36112U 09070B   23277.09541882  .00000021  00000+0  00000+0 0  9998
2 36112  64.4873 104.6486 0006402 146.7600  57.5905  2.13101358107397
COSMOS 2460             
1 36402U 10007C   23277.40749418 -.00000089  00000+0  00000+0 0  9997
2 36402  65.8752 347.6464 0001833 218.1871 214.3188  2.13106284105704
NAVSTAR 65 (USA 213)    
1 36585U 10022A   23277.50235993  .00000018  00000+0  00000+0 0  9996
2 36585  54.5529 248.3683 0110321  59.6962 108.8845  2.00563507 97804
BEIDOU-2 IGSO-1         
1 36828U 10036A   23276.63186809 -.00000116  00000+0  00000+0 0  9995
2 36828  54.2342 171.9075 0036674 187.3936 344.7461  1.00245123 48304
QZS-1 (MICHIBIKI-1)     
1 37158U 10045A   23277.47817737  .00000000  00000+0  00000+0 0  9997
2 37158  42.9100 127.3270 0003524 104.2862 252.7472  0.87715608 47733
BEIDOU-2 G4             
1 37210U 10057A   23277.52044641 -.00000120  00000+0  00000+0 0  9995
2 37210   1.2434  62.1996 0007184 162.0626 136.0403  1.00272820 47397
BEIDOU-2 IGSO-2         
1 37256U 10068A   23277.58319244 -.00000186  00000+0  00000+0 0  9999
2 37256  49.3548 283.9362 0032213 213.2749 194.2020  1.00274192 46903
BEIDOU-2 IGSO-3         
1 37384U 11013A   23276.78063860 -.00000185  00000+0  00000+0 0  9992
2 37384  60.9843  49.6091 0028195 176.1195 175.7294  1.00274180 45750
GSAT-8                  
1 37605U 11022A   23277.63493637  .00000076  00000+0  00000+0 0  9990
2 37605   0.0204  91.2320 0006835 160.0430  45.4558  1.00270636 43320
NAVSTAR 66 (USA 232)    
1 37753U 11036A   23277.18026358 -.00000110  00000+0  00000+0 0  9991
2 37753  56.7472  10.3112 0126865  56.3644 326.0066  2.00568814 89488
BEIDOU-2 IGSO-4         
1 37763U 11038A   23277.59743196 -.00000119  00000+0  00000+0 0  9994
2 37763  54.5076 174.4442 0111979 227.7338 281.1802  1.00267964 44758
GSAT0101 (GALILEO-PFM)  
1 37846U 11060A   23277.21257668 -.00000111  00000+0  00000+0 0  9996
2 37846  57.1122   8.4914 0000598  61.3584 298.6765  1.70475902 74293
GSAT0102 (GALILEO-FM2)  
1 37847U 11060B   23271.94740137 -.00000101  00000+0  00000+0 0  9998
2 37847  57.1126   8.6339 0001562 310.9334 103.9673  1.70475154 74216
COSMOS 2476             
1 37867U 11064A   23275.89638453  .00000023  00000+0  00000+0 0  9991
2 37867  64.7818 106.3632 0021245 230.5733 272.4659  2.13101733 92709
COSMOS 2477             
1 37868U 11064B   23277.59671378  .00000025  00000+0  00000+0 0  9996
2 37868  64.7899 106.3752 0018451 230.6071 314.7362  2.13101644 92738
COSMOS 2475             
1 37869U 11064C   23277.43978105  .00000024  00000+0  00000+0 0  9997
2 37869  64.7969 106.3931 0022415 249.1812 134.2822  2.13101961 92748
BEIDOU-2 IGSO-5         
1 37948U 11073A   23277.48503071 -.00000136  00000+0  00000+0 0  9991
2 37948  49.4807 283.6069 0095032 220.7517 138.5717  1.00265719 43248
LUCH-5A                 
1 37951U 11074B   23277.60210918 -.00000055  00000+0  00000+0 0  9995
2 37951   6.2205  89.1704 0004319  93.7452 213.8000  1.00271192 43158
BEIDOU-2 G5             
1 38091U 12008A   23277.62237865  .00000049  00000+0  00000+0 0  9993
2 38091   1.7815  68.8941 0005489 179.0863  47.8125  1.00270768 42476
BEIDOU-2 M3             
1 38250U 12018A   23277.26793997 -.00000105  00000+0  00000+0 0  9998
2 38250  56.4944 337.8820 0024577 257.0203 102.7627  1.86231164 77569
BEIDOU-2 M4             
1 38251U 12018B   23277.19925343 -.00000104  00000+0  00000+0 0  9992
2 38251  56.4049 337.1751 0015450 257.3801 102.5048  1.86231878 77566
SES-5                   
1 38652U 12036A   23277.29526869  .00000025  00000+0  00000+0 0  9999
2 38652   0.0500 301.6741 0002170 259.9505 282.3861  1.00272045 34590
BEIDOU-2 M6             
1 38775U 12050B   23276.90904099 -.00000004  00000+0  00000+0 0  9991
2 38775  55.7142  95.7754 0010888 340.2373  19.7556  1.86231239 75279
GSAT-10                 
1 38779U 12051B   23277.38246535 -.00000174  00000+0  00000+0 0  9991
2 38779   0.0270 115.8400 0003184 134.4454 343.2209  1.00272275 40222
NAVSTAR 67 (USA 239)    
1 38833U 12053A   23277.13133934 -.00000009  00000+0  00000+0 0  9992
2 38833  53.5106 183.9757 0143963  52.5531 308.7946  2.00567716 79641
GSAT0103 (GALILEO-FM3)  
1 38857U 12055A   23277.25176016  .00000014  00000+0  00000+0 0  9996
2 38857  55.2938 128.6697 0002181 251.5092 108.5516  1.70473729 68189
GSAT0104 (GALILEO-FM4)  
1 38858U 12055B   23277.22117290  .00000014  00000+0  00000+0 0  9993
2 38858  55.2937 128.6720 0000919 143.4488 216.6421  1.70473973 68188
BEIDOU-2 G6             
1 38953U 12059A   23277.64301950 -.00000184  00000+0  00000+0 0  9996
2 38953   1.9025  81.8128 0006756 302.9461 303.8736  1.00271821 40011
LUCH-5B                 
1 38977U 12061A   23277.19216223 -.00000142  00000+0  00000+0 0  9997
2 38977   8.3220  58.8724 0005854 127.9963 238.6504  1.00271445 39727
COSMOS 2485             
1 39155U 13019A   23275.65189651  .00000025  00000+0  00000+0 0  9992
2 39155  64.9410 106.9013 0021787 226.5614 133.3118  2.13101879 81214
NAVSTAR 68 (USA 242)    
1 39166U 13023A   23276.99422389 -.00000053  00000+0  00000+0 0  9997
2 39166  55.3332 308.9263 0114859  41.6010 319.3148  2.00564236 76087
IRNSS-1A                
1 39199U 13034A   23277.52030917  .00000083  00000+0  00000+0 0  9999
2 39199  33.4943  78.2424 0021121 179.9525 357.1075  1.00275261 37474
NAVSTAR 69 (USA 248)    
1 39533U 14008A   23276.99427699 -.00000005  00000+0  00000+0 0  9995
2 39533  53.5973 189.5431 0067099 215.5747 144.0141  2.00553341 69889
ASTRA 5B                
1 39617U 14011B   23277.58557612  .00000128  00000+0  00000+0 0  9992
2 39617   0.0887 298.8484 0004484 275.7980  32.6965  1.00274360 34777
COSMOS 2492             
1 39620U 14012A   23276.54592765 -.00000086  00000+0  00000+0 0  9994
2 39620  65.7589 347.2895 0012274 312.3273  47.6280  2.13103108 74194
IRNSS-1B                
1 39635U 14017A   23277.52022215  .00000098  00000+0  00000+0 0  9994
2 39635  28.6476 257.1588 0018903 190.9388 167.1593  1.00274908 34893
LUCH-5V                 
1 39727U 14023A   23277.58381325 -.00000277  00000+0  00000+0 0  9999
2 39727   2.6503  77.1523 0004082 153.2566  87.5254  1.00270605 34462
NAVSTAR 70 (USA 251)    
1 39741U 14026A   23277.27578744 -.00000110  00000+0  00000+0 0  9993
2 39741  56.6993   9.8295 0029936 309.8238  49.9429  2.00555047 68749
COSMOS 2500             
1 40001U 14032A   23277.19808176 -.00000088  00000+0  00000+0 0  9991
2 40001  65.6969 347.0926 0008487 206.9297 153.0845  2.13105933 72429
NAVSTAR 71 (USA 256)    
1 40105U 14045A   23277.35891511 -.00000001  00000+0  00000+0 0  9998
2 40105  54.8240 127.8719 0026900 114.1151 246.2438  2.00548978 66285
GSAT0201 (GALILEO 5)    
1 40128U 14050A   23277.52667041 -.00000076  00000+0  00000+0 0  9999
2 40128  49.9083 313.3585 1607922 141.5217 231.1295  1.85519392 60019
GSAT0202 (GALILEO 6)    
1 40129U 14050B   23277.24695359 -.00000075  00000+0  00000+0 0  9991
2 40129  49.9275 312.4418 1605798 142.3213 230.1033  1.85520036 62177
IRNSS-1C                
1 40269U 14061A   23277.57815546 -.00000169  00000+0  00000+0 0  9990
2 40269   4.0347 111.7868 0019950   5.7416 186.6349  1.00272696 32791
NAVSTAR 72 (USA 258)    
1 40294U 14068A   23276.73710228 -.00000033  00000+0  00000+0 0  9993
2 40294  56.2040  69.3080 0049113  62.6393 297.8615  2.00573757 65400
COSMOS 2501             
1 40315U 14075A   23277.44829974  .00000025  00000+0  00000+0 0  9993
2 40315  63.6374 224.6105 0019489 210.1517 149.7274  2.13101277 68824
NAVSTAR 73 (USA 260)    
1 40534U 15013A   23277.37410667  .00000016  00000+0  00000+0 0  9996
2 40534  53.4514 245.0451 0081877  25.8051 334.5789  2.00552807 62032
GSAT0203 (GALILEO 7)    
1 40544U 15017A   23272.29929207 -.00000102  00000+0  00000+0 0  9999
2 40544  56.9059   8.5936 0003937 234.5687 125.4158  1.70476049 52956
GSAT0204 (GALILEO 8)    
1 40545U 15017B   23276.07251706 -.00000110  00000+0  00000+0 0  9991
2 40545  56.9134   8.5056 0004227 220.5578 139.4389  1.70475678 15408
IRNSS-1D                
1 40547U 15018A   23277.57706318 -.00000288  00000+0  00000+0 0  9990
2 40547  28.0136 257.1246 0019076 187.8365 247.5687  1.00274292 31099
BEIDOU-3S IGSO-1S       
1 40549U 15019A   23277.58339782 -.00000140  00000+0  00000+0 0  9998
2 40549  51.0446 307.2139 0040964 197.1674 169.9861  1.00250420 31184
NAVSTAR 74 (USA 262)    
1 40730U 15033A   23277.53594453 -.00000049  00000+0  00000+0 0  9997
2 40730  54.8206 307.5040 0086321  13.9626 346.3197  2.00553630 60202
BEIDOU-3S M2S           
1 40748U 15037A   23277.40171236 -.00000103  00000+0  00000+0 0  9997
2 40748  55.6443 335.7491 0012347 245.3949 114.5334  1.86233149 55746
BEIDOU-3S M1S           
1 40749U 15037B   23277.13490702 -.00000103  00000+0  00000+0 0  9990
2 40749  55.6474 335.7444 0004428 295.3835  64.6281  1.86232914 55744
GSAT0205 (GALILEO 9)    
1 40889U 15045A   23275.25385890  .00000005  00000+0  00000+0 0  9996
2 40889  55.3508 248.9248 0003949   3.0678 356.8946  1.70473099 50155
GSAT0206 (GALILEO 10)   
1 40890U 15045B   23276.64772219  .00000009  00000+0  00000+0 0  9991
2 40890  55.3484 248.8819 0002621 336.6508  23.3033  1.70473149 50201
BEIDOU-3S IGSO-2S       
1 40938U 15053A   23277.45660861 -.00000123  00000+0  00000+0 0  9990
2 40938  50.7643 270.3924 0047860 194.5335 168.9327  1.00276352 29466
NAVSTAR 75 (USA 265)    
1 41019U 15062A   23276.59035287 -.00000034  00000+0  00000+0 0  9994
2 41019  56.1871  69.1644 0090414 221.2130 138.1045  2.00562239 58020
GSAT-15                 
1 41028U 15065A   23277.48483075 -.00000267  00000+0  00000+0 0  9996
2 41028   0.0247 115.0722 0002316  72.3577  93.5177  1.00272279 28902
GSAT0209 (GALILEO 12)   
1 41174U 15079A   23276.81939326  .00000015  00000+0  00000+0 0  9994
2 41174  55.3115 128.3888 0002287 342.0190  18.0589  1.70474085 47946
GSAT0208 (GALILEO 11)   
1 41175U 15079B   23277.03901922  .00000015  00000+0  00000+0 0  9991
2 41175  55.3101 128.3808 0001827 353.1930   6.8897  1.70474087 48364
IRNSS-1E                
1 41241U 16003A   23277.48006631 -.00000294  00000+0  00000+0 0  9995
2 41241  31.0466  77.3392 0020950 179.6360  40.5864  1.00277777 28187
NAVSTAR 76 (USA 266)    
1 41328U 16007A   23275.18475831  .00000018  00000+0  00000+0 0  9995
2 41328  55.0264 128.7435 0071813 233.6269 125.7942  2.00574325 56002
COSMOS 2514             
1 41330U 16008A   23276.49123032 -.00000086  00000+0  00000+0 0  9993
2 41330  65.4941 346.6906 0012338 212.5118 147.4714  2.13102550 59576
IRNSS-1F                
1 41384U 16015A   23277.58731657  .00000152  00000+0  00000+0 0  9992
2 41384   2.9945 128.3911 0018922 173.3412 315.3020  1.00264401 27774
BEIDOU-2 IGSO-6         
1 41434U 16021A   23277.32618524 -.00000162  00000+0  00000+0 0  9996
2 41434  58.7999  47.9603 0048150 218.7234 320.3180  1.00277086 27589
IRNSS-1G                
1 41469U 16027A   23277.60663559 -.00000342  00000+0  00000+0 0  9999
2 41469   2.8836 129.9825 0001446 354.8101 236.1889  1.00275391 27280
GSAT0211 (GALILEO 14)   
1 41549U 16030A   23277.15999922  .00000009  00000+0  00000+0 0  9997
2 41549  55.4954 248.8513 0004014 318.1246  41.8129  1.70473239 45844
GSAT0210 (GALILEO 13)   
1 41550U 16030B   23276.86490069  .00000009  00000+0  00000+0 0  9994
2 41550  55.4950 248.8606 0003929 282.8243  77.0987  1.70473435 45833
COSMOS 2516             
1 41554U 16032A   23276.60512815  .00000028  00000+0  00000+0 0  9997
2 41554  63.8639 225.0488 0015270 213.8914 145.9993  2.13106361 57182
BEIDOU-2 G7             
1 41586U 16037A   23277.61684687 -.00000362  00000+0  00000+0 0  9998
2 41586   1.9424  68.8195 0006751 338.7529 298.1090  1.00270579 26894
EUTELSAT 117 WEST B     
1 41589U 16038B   23277.18258626 -.00000020  00000+0  00000+0 0  9995
2 41589   0.0120  61.9160 0000112  64.9266 194.5112  1.00271393 26807
GSAT0207 (GALILEO 15)   
1 41859U 16069A   23275.94005730  .00000017  00000+0  00000+0 0  9992
2 41859  54.9741 128.4777 0002079 313.6662  46.4070  1.70474056 42551
GSAT0212 (GALILEO 16)   
1 41860U 16069B   23276.96783936  .00000014  00000+0  00000+0 0  9995
2 41860  54.9723 128.4461 0001957  19.1169 340.9759  1.70474298 42821
GSAT0213 (GALILEO 17)   
1 41861U 16069C   23275.57438607  .00000019  00000+0  00000+0 0  9999
2 41861  54.9739 128.4908 0002039 269.5227  90.5465  1.70472901 42666
GSAT0214 (GALILEO 18)   
1 41862U 16069D   23277.48139774  .00000014  00000+0  00000+0 0  9990
2 41862  54.9730 128.4318 0001032 273.2604  86.8114  1.70472873 42821
SES-15                  
1 42709U 17026A   23277.56609646  .00000051  00000+0  00000+0 0  9995
2 42709   0.0394  28.5400 0000415 188.8910 230.2123  1.00268303 24242
QZS-2 (MICHIBIKI-2)     
1 42738U 17028A   23277.25604740 -.00000191  00000+0  00000+0 0  9991
2 42738  40.9973 257.4407 0747895 270.4899  76.7552  1.00256947 23243
QZS-3 (MICHIBIKI-3)     
1 42917U 17048A   23277.60620049 -.00000357  00000+0  00000+0 0  9995
2 42917   0.0754 140.0679 0002063  76.0151 142.1787  1.00267885 22369
COSMOS 2522             
1 42939U 17055A   23277.27135172  .00000027  00000+0  00000+0 0  9991
2 42939  64.0980 225.5598 0008849 242.8951 117.0046  2.13102012 46946
QZS-4 (MICHIBIKI-4)     
1 42965U 17062A   23277.50607324 -.00000351  00000+0  00000+0 0  9998
2 42965  40.6234 356.0615 0749711 269.8642  68.7854  1.00272606 21914
BEIDOU-3 M1             
1 43001U 17069A   23277.21229996 -.00000003  00000+0  00000+0 0  9994
2 43001  55.8660  95.8275 0007182 298.9210  61.0419  1.86231598 40227
BEIDOU-3 M2             
1 43002U 17069B   23276.07518326 -.00000004  00000+0  00000+0 0  9997
2 43002  55.8643  95.9023 0005496 333.9207  26.0884  1.86231183 40196
GSAT0215 (GALILEO 19)   
1 43055U 17079A   23276.79666467  .00000009  00000+0  00000+0 0  9999
2 43055  55.4721 248.6867 0003417 277.0840  82.8438  1.70473895 36159
GSAT0216 (GALILEO 20)   
1 43056U 17079B   23276.50197397  .00000009  00000+0  00000+0 0  9990
2 43056  55.4727 248.6947 0005003 281.0140  78.8950  1.70474030 36163
GSAT0217 (GALILEO 21)   
1 43057U 17079C   23276.72234319  .00000009  00000+0  00000+0 0  9991
2 43057  55.4705 248.6877 0004466 292.9432  66.9760  1.70473990 36159
GSAT0218 (GALILEO 22)   
1 43058U 17079D   23276.35580581  .00000008  00000+0  00000+0 0  9995
2 43058  55.4709 248.6953 0005446 277.1652  82.7375  1.70473982 36145
BEIDOU-3 M7             
1 43107U 18003A   23277.43676819 -.00000105  00000+0  00000+0 0  9997
2 43107  55.1006 336.4512 0002846  74.1800 285.9076  1.86232475 38970
BEIDOU-3 M8             
1 43108U 18003B   23277.37511888 -.00000105  00000+0  00000+0 0  9995
2 43108  55.0937 336.4402 0004595 248.7637 111.2435  1.86230938 38984
BEIDOU-3 M4             
1 43207U 18018A   23276.20641779 -.00000004  00000+0  00000+0 0  9993
2 43207  55.8241  95.9591 0004343  20.2189 339.8349  1.86231496 38344
BEIDOU-3 M3             
1 43208U 18018B   23277.34698096 -.00000002  00000+0  00000+0 0  9992
2 43208  55.8242  95.9254 0005105 317.7486  42.2472  1.86231497 38368
BEIDOU-3 M9             
1 43245U 18029A   23277.03277858 -.00000102  00000+0  00000+0 0  9991
2 43245  54.9938 334.1959 0001861 235.6030 124.4365  1.86232692 37517
BEIDOU-3 M10            
1 43246U 18029B   23276.42581341 -.00000101  00000+0  00000+0 0  9998
2 43246  54.9916 334.2458 0002935 343.8453  16.2035  1.86232875 37484
IRNSS-1I                
1 43286U 18035A   23277.59698617  .00000092  00000+0  00000+0 0  9991
2 43286  29.3213  89.7058 0021131 176.4028  16.8731  1.00271819 20184
COSMOS 2527             
1 43508U 18053A   23276.76082525  .00000022  00000+0  00000+0 0  9994
2 43508  65.1035 106.9624 0007494 213.7581 146.2458  2.13102455 41234
BEIDOU-2 IGSO-7         
1 43539U 18057A   23276.63474361 -.00000133  00000+0  00000+0 0  9995
2 43539  55.1182 171.6026 0063988 230.4533 312.4049  1.00274728 19245
GSAT0221 (GALILEO 25)   
1 43564U 18060A   23273.32270937 -.00000104  00000+0  00000+0 0  9991
2 43564  57.2877   8.5008 0003568 254.1728 105.8116  1.70476119 32274
GSAT0222 (GALILEO 26)   
1 43565U 18060B   23273.54083195 -.00000105  00000+0  00000+0 0  9995
2 43565  57.2914   8.4960 0004050 220.8731 139.1207  1.70475814 32322
GSAT0219 (GALILEO 23)   
1 43566U 18060C   23276.10946754 -.00000110  00000+0  00000+0 0  9996
2 43566  57.2907   8.4289 0003079 258.3568 101.6372  1.70476034 32347
GSAT0220 (GALILEO 24)   
1 43567U 18060D   23269.87746300 -.00000095  00000+0  00000+0 0  9990
2 43567  57.2899   8.5973 0002790 251.5228 108.4649  1.70475635 32221
BEIDOU-3 M5             
1 43581U 18062A   23276.64602471  .00000011  00000+0  00000+0 0  9998
2 43581  54.1717 215.9133 0004371 288.8564  71.0868  1.86231909 35241
BEIDOU-3 M6             
1 43582U 18062B   23277.04923091  .00000009  00000+0  00000+0 0  9995
2 43582  54.1712 215.8891 0005479   6.8189 353.1804  1.86229801 35251
BEIDOU-3 M12            
1 43602U 18067A   23276.44830760  .00000011  00000+0  00000+0 0  9999
2 43602  54.2590 214.5677 0007348  16.5619 343.4539  1.86231477 34720
BEIDOU-3 M11            
1 43603U 18067B   23277.11908849  .00000007  00000+0  00000+0 0  9994
2 43603  54.2559 214.5107 0004335   4.3487 355.6491  1.86231443 34764
BEIDOU-3 M13            
1 43622U 18072A   23274.93024223  .00000001  00000+0  00000+0 0  9997
2 43622  55.7923  95.5416 0004010 292.9818  67.0165  1.86231479 34232
BEIDOU-3 M14            
1 43623U 18072B   23276.94349491 -.00000004  00000+0  00000+0 0  9992
2 43623  55.7960  95.4670 0002367 350.4137   9.6164  1.86231545 34260
BEIDOU-3 M16            
1 43647U 18078A   23276.56971874 -.00000102  00000+0  00000+0 0  9997
2 43647  54.8906 334.3324 0005985   3.4001 356.6618  1.86227281 33766
BEIDOU-3 M15            
1 43648U 18078B   23277.23649882 -.00000102  00000+0  00000+0 0  9994
2 43648  54.8858 334.3131 0002754   8.9349 351.1268  1.86232272 33795
BEIDOU-3 G1             
1 43683U 18085A   23277.58174480 -.00000287  00000+0  00000+0 0  9990
2 43683   1.5805 122.3194 0002089   7.2122 232.9370  1.00268195 18164
COSMOS 2529             
1 43687U 18086A   23276.86009315  .00000029  00000+0  00000+0 0  9992
2 43687  64.3134 226.0173 0010546 263.5487  96.3194  2.13102023 38246
BEIDOU-3 M17            
1 43706U 18093A   23276.84742785  .00000010  00000+0  00000+0 0  9995
2 43706  54.2541 215.8259 0009494 283.7160  76.1698  1.86232001 33150
BEIDOU-3 M18            
1 43707U 18093B   23276.71372962  .00000011  00000+0  00000+0 0  9999
2 43707  54.2549 215.8221 0008026 311.4654  48.4567  1.86229829 33145
NAVSTAR 77 (USA 289)    
1 43873U 18109A   23275.59697211  .00000014  00000+0  00000+0 0  9996
2 43873  55.2012 131.2478 0026219 190.0959   2.3863  2.00569877 35241
BEIDOU-3 IGSO-1         
1 44204U 19023A   23276.74939069 -.00000218  00000+0  00000+0 0  9996
2 44204  57.2658  47.9331 0023960 195.7473 158.2145  1.00273673 16431
BEIDOU-2 G8             
1 44231U 19027A   23277.51088858 -.00000255  00000+0  00000+0 0  9998
2 44231   2.0322  81.0024 0006956 134.5590 125.8207  1.00274636 16183
COSMOS 2534             
1 44299U 19030A   23277.39123448  .00000027  00000+0  00000+0 0  9993
2 44299  64.3861 225.9284 0012807 283.3636 258.2416  2.13101902 33899
BEIDOU-3 IGSO-2         
1 44337U 19035A   23277.65368593 -.00000139  00000+0  00000+0 0  9997
2 44337  55.1520 167.5255 0032922 195.7818   4.4296  1.00265312 15774
NAVSTAR 78 (USA 293)    
1 44506U 19056A   23276.49299999 -.00000110  00000+0  00000+0 0  9991
2 44506  55.8248  10.2866 0037838 186.7662 191.8053  2.00566064 30268
BEIDOU-3 M24            
1 44542U 19061A   23277.32215426  .00000007  00000+0  00000+0 0  9997
2 44542  54.4812 216.0458 0008511 347.0502  12.9203  1.86231510 27415
BEIDOU-3 M23            
1 44543U 19061B   23277.06934094  .00000009  00000+0  00000+0 0  9990
2 44543  54.4800 216.0232 0005708 333.0331 129.3627  1.86231840 27412
BEIDOU-3 IGSO-3         
1 44709U 19073A   23276.44285505 -.00000171  00000+0  00000+0 0  9995
2 44709  56.4873 291.4445 0035036 190.7715 169.1670  1.00273281 14532
BEIDOU-3 M22            
1 44793U 19078A   23276.09365777 -.00000101  00000+0  00000+0 0  9997
2 44793  54.7391 334.3124 0004760  11.0633 349.0056  1.86232195 26247
BEIDOU-3 M21            
1 44794U 19078B   23277.29804903 -.00000102  00000+0  00000+0 0  9991
2 44794  54.7121 334.2522 0002851 355.8775   4.1767  1.86232669 26272
COSMOS 2544             
1 44850U 19088A   23277.17384479  .00000023  00000+0  00000+0 0  9994
2 44850  65.0898 106.7909 0011127 248.7409 111.1910  2.13102225 29684
BEIDOU-3 M19            
1 44864U 19090A   23276.25858549 -.00000005  00000+0  00000+0 0  9995
2 44864  55.7281  95.6819 0015175 274.0646 302.7988  1.86231785 25838
BEIDOU-3 M20            
1 44865U 19090B   23277.41113003 -.00000003  00000+0  00000+0 0  9992
2 44865  55.7308  95.6760 0012900 289.4305  69.9397  1.86231786 25836
BEIDOU-3 G2             
1 45344U 20017A   23277.57857513 -.00000150  00000+0  00000+0 0  9997
2 45344   2.0679  17.7668 0003305 183.1326 100.4357  1.00272684 13369
COSMOS 2545             
1 45358U 20018A   23276.43217000 -.00000087  00000+0  00000+0 0  9997
2 45358  64.8344 346.9139 0010996 240.9021 119.0465  2.13102523 27615
BEIDOU-3 G3             
1 45807U 20040A   23277.56390755 -.00000363  00000+0  00000+0 0  9992
2 45807   0.5953 350.3573 0007694 316.9844  19.2327  1.00273869 12176
NAVSTAR 79 (USA 304)    
1 45854U 20041A   23277.55202574 -.00000033  00000+0  00000+0 0  9999
2 45854  55.9097  67.5309 0037324 186.9975 179.3924  2.00562789 24254
GALAXY 30 (G-30)        
1 46114U 20056C   23277.56955139  .00000028  00000+0  00000+0 0  9991
2 46114   0.0163 151.9010 0002491  52.7852 248.3631  1.00271836 11399
COSMOS 2547             
1 46805U 20075A   23277.09023829  .00000028  00000+0  00000+0 0  9999
2 46805  64.6135 225.5036 0007899 243.6217 116.2867  2.13102821 22871
NAVSTAR 80 (USA 309)    
1 46826U 20078A   23277.30598841  .00000017  00000+0  00000+0 0  9998
2 46826  54.2982 250.8461 0036631 194.8890 329.4829  2.00562802 21715
NAVSTAR 81 (USA 319)    
1 48859U 21054A   23276.37019889 -.00000109  00000+0  00000+0 0  9990
2 48859  55.3431  12.0634 0013145 214.2788 177.5710  2.00571937 16941
QZS-1R                  
1 49336U 21096A   23277.51017782 -.00000258  00000+0  00000+0 0  9999
2 49336  35.4158  94.4500 0745273 269.8452 327.1024  1.00282676  7119
GSAT0223 (GALILEO 27)   
1 49809U 21116A   23277.29379497 -.00000111  00000+0  00000+0 0  9994
2 49809  57.2820   8.2923 0003651 199.0596 122.7870  1.70476230 11351
GSAT0224 (GALILEO 28)   
1 49810U 21116B   23274.29079145 -.00000106  00000+0  00000+0 0  9994
2 49810  57.2825   8.3716 0002886 189.0507 202.2691  1.70475992 11336
COSMOS 2557             
1 52984U 22075A   23276.78374637 -.00000090  00000+0  00000+0 0  9997
2 52984  64.7518 349.0578 0012741 275.2561  84.6553  2.13102279  9670
COSMOS 2559             
1 54031U 22130A   23277.19508634 -.00000091  00000+0  00000+0 0  9997
2 54031  64.7230 349.1700 0007662 222.3687 137.6281  2.13101496  7655
COSMOS 2564             
1 54377U 22161A   23276.91876124  .00000029  00000+0  00000+0 0  9995
2 54377  64.7544 225.5677 0010047 224.4688 135.4395  2.13102170  6595
NAVSTAR 82 (USA 343)    
1 55268U 23009A   23275.90277778  .00000007  00000+0  00000+0 0  9991
2 55268  55.0856 187.2999 0003759  90.8584   3.1568  2.00557648  5421
BEIDOU-3 G4             
1 56564U 23066A   23277.59789602 -.00000122  00000+0  00000+0 0  9994
2 56564   2.7698 288.6863 0006164 222.9543 236.6695  1.00272084  1502
IRNSS-1J (NVS-01)       
1 56759U 23076A   23277.46339637 -.00000349  00000+0  00000+0 0  9997
2 56759   4.6629 271.4971 0007184 346.7832  51.0421  1.00272603  1224
