NAVSTAR 43 (USA 132)    
1 24876U 97035A   23241.11497769  .00000001  00000+0  00000+0 0  9996
2 24876  55.5859 138.5881 0072271  52.1879 308.5148  2.00563931191437
NAVSTAR 47 (USA 150)    
1 26360U 00025A   23241.49463618 -.00000014  00000+0  00000+0 0  9991
2 26360  54.4272  60.8414 0041420 199.0317 164.6530  2.00571044170766
NAVSTAR 51 (USA 166)    
1 27663U 03005A   23242.13911748  .00000045  00000+0  00000+0 0  9996
2 27663  55.2485 255.6170 0131741  44.6609  44.2148  2.00566238150806
NAVSTAR 52 (USA 168)    
1 27704U 03010A   23241.70773424 -.00000089  00000+0  00000+0 0  9996
2 27704  55.1155   5.5981 0248547 318.6130  36.9179  2.00574471149597
NAVSTAR 54 (USA 177)    
1 28190U 04009A   23241.38940623 -.00000042  00000+0  00000+0 0  9995
2 28190  55.6950 316.7063 0092959 138.3938 285.5468  2.00567354142431
NAVSTAR 56 (USA 180)    
1 28474U 04045A   23241.47386892 -.00000087  00000+0  00000+0 0  9991
2 28474  55.4426   5.9270 0162113 282.3976 257.7305  2.00579583137916
ANIK F1R                
1 28868U 05036A   23242.37571831 -.00000089  00000+0  00000+0 0  9990
2 28868   1.6740  89.1148 0002779  38.7368 238.3980  1.00271411 65914
NAVSTAR 57 (USA 183)    
1 28874U 05038A   23241.76508212 -.00000038  00000+0  00000+0 0  9998
2 28874  55.7462 314.1433 0139404 279.4343  77.1199  2.00575720131324
INMARSAT 4-F2           
1 28899U 05044A   23242.12308433 -.00000002  00000+0  00000+0 0  9997
2 28899   3.8555  40.6575 0002895 124.8064 280.8032  1.00270493 65257
NAVSTAR 58 (USA 190)    
1 29486U 06042A   23241.16490348  .00000009  00000+0  00000+0 0  9995
2 29486  54.6857 191.9001 0102977  31.8466 153.0620  2.00570058123876
NAVSTAR 59 (USA 192)    
1 29601U 06052A   23241.32693822  .00000056  00000+0  00000+0 0  9997
2 29601  55.2697 254.6083 0084184  79.3648 281.6275  2.00577230122893
NAVSTAR 60 (USA 196)    
1 32260U 07047A   23241.14265784  .00000006  00000+0  00000+0 0  9994
2 32260  53.4620 122.3980 0151120  70.4617 291.2408  2.00551643116296
COSMOS 2433             
1 32275U 07052A   23241.40135822 -.00000070  00000+0  00000+0 0  9996
2 32275  66.0237 350.1325 0003525 215.5628 144.4326  2.13104013123261
COSMOS 2432             
1 32276U 07052B   23241.53520406 -.00000071  00000+0  00000+0 0  9998
2 32276  66.0379 350.2368 0008054 322.1254  87.6340  2.13103143123299
NAVSTAR 61 (USA 199)    
1 32384U 07062A   23241.49727666 -.00000038  00000+0  00000+0 0  9994
2 32384  55.8782 314.9741 0024916 149.9026 236.3304  2.00558349115003
COSMOS 2434             
1 32393U 07065A   23241.20243262  .00000063  00000+0  00000+0 0  9998
2 32393  64.3375 226.5139 0000105 118.8973 339.6404  2.13103036121979
COSMOS 2436             
1 32395U 07065C   23241.83452064  .00000055  00000+0  00000+0 0  9992
2 32395  64.3462 226.5541 0015660 352.1385   6.8433  2.13102752121943
NAVSTAR 62 (USA 201)    
1 32711U 08012A   23241.05685062  .00000008  00000+0  00000+0 0  9995
2 32711  54.4529 190.7369 0177499 235.8047 122.4711  2.00557011113235
NAVSTAR 64 (USA 206)    
1 35752U 09043A   23241.52649630 -.00000002  00000+0  00000+0 0  9996
2 35752  55.4282  67.9493 0058426  68.8003 286.9998  2.00558158102848
COSMOS 2456             
1 36111U 09070A   23241.11121887  .00000040  00000+0  00000+0 0  9991
2 36111  64.4875 106.0204 0002378 331.3628 216.4727  2.13099156106627
COSMOS 2457             
1 36112U 09070B   23242.09979971  .00000043  00000+0  00000+0 0  9998
2 36112  64.4717 105.8518 0005480 148.4980 208.4781  2.13101327106684
COSMOS 2460             
1 36402U 10007C   23241.28753240 -.00000070  00000+0  00000+0 0  9992
2 36402  65.8863 348.8529 0001518 160.9638 281.1960  2.13106200104939
NAVSTAR 65 (USA 213)    
1 36585U 10022A   23241.64631311  .00000051  00000+0  00000+0 0  9993
2 36585  54.5684 249.8165 0109049  59.6696 139.0452  2.00561601 97089
BEIDOU-2 IGSO-1         
1 36828U 10036A   23242.25203462 -.00000166  00000+0  00000+0 0  9996
2 36828  54.2370 172.2183 0036863 189.1960 174.9553  1.00254483 47983
QZS-1 (MICHIBIKI-1)     
1 37158U 10045A   23235.98548465 -.00000031  00000+0  00000+0 0  9991
2 37158  42.8909 127.5505 0036254  12.7354 203.3381  0.88330244 47378
BEIDOU-2 G4             
1 37210U 10057A   23242.08577205 -.00000127  00000+0  00000+0 0  9992
2 37210   1.1636  60.5972 0005732 148.0300 320.1993  1.00270905 47039
BEIDOU-2 IGSO-2         
1 37256U 10068A   23242.11414240 -.00000164  00000+0  00000+0 0  9998
2 37256  49.4177 284.3689 0032493 212.2635 350.3069  1.00285329 46544
BEIDOU-2 IGSO-3         
1 37384U 11013A   23242.24196287 -.00000156  00000+0  00000+0 0  9994
2 37384  60.9317  49.9436 0028012 173.8572 309.4049  1.00282628 45427
GSAT-8                  
1 37605U 11022A   23242.12134389  .00000070  00000+0  00000+0 0  9996
2 37605   0.0358 283.0863 0004163 325.1675 188.5472  1.00272128 44996
NAVSTAR 66 (USA 232)    
1 37753U 11036A   23241.27425115 -.00000081  00000+0  00000+0 0  9993
2 37753  56.7430  11.7023 0127177  56.2907 319.6951  2.00568357 88769
BEIDOU-2 IGSO-4         
1 37763U 11038A   23242.23879622 -.00000105  00000+0  00000+0 0  9996
2 37763  54.5108 174.7594 0112123 228.1534 116.7747  1.00274766 44399
GSAT0101 (GALILEO-PFM)  
1 37846U 11060A   23240.25773057 -.00000081  00000+0  00000+0 0  9991
2 37846  57.1090   9.4908 0002011  74.9283 285.0941  1.70475772 73794
GSAT0102 (GALILEO-FM2)  
1 37847U 11060B   23241.36160389 -.00000086  00000+0  00000+0 0  9998
2 37847  57.1098   9.4609 0001252 358.7174   5.0624  1.70475167 73694
COSMOS 2476             
1 37867U 11064A   23241.94821764  .00000043  00000+0  00000+0 0  9991
2 37867  64.7677 107.5168 0021284 233.0383 146.1721  2.13101680 92035
COSMOS 2477             
1 37868U 11064B   23242.35887943  .00000043  00000+0  00000+0 0  9999
2 37868  64.7750 107.5721 0018505 233.4797 278.6630  2.13101581 91992
COSMOS 2475             
1 37869U 11064C   23242.44069649  .00000043  00000+0  00000+0 0  9995
2 37869  64.7823 107.5816 0022723 251.4804 281.9011  2.13101963 92002
BEIDOU-2 IGSO-5         
1 37948U 11073A   23241.43554559 -.00000114  00000+0  00000+0 0  9990
2 37948  49.5442 284.0453 0095102 220.3749  85.8063  1.00273665 42872
LUCH-5A                 
1 37951U 11074B   23241.85703056 -.00000060  00000+0  00000+0 0  9999
2 37951   6.1277  89.7934 0005033  55.1117 308.4472  1.00273410 42801
BEIDOU-2 G5             
1 38091U 12008A   23242.12212708  .00000044  00000+0  00000+0 0  9994
2 38091   1.6962  68.3354 0002615 165.7988 206.5430  1.00270563 42239
BEIDOU-2 M3             
1 38250U 12018A   23241.37947800 -.00000083  00000+0  00000+0 0  9990
2 38250  56.5125 339.0724 0022525 255.3266 163.2043  1.86231265 77240
BEIDOU-2 M4             
1 38251U 12018B   23240.68636388 -.00000081  00000+0  00000+0 0  9998
2 38251  56.4258 338.3895 0013931 254.6980 105.1814  1.86231715 76884
SES-5                   
1 38652U 12036A   23242.32637654  .00000019  00000+0  00000+0 0  9993
2 38652   0.0182 277.0114 0002222 243.7240 299.9993  1.00269851 40825
BEIDOU-2 M6             
1 38775U 12050B   23242.00722906  .00000023  00000+0  00000+0 0  9990
2 38775  55.6863  96.9459 0011836 339.3050  20.7453  1.86231163 74620
GSAT-10                 
1 38779U 12051B   23242.41357314 -.00000180  00000+0  00000+0 0  9992
2 38779   0.0725 273.8765 0001269 330.2220 326.1507  1.00271409 40044
NAVSTAR 67 (USA 239)    
1 38833U 12053A   23241.23443204  .00000002  00000+0  00000+0 0  9990
2 38833  53.5136 185.4421 0141566  51.8122 309.4223  2.00567016 78923
GSAT0103 (GALILEO-FM3)  
1 38857U 12055A   23241.47007500  .00000000  00000+0  00000+0 0  9997
2 38857  55.2798 129.6546 0002737 266.4350  93.6071  1.70473527 67710
GSAT0104 (GALILEO-FM4)  
1 38858U 12055B   23242.02612039  .00000002  00000+0  00000+0 0  9991
2 38858  55.2802 129.6409 0000396 247.4628 112.6099  1.70473858 67697
BEIDOU-2 G6             
1 38953U 12059A   23242.41383420 -.00000190  00000+0  00000+0 0  9992
2 38953   1.8119  81.9664 0007546 315.5714 173.8240  1.00269291 39807
LUCH-5B                 
1 38977U 12061A   23242.32211243 -.00000148  00000+0  00000+0 0  9997
2 38977   8.2432  59.1661 0006016 104.1796 274.5837  1.00270766 39933
COSMOS 2485             
1 39155U 13019A   23240.92667097  .00000039  00000+0  00000+0 0  9994
2 39155  64.9276 108.0737 0021791 229.0438 130.8614  2.13101892 80472
NAVSTAR 68 (USA 242)    
1 39166U 13023A   23242.09371754 -.00000032  00000+0  00000+0 0  9997
2 39166  55.3612 310.3279 0114145  41.7271 319.2105  2.00564147 75374
IRNSS-1A                
1 39199U 13034A   23242.12143090  .00000078  00000+0  00000+0 0  9998
2 39199  33.4111  78.7682 0020035 176.2849 181.8046  1.00277993 37399
NAVSTAR 69 (USA 248)    
1 39533U 14008A   23241.59331842  .00000005  00000+0  00000+0 0  9996
2 39533  53.6008 190.9843 0067262 215.7839 143.7314  2.00551301 69172
ASTRA 5B                
1 39617U 14011B   23242.11507825  .00000122  00000+0  00000+0 0  9998
2 39617   0.0701 305.5841 0002863 233.2402 224.1149  1.00270814 34628
COSMOS 2492             
1 39620U 14012A   23241.35135664 -.00000070  00000+0  00000+0 0  9999
2 39620  65.7700 348.4701 0011141 318.0476  41.8880  2.13103019 73448
IRNSS-1B                
1 39635U 14017A   23242.12143090  .00000112  00000+0  00000+0 0  9994
2 39635  28.7151 257.7521 0019994 191.7312 347.3106  1.00272964 34537
LUCH-5V                 
1 39727U 14023A   23242.41592274 -.00000283  00000+0  00000+0 0  9997
2 39727   2.5605  77.2994 0003178 121.8774  23.6426  1.00272215552268
NAVSTAR 70 (USA 251)    
1 39741U 14026A   23242.37359690 -.00000086  00000+0  00000+0 0  9995
2 39741  56.6960  11.1819 0028867 311.2234  48.5307  2.00557386 68036
COSMOS 2500             
1 40001U 14032A   23241.53472745 -.00000070  00000+0  00000+0 0  9990
2 40001  65.7081 348.2918 0007866 195.9661 164.0306  2.13105767 71665
NAVSTAR 71 (USA 256)    
1 40105U 14045A   23241.95950852  .00000011  00000+0  00000+0 0  9999
2 40105  54.8108 129.2873 0024622 113.1212 247.2098  2.00577252 66461
GSAT0201 (GALILEO 5)    
1 40128U 14050A   23239.25807056 -.00000050  00000+0  00000+0 0  9991
2 40128  49.9425 314.8908 1609256 140.0683 232.9770  1.85519028 59300
GSAT0202 (GALILEO 6)    
1 40129U 14050B   23239.51748692 -.00000047  00000+0  00000+0 0  9997
2 40129  49.9616 313.9518 1607130 140.8892 231.9301  1.85519693 61477
IRNSS-1C                
1 40269U 14061A   23241.85396556 -.00000176  00000+0  00000+0 0  9995
2 40269   3.9501 112.8818 0020143  16.8532 238.5116  1.00271629 32431
NAVSTAR 72 (USA 258)    
1 40294U 14068A   23240.84088904  .00000006  00000+0  00000+0 0  9994
2 40294  56.1710  70.7148 0049050  61.6693 298.8957  2.00571297 64682
COSMOS 2501             
1 40315U 14075A   23240.84606186  .00000066  00000+0  00000+0 0  9990
2 40315  63.6409 225.8858 0020082 211.5694 148.3132  2.13101280 68049
NAVSTAR 73 (USA 260)    
1 40534U 15013A   23241.47498160  .00000050  00000+0  00000+0 0  9990
2 40534  53.4672 246.5330 0080110  25.1983 335.2175  2.00554995 61312
GSAT0203 (GALILEO 7)    
1 40544U 15017A   23242.38353795 -.00000090  00000+0  00000+0 0  9995
2 40544  56.9045   9.4069 0002962 223.0046 136.9689  1.70476016 52441
GSAT0204 (GALILEO 8)    
1 40545U 15017B   23241.46398493 -.00000087  00000+0  00000+0 0  9994
2 40545  56.9104   9.4461 0003269 204.5666 155.4155  1.70475525 14814
IRNSS-1D                
1 40547U 15018A   23241.48753146 -.00000269  00000+0  00000+0 0  9991
2 40547  28.0850 257.7337 0020379 191.7031 175.1641  1.00266188 30732
BEIDOU-3S IGSO-1S       
1 40549U 15019A   23242.12120488 -.00000149  00000+0  00000+0 0  9990
2 40549  51.1088 307.6345 0040843 195.8544 332.3240  1.00256723 30837
NAVSTAR 74 (USA 262)    
1 40730U 15033A   23241.63662671 -.00000028  00000+0  00000+0 0  9994
2 40730  54.8501 308.9631 0085030  13.9821 346.3260  2.00555467 59483
BEIDOU-3S M2S           
1 40748U 15037A   23240.88917456 -.00000081  00000+0  00000+0 0  9996
2 40748  55.6662 336.9861 0010962 240.1050 119.8220  1.86233049 55066
BEIDOU-3S M1S           
1 40749U 15037B   23241.69622005 -.00000082  00000+0  00000+0 0  9991
2 40749  55.6687 336.9451 0002918 304.3592  55.6506  1.86232739 55075
GSAT0205 (GALILEO 9)    
1 40889U 15045A   23241.23195039  .00000059  00000+0  00000+0 0  9990
2 40889  55.3668 249.8649 0003325 357.7390   2.2950  1.70473363 49570
GSAT0206 (GALILEO 10)   
1 40890U 15045B   23240.86605694  .00000063  00000+0  00000+0 0  9998
2 40890  55.3661 249.8706 0002348 322.9815  37.0404  1.70473389 49599
BEIDOU-3S IGSO-2S       
1 40938U 15053A   23241.43332338 -.00000084  00000+0  00000+0 0  9990
2 40938  50.8182 270.8137 0047888 194.4491 123.9333  1.00284308 29095
NAVSTAR 75 (USA 265)    
1 41019U 15062A   23241.19090861  .00000005  00000+0  00000+0 0  9998
2 41019  56.1556  70.5509 0088853 221.0106 138.3858  2.00562152 57310
GSAT-15                 
1 41028U 15065A   23241.84241076 -.00000272  00000+0  00000+0 0  9996
2 41028   0.0757 274.9677 0002123 208.8898 250.6781  1.00269332 28543
GSAT0209 (GALILEO 12)   
1 41174U 15079A   23239.86457578 -.00000004  00000+0  00000+0 0  9991
2 41174  55.2970 129.4056 0003323 327.9604  32.0839  1.70473938 47318
GSAT0208 (GALILEO 11)   
1 41175U 15079B   23240.67078520 -.00000002  00000+0  00000+0 0  9997
2 41175  55.2954 129.3815 0002576 333.2048  26.8508  1.70473776 47745
IRNSS-1E                
1 41241U 16003A   23241.50411718 -.00000300  00000+0  00000+0 0  9993
2 41241  30.9625  77.8836 0019960 173.7724  19.0277  1.00267939 27949
NAVSTAR 76 (USA 266)    
1 41328U 16007A   23241.28334446  .00000006  00000+0  00000+0 0  9992
2 41328  55.0149 130.0912 0071336 233.9545 125.4489  2.00575783 55326
COSMOS 2514             
1 41330U 16008A   23241.29660091 -.00000070  00000+0  00000+0 0  9997
2 41330  65.5054 347.8827 0011538 205.8630 154.1012  2.13102558 58823
IRNSS-1F                
1 41384U 16015A   23242.11690573  .00000144  00000+0  00000+0 0  9995
2 41384   2.9229 130.0797 0018319 177.1650 105.1608  1.00266574 27418
BEIDOU-2 IGSO-6         
1 41434U 16021A   23242.24413532 -.00000137  00000+0  00000+0 0  9993
2 41434  58.7456  48.3167 0047083 217.6202 256.4095  1.00283563 27226
IRNSS-1G                
1 41469U 16027A   23241.70625486 -.00000350  00000+0  00000+0 0  9997
2 41469   2.8131 131.7897 0003747 358.4360 231.1877  1.00266475 26926
GSAT0211 (GALILEO 14)   
1 41549U 16030A   23239.61857415  .00000072  00000+0  00000+0 0  9996
2 41549  55.5140 249.8845 0003936 307.4935  52.5153  1.70473479 45201
GSAT0210 (GALILEO 13)   
1 41550U 16030B   23241.08326791  .00000061  00000+0  00000+0 0  9998
2 41550  55.5125 249.8453 0004214 273.6480  86.3404  1.70473543 45228
COSMOS 2516             
1 41554U 16032A   23241.41148932  .00000059  00000+0  00000+0 0  9997
2 41554  63.8673 226.2653 0015502 214.6788 145.2201  2.13106367 56431
BEIDOU-2 G7             
1 41586U 16037A   23242.16595369 -.00000368  00000+0  00000+0 0  9994
2 41586   1.8573  68.3665 0007470 347.8104  92.2223  1.00273192 26530
EUTELSAT 117 WEST B     
1 41589U 16038B   23242.17158431 -.00000026  00000+0  00000+0 0  9995
2 41589   0.0101 326.8854 0000300 317.5920 358.3957  1.00272556 26452
GSAT0207 (GALILEO 15)   
1 41859U 16069A   23238.39866786 -.00000004  00000+0  00000+0 0  9993
2 41859  54.9589 129.5201 0003323 307.1286  52.9007  1.70473805 41910
GSAT0212 (GALILEO 16)   
1 41860U 16069B   23240.59968420 -.00000003  00000+0  00000+0 0  9997
2 41860  54.9573 129.4558 0002554 349.0970  10.9654  1.70474026 42200
GSAT0213 (GALILEO 17)   
1 41861U 16069C   23239.20593235 -.00000005  00000+0  00000+0 0  9994
2 41861  54.9592 129.5005 0002978 279.6844  80.3433  1.70472670 42049
GSAT0214 (GALILEO 18)   
1 41862U 16069D   23239.93975426 -.00000004  00000+0  00000+0 0  9990
2 41862  54.9581 129.4741 0002086 288.5937  71.4480  1.70472625 42184
SES-15                  
1 42709U 17026A   23242.31613262  .00000045  00000+0  00000+0 0  9992
2 42709   0.0207  48.7039 0001122 122.0342 152.1581  1.00272125 23934
QZS-2 (MICHIBIKI-2)     
1 42738U 17028A   23242.36260788 -.00000129  00000+0  00000+0 0  9996
2 42738  41.0520 257.9364 0752645 270.0184  82.1822  1.00266316 22894
QZS-3 (MICHIBIKI-3)     
1 42917U 17048A   23242.04632697 -.00000362  00000+0  00000+0 0  9993
2 42917   0.0717 219.3761 0002128 312.9361 309.3733  1.00274329 22119
COSMOS 2522             
1 42939U 17055A   23241.13842822  .00000064  00000+0  00000+0 0  9995
2 42939  64.1015 226.7982 0009983 243.3050 116.5955  2.13101940 46179
QZS-4 (MICHIBIKI-4)     
1 42965U 17062A   23241.20465519 -.00000316  00000+0  00000+0 0  9995
2 42965  40.6386 356.5246 0747245 269.1618 284.4517  1.00281887 21557
BEIDOU-3 M1             
1 43001U 17069A   23241.77357456  .00000023  00000+0  00000+0 0  9990
2 43001  55.8374  97.0121 0008013 301.7357  58.2842  1.86231351 39562
BEIDOU-3 M2             
1 43002U 17069B   23241.17333802  .00000022  00000+0  00000+0 0  9993
2 43002  55.8364  97.0681 0006516 333.6689  26.3950  1.86231068 39540
GSAT0215 (GALILEO 19)   
1 43055U 17079A   23242.18829026  .00000050  00000+0  00000+0 0  9993
2 43055  55.4892 249.6398 0003749 268.2504  91.7337  1.70474082 35565
GSAT0216 (GALILEO 20)   
1 43056U 17079B   23241.30705576  .00000059  00000+0  00000+0 0  9999
2 43056  55.4897 249.6640 0005319 274.1200  85.8537  1.70474269 35568
GSAT0217 (GALILEO 21)   
1 43057U 17079C   23240.35425400  .00000067  00000+0  00000+0 0  9998
2 43057  55.4893 249.6891 0004656 284.4093  75.5799  1.70474232 35533
GSAT0218 (GALILEO 22)   
1 43058U 17079D   23241.74745815  .00000055  00000+0  00000+0 0  9995
2 43058  55.4879 249.6484 0005770 271.0717  88.8931  1.70474169 35588
BEIDOU-3 M7             
1 43107U 18003A   23241.46110219 -.00000083  00000+0  00000+0 0  9993
2 43107  55.1219 337.6860 0003693  78.8159 281.2611  1.86232324 38308
BEIDOU-3 M8             
1 43108U 18003B   23241.39915503 -.00000083  00000+0  00000+0 0  9995
2 43108  55.1150 337.6751 0003821 241.7082 118.2889  1.86230800 38315
BEIDOU-3 M4             
1 43207U 18018A   23241.84158574  .00000023  00000+0  00000+0 0  9991
2 43207  55.7962  97.1090 0004975  10.9518 349.1572  1.86231284 37700
BEIDOU-3 M3             
1 43208U 18018B   23241.90823612  .00000023  00000+0  00000+0 0  9991
2 43208  55.7957  97.1111 0006027 318.7839  41.2688  1.86231183 37700
BEIDOU-3 M9             
1 43245U 18029A   23241.59410530 -.00000080  00000+0  00000+0 0  9994
2 43245  55.0165 335.4159 0001287 207.7056 152.3271  1.86232258 36857
BEIDOU-3 M10            
1 43246U 18029B   23240.45024989 -.00000079  00000+0  00000+0 0  9996
2 43246  55.0144 335.4837 0002708   1.0139 359.0237  1.86232804 36815
IRNSS-1I                
1 43286U 18035A   23239.68472135  .00000077  00000+0  00000+0 0  9997
2 43286  29.2315  90.3161 0019069 176.8962  10.0757  1.00269076 19798
COSMOS 2527             
1 43508U 18053A   23241.09715110  .00000040  00000+0  00000+0 0  9995
2 43508  65.0891 108.1593 0007370 221.1363 138.9030  2.13102343 40471
BEIDOU-2 IGSO-7         
1 43539U 18057A   23240.77388101 -.00000172  00000+0  00000+0 0  9990
2 43539  55.1214 171.9169 0064568 231.3265 325.1383  1.00285384 18880
GSAT0221 (GALILEO 25)   
1 43564U 18060A   23239.30082196 -.00000077  00000+0  00000+0 0  9998
2 43564  57.2847   9.4169 0002401 252.8311 107.1454  1.70475940 31693
GSAT0222 (GALILEO 26)   
1 43565U 18060B   23240.10547790 -.00000081  00000+0  00000+0 0  9990
2 43565  57.2882   9.3963 0003146 206.6357 153.3488  1.70475666 31750
GSAT0219 (GALILEO 23)   
1 43566U 18060C   23240.91439903 -.00000084  00000+0  00000+0 0  9999
2 43566  57.2876   9.3765 0001523 256.2784 103.7031  1.70475909 31748
GSAT0220 (GALILEO 24)   
1 43567U 18060D   23241.72139246 -.00000087  00000+0  00000+0 0  9990
2 43567  57.2875   9.3552 0001915 247.7405 112.2363  1.70475508 31739
BEIDOU-3 M5             
1 43581U 18062A   23242.28137063  .00000028  00000+0  00000+0 0  9999
2 43581  54.1794 217.0846 0005400 279.0482  80.8575  1.86231738 34607
BEIDOU-3 M6             
1 43582U 18062B   23242.14723047  .00000029  00000+0  00000+0 0  9999
2 43582  54.1790 217.0788 0004930 353.1959   6.7649  1.86229555 34602
BEIDOU-3 M12            
1 43602U 18067A   23241.54663513  .00000033  00000+0  00000+0 0  9996
2 43602  54.2664 215.7541 0006914  11.3407 348.6446  1.86231461 34076
BEIDOU-3 M11            
1 43603U 18067B   23242.21740038  .00000027  00000+0  00000+0 0  9993
2 43603  54.2634 215.6970 0004058 354.8722   5.0892  1.86231408 34116
BEIDOU-3 M13            
1 43622U 18072A   23241.10237803  .00000022  00000+0  00000+0 0  9993
2 43622  55.7654  96.6738 0004727 300.1796  59.8701  1.86231538 33605
BEIDOU-3 M14            
1 43623U 18072B   23242.04173919  .00000023  00000+0  00000+0 0  9996
2 43623  55.7679  96.6350 0003282 345.9099  14.1791  1.86231556 33626
BEIDOU-3 M16            
1 43647U 18078A   23241.66700988 -.00000081  00000+0  00000+0 0  9992
2 43647  54.9125 335.5362 0005970  11.1628 348.8898  1.86227143 33120
BEIDOU-3 M15            
1 43648U 18078B   23240.18692245 -.00000079  00000+0  00000+0 0  9992
2 43648  54.9090 335.5911 0002931  26.6442 333.4073  1.86232138 33115
BEIDOU-3 G1             
1 43683U 18085A   23242.03938344 -.00000293  00000+0  00000+0 0  9996
2 43683   1.5017 124.7663 0003083 351.0242  16.4146  1.00268805 17808
COSMOS 2529             
1 43687U 18086A   23241.19641331  .00000064  00000+0  00000+0 0  9999
2 43687  64.3167 227.2299 0011615 261.9779  97.8935  2.13102011 37489
BEIDOU-3 M17            
1 43706U 18093A   23241.40889300  .00000036  00000+0  00000+0 0  9992
2 43706  54.2619 217.0313 0010487 279.2775  80.5763  1.86231845 32490
BEIDOU-3 M18            
1 43707U 18093B   23242.34868011  .00000027  00000+0  00000+0 0  9993
2 43707  54.2625 216.9909 0008612 303.6710  56.2131  1.86229642 32508
NAVSTAR 77 (USA 289)    
1 43873U 18109A   23241.67688484  .00000008  00000+0  00000+0 0  9993
2 43873  55.1910 132.5895 0025584 191.4032 348.3153  2.00568403 34568
BEIDOU-3 IGSO-1         
1 44204U 19023A   23241.84268731 -.00000191  00000+0  00000+0 0  9990
2 44204  57.2110  48.3003 0023504 193.6968 158.7384  1.00283666 16102
BEIDOU-2 G8             
1 44231U 19027A   23241.76854707 -.00000260  00000+0  00000+0 0  9996
2 44231   1.9405  81.1573 0006096 124.8601 192.9077  1.00272754 15822
COSMOS 2534             
1 44299U 19030A   23241.19388448  .00000064  00000+0  00000+0 0  9996
2 44299  64.3893 227.1558 0013708 280.8157 211.4047  2.13101863 33126
BEIDOU-3 IGSO-2         
1 44337U 19035A   23241.70399227 -.00000179  00000+0  00000+0 0  9996
2 44337  55.1538 167.8423 0033156 197.2242 345.7406  1.00276053 15410
NAVSTAR 78 (USA 293)    
1 44506U 19056A   23241.50989722 -.00000083  00000+0  00000+0 0  9994
2 44506  55.8205  11.6716 0036689 184.5999 134.2723  2.00565175 29559
BEIDOU-3 M24            
1 44542U 19061A   23241.34654919  .00000038  00000+0  00000+0 0  9998
2 44542  54.4892 217.2621 0008356 337.4506  22.4858  1.86231394 26749
BEIDOU-3 M23            
1 44543U 19061B   23241.75118976  .00000033  00000+0  00000+0 0  9997
2 44543  54.4873 217.2176 0005931 320.2660 222.8486  1.86231640 26759
BEIDOU-3 IGSO-3         
1 44709U 19073A   23241.54090928 -.00000145  00000+0  00000+0 0  9992
2 44709  56.5431 291.8132 0035269 189.4518 170.6098  1.00283985 14201
BEIDOU-3 M22            
1 44793U 19078A   23242.36813637 -.00000083  00000+0  00000+0 0  9992
2 44793  54.7623 335.4784 0004854  21.5463  47.1308  1.86232027 25621
BEIDOU-3 M21            
1 44794U 19078B   23241.32247510 -.00000080  00000+0  00000+0 0  9996
2 44794  54.7349 335.4982 0002813  13.9286 346.1178  1.86232532 25604
COSMOS 2544             
1 44850U 19088A   23241.04087222  .00000040  00000+0  00000+0 0  9996
2 44850  65.0750 108.0042 0011543 253.4426 106.5253  2.13102103 28916
BEIDOU-3 M19            
1 44864U 19090A   23242.09979971  .00000023  00000+0  00000+0 0  9992
2 44864  55.7001  96.8276 0015627 275.9811  79.0379  1.86231582 25196
BEIDOU-3 M20            
1 44865U 19090B   23241.17271360  .00000022  00000+0  00000+0 0  9997
2 44865  55.7012  96.8916 0013592 291.1712 252.0670  1.86231542 25169
BEIDOU-3 G2             
1 45344U 20017A   23241.85396556 -.00000153  00000+0  00000+0 0  9997
2 45344   2.0446  15.8743 0003459 147.3302 202.0401  1.00269852 13003
COSMOS 2545             
1 45358U 20018A   23241.23761305 -.00000071  00000+0  00000+0 0  9992
2 45358  64.8457 348.1348 0009622 236.3884 123.5414  2.13102439 26862
BEIDOU-3 G3             
1 45807U 20040A   23241.70242586 -.00000367  00000+0  00000+0 0  9991
2 45807   0.6211 342.4468 0005386 339.2765  19.2102  1.00278894 11819
NAVSTAR 79 (USA 304)    
1 45854U 20041A   23241.58406375  .00000001  00000+0  00000+0 0  9992
2 45854  55.8771  68.9506 0035891 186.0231 129.8126  2.00563478 23528
GALAXY 30 (G-30)        
1 46114U 20056C   23242.22070227  .00000022  00000+0  00000+0 0  9996
2 46114   0.0185 114.4926 0002234  44.4672 133.6392  1.00270559 11151
COSMOS 2547             
1 46805U 20075A   23241.42666109  .00000061  00000+0  00000+0 0  9998
2 46805  64.6166 226.7021 0008656 244.0213 115.8906  2.13102882 22118
NAVSTAR 80 (USA 309)    
1 46826U 20078A   23242.40667645  .00000039  00000+0  00000+0 0  9994
2 46826  54.3148 252.2646 0035782 194.7014 330.5640  2.00562613 21000
NAVSTAR 81 (USA 319)    
1 48859U 21054A   23241.49502434 -.00000082  00000+0  00000+0 0  9998
2 48859  55.3378  13.4609 0011896 209.9563 199.1750  2.00573684 16249
QZS-1R                  
1 49336U 21096A   23223.74525463 -.00000331  00000+0  00000+0 0  9997
2 49336  35.3005  95.2790 0740332 268.7858 355.3268  1.00301615  6575
GSAT0223 (GALILEO 27)   
1 49809U 21116A   23238.65019376 -.00000075  00000+0  00000+0 0  9997
2 49809  57.2780   9.3343 0003262 169.0253 196.3634  1.70475850 10709
GSAT0224 (GALILEO 28)   
1 49810U 21116B   23241.39007561 -.00000086  00000+0  00000+0 0  9999
2 49810  57.2792   9.2584 0002860 159.7981 199.5981  1.70475721 10760
COSMOS 2557             
1 52984U 22075A   23241.11988465 -.00000072  00000+0  00000+0 0  9996
2 52984  64.7622 350.2986 0011606 275.9634  83.9232  2.13102153  8913
COSMOS 2559             
1 54031U 22130A   23241.53109804 -.00000072  00000+0  00000+0 0  9991
2 54031  64.7333 350.4122 0006939 215.5499 144.4229  2.13101421  6894
COSMOS 2564             
1 54377U 22161A   23242.19355703  .00000051  00000+0  00000+0 0  9998
2 54377  64.7573 226.7285 0011042 226.6689 133.2350  2.13102099  5851
NAVSTAR 82 (USA 343)    
1 55268U 23009A   23241.62336420  .00000005  00000+0  00000+0 0  9991
2 55268  55.0910 188.6380 0004311  91.8929  91.6578  2.00555942  4731
BEIDOU-3 G4             
1 56564U 23066A   23242.38521660 -.00000128  00000+0  00000+0 0  9997
2 56564   2.8579 288.8165 0007277 208.9487 139.1757  1.00272468  1158
IRNSS-1J (NVS-01)       
1 56759U 23076A   23241.99910484 -.00000354  00000+0  00000+0 0  9997
2 56759   4.7544 272.1643 0005384 332.2348 222.6242  1.00276077   952
