NAVSTAR 43 (USA 132)    
1 24876U 97035A   23304.43441454  .00000036  00000+0  00000+0 0  9999
2 24876  55.6028 136.1131 0074662  53.4158 307.3231  2.00564529192703
NAVSTAR 47 (USA 150)    
1 26360U 00025A   23304.23759630 -.00000069  00000+0  00000+0 0  9995
2 26360  54.4806  58.2743 0041843 202.8908 105.7004  2.00566805172014
NAVSTAR 51 (USA 166)    
1 27663U 03005A   23304.58478257 -.00000009  00000+0  00000+0 0  9998
2 27663  55.2163 253.1334 0134169  45.0741 133.0173  2.00562691152067
NAVSTAR 52 (USA 168)    
1 27704U 03010A   23304.55648497 -.00000107  00000+0  00000+0 0  9991
2 27704  55.1151   3.0613 0250274 319.9793  56.6841  2.00553789150863
NAVSTAR 54 (USA 177)    
1 28190U 04009A   23304.37003302 -.00000063  00000+0  00000+0 0  9991
2 28190  55.6466 314.2000 0092249 140.9866  38.6699  2.00565545143690
NAVSTAR 56 (USA 180)    
1 28474U 04045A   23304.57102537 -.00000107  00000+0  00000+0 0  9997
2 28474  55.4426   3.4016 0163951 284.0612  94.2762  2.00556827139182
ANIK F1R                
1 28868U 05036A   23304.59482943 -.00000073  00000+0  00000+0 0  9991
2 28868   1.8371  88.2954 0001373 119.5480 298.6640  1.00272195 36834
NAVSTAR 57 (USA 183)    
1 28874U 05038A   23304.57282101 -.00000060  00000+0  00000+0 0  9998
2 28874  55.6967 311.6455 0140442 280.6334  68.4381  2.00571586132588
INMARSAT 4-F2           
1 28899U 05044A   23304.55952069 -.00000343  00000+0  00000+0 0  9991
2 28899   3.9324  41.2262 0004048 205.7107 107.9795  1.00833219 65897
NAVSTAR 58 (USA 190)    
1 29486U 06042A   23304.46415858  .00000023  00000+0  00000+0 0  9997
2 29486  54.6795 189.3918 0104366  34.1090 137.3677  2.00566848125149
NAVSTAR 59 (USA 192)    
1 29601U 06052A   23304.15142763 -.00000010  00000+0  00000+0 0  9992
2 29601  55.2393 252.1137 0084410  79.5451 281.3894  2.00552572124152
NAVSTAR 60 (USA 196)    
1 32260U 07047A   23303.96731510  .00000023  00000+0  00000+0 0  9997
2 32260  53.4926 119.7929 0152876  72.0083 289.6782  2.00548807117556
COSMOS 2433             
1 32275U 07052A   23303.81280519 -.00000071  00000+0  00000+0 0  9995
2 32275  66.0065 348.0572 0005298 242.7754 117.2370  2.13104083124592
COSMOS 2432             
1 32276U 07052B   23303.64805878 -.00000070  00000+0  00000+0 0  9997
2 32276  66.0210 348.1725 0010208 311.5026 229.0078  2.13103230124613
NAVSTAR 61 (USA 199)    
1 32384U 07062A   23304.50339637 -.00000061  00000+0  00000+0 0  9999
2 32384  55.8302 312.4779 0024226 152.3701   6.4953  2.00561612116269
COSMOS 2434             
1 32393U 07065A   23304.24620163  .00000015  00000+0  00000+0 0  9998
2 32393  64.3308 224.3740 0002395  69.2640 154.6025  2.13103063123316
COSMOS 2436             
1 32395U 07065C   23304.48555287  .00000014  00000+0  00000+0 0  9999
2 32395  64.3394 224.4281 0016480   0.2139 182.7214  2.13102699123273
NAVSTAR 62 (USA 201)    
1 32711U 08012A   23303.87948007  .00000030  00000+0  00000+0 0  9990
2 32711  54.4478 188.2329 0177906 236.1798 122.2008  2.00559146114493
NAVSTAR 64 (USA 206)    
1 35752U 09043A   23304.35576519 -.00000056  00000+0  00000+0 0  9991
2 35752  55.4826  65.4417 0057204  70.2672 289.7797  2.00554718104100
COSMOS 2456             
1 36111U 09070A   23303.80779241  .00000023  00000+0  00000+0 0  9990
2 36111  64.5154 103.8667 0001228 328.4363  77.4422  2.13099080107963
COSMOS 2457             
1 36112U 09070B   23304.51744075  .00000023  00000+0  00000+0 0  9997
2 36112  64.4998 103.7063 0006573 149.4917 212.0340  2.13101278107983
COSMOS 2460             
1 36402U 10007C   23304.15045900 -.00000071  00000+0  00000+0 0  9996
2 36402  65.8677 346.7517 0002368 245.9773 183.0726  2.13106251106279
NAVSTAR 65 (USA 213)    
1 36585U 10022A   23304.43754417 -.00000008  00000+0  00000+0 0  9996
2 36585  54.5398 247.2814 0111661  59.8121 117.4809  2.00564864 98342
BEIDOU-2 IGSO-1         
1 36828U 10036A   23304.29914619 -.00000077  00000+0  00000+0 0  9993
2 36828  54.2335 171.6514 0037828 191.5181 250.0199  1.00294141 48583
QZS-1 (MICHIBIKI-1)     
1 37158U 10045A   23304.37693684  .00000025  00000+0  00000+0 0  9997
2 37158  42.9475 127.0236 0004035 112.2118  99.1316  0.87715678 47971
BEIDOU-2 G4             
1 37210U 10057A   23304.53933184 -.00000111  00000+0  00000+0 0  9996
2 37210   1.3054  63.3110 0007897 171.3484 159.1151  1.00271691 47664
BEIDOU-2 IGSO-2         
1 37256U 10068A   23304.20616132 -.00000212  00000+0  00000+0 0  9995
2 37256  49.3078 283.6152 0031341 213.8965  83.9261  1.00265293 47164
BEIDOU-2 IGSO-3         
1 37384U 11013A   23304.29701309 -.00000203  00000+0  00000+0 0  9998
2 37384  61.0224  49.3433 0028063 178.8907  25.6794  1.00267090 46038
GSAT-8                  
1 37605U 11022A   23304.58899845  .00000085  00000+0  00000+0 0  9996
2 37605   0.0067 227.0279 0008289  26.5293  53.2107  1.00272677 43590
NAVSTAR 66 (USA 232)    
1 37753U 11036A   23304.06107449 -.00000105  00000+0  00000+0 0  9994
2 37753  56.7501   9.2688 0126874  56.2702 295.7536  2.00569037 90013
BEIDOU-2 IGSO-4         
1 37763U 11038A   23304.34138457 -.00000039  00000+0  00000+0 0  9997
2 37763  54.5069 174.2051 0112035 227.3358 215.1742  1.00262519 45028
GSAT0101 (GALILEO-PFM)  
1 37846U 11060A   23301.26256572 -.00000100  00000+0  00000+0 0  9990
2 37846  57.1143   7.8397 0000637 323.5222  36.5269  1.70475790 74709
GSAT0102 (GALILEO-FM2)  
1 37847U 11060B   23303.54509016 -.00000104  00000+0  00000+0 0  9992
2 37847  57.1150   7.7779 0002809 298.7768  68.2603  1.70475207 74754
COSMOS 2476             
1 37867U 11064A   23304.10952715  .00000026  00000+0  00000+0 0  9991
2 37867  64.7942 105.4050 0021609 230.0811 317.0744  2.13101694 93301
COSMOS 2477             
1 37868U 11064B   23304.57625240  .00000026  00000+0  00000+0 0  9993
2 37868  64.8015 105.4593 0018816 230.1042 132.9634  2.13101559 93312
COSMOS 2475             
1 37869U 11064C   23304.20751227  .00000026  00000+0  00000+0 0  9999
2 37869  64.8086 105.4846 0022741 248.4404 150.2831  2.13101826 93317
BEIDOU-2 IGSO-5         
1 37948U 11073A   23304.39910571 -.00000156  00000+0  00000+0 0  9991
2 37948  49.4335 283.2834 0094291 221.0458 133.0160  1.00259552 43503
LUCH-5A                 
1 37951U 11074B   23304.54308873 -.00000045  00000+0  00000+0 0  9996
2 37951   6.2911  88.7177 0004111 117.3150 196.0381  1.00273553 43426
BEIDOU-2 G5             
1 38091U 12008A   23304.59464928  .00000058  00000+0  00000+0 0  9992
2 38091   1.8467  69.3017 0007241 188.4711  54.6344  1.00269580 42743
BEIDOU-2 M3             
1 38250U 12018A   23304.11572310 -.00000093  00000+0  00000+0 0  9993
2 38250  56.4800 336.9900 0025263 259.2018 100.5633  1.86231176 78062
BEIDOU-2 M4             
1 38251U 12018B   23303.50997170 -.00000091  00000+0  00000+0 0  9999
2 38251  56.3903 336.2990 0016150 260.4939  99.3742  1.86231876 78051
SES-5                   
1 38652U 12036A   23304.33729900  .00000034  00000+0  00000+0 0  9996
2 38652   0.0461 299.7869 0002227 285.3087 300.7126  1.00272049 34868
BEIDOU-2 M6             
1 38775U 12050B   23304.29353924 -.00000006  00000+0  00000+0 0  9992
2 38775  55.7362  94.8583 0010561 338.1399  21.7974  1.86231141 75432
GSAT-10                 
1 38779U 12051B   23304.59186475 -.00000165  00000+0  00000+0 0  9991
2 38779   0.0118 243.9093 0004394   7.4920  84.3283  1.00272534 40497
NAVSTAR 67 (USA 239)    
1 38833U 12053A   23304.05393105  .00000030  00000+0  00000+0 0  9995
2 38833  53.5097 182.8751 0145667  53.1427 308.2773  2.00568139 80180
GSAT0103 (GALILEO-FM3)  
1 38857U 12055A   23304.23458961  .00000044  00000+0  00000+0 0  9990
2 38857  55.3066 127.9276 0002085 239.6560 120.3620  1.70473660 68640
GSAT0104 (GALILEO-FM4)  
1 38858U 12055B   23303.61738636  .00000047  00000+0  00000+0 0  9995
2 38858  55.3059 127.9460 0001407 144.5717 215.4802  1.70473884 68638
BEIDOU-2 G6             
1 38953U 12059A   23304.57905803 -.00000175  00000+0  00000+0 0  9996
2 38953   1.9723  81.7169 0007019 295.3278 315.0065  1.00274591 40280
LUCH-5B                 
1 38977U 12061A   23304.05604729 -.00000135  00000+0  00000+0 0  9997
2 38977   8.3822  58.6543 0005583 143.0634 201.2801  1.00271609 39981
COSMOS 2485             
1 39155U 13019A   23304.27671940  .00000027  00000+0  00000+0 0  9992
2 39155  64.9541 105.9352 0022152 226.1212 133.6958  2.13101812 81820
NAVSTAR 68 (USA 242)    
1 39166U 13023A   23304.41603667 -.00000057  00000+0  00000+0 0  9990
2 39166  55.3115 307.8250 0115932  41.5312 319.3554  2.00564192 76630
IRNSS-1A                
1 39199U 13034A   23304.45905722  .00000083  00000+0  00000+0 0  9997
2 39199  33.5570  77.8456 0022141 180.4136   1.4569  1.00271541 37743
NAVSTAR 69 (USA 248)    
1 39533U 14008A   23303.91870693  .00000028  00000+0  00000+0 0  9998
2 39533  53.5958 188.4465 0067057 215.3431 144.2973  2.00554867 70420
ASTRA 5B                
1 39617U 14011B   23304.15882913  .00000138  00000+0  00000+0 0  9992
2 39617   0.0515 319.6099 0004068 280.0937 240.2099  1.00274278 35042
COSMOS 2492             
1 39620U 14012A   23304.23229175 -.00000071  00000+0  00000+0 0  9998
2 39620  65.7510 346.3593 0013398 310.7184  49.2300  2.13103127 74781
IRNSS-1B                
1 39635U 14017A   23304.45905722  .00000092  00000+0  00000+0 0  9994
2 39635  28.5932 256.7065 0018321 188.4529 174.6273  1.00274084 35161
LUCH-5V                 
1 39727U 14023A   23304.53867161 -.00000268  00000+0  00000+0 0  9992
2 39727   2.7198  77.0607 0004453 171.1205  80.0819  1.00270011 34732
NAVSTAR 70 (USA 251)    
1 39741U 14026A   23304.20063124 -.00000105  00000+0  00000+0 0  9992
2 39741  56.7017   8.7853 0030998 309.4544  50.3251  2.00553148 69280
COSMOS 2500             
1 40001U 14032A   23304.41482261 -.00000072  00000+0  00000+0 0  9993
2 40001  65.6891 346.1762 0008584 214.2935 145.7148  2.13105969 73008
NAVSTAR 71 (USA 256)    
1 40105U 14045A   23304.28394425  .00000030  00000+0  00000+0 0  9994
2 40105  54.8359 126.7959 0027474 114.9188 245.4041  2.00550650 66826
GSAT0201 (GALILEO 5)    
1 40128U 14050A   23303.93738052 -.00000084  00000+0  00000+0 0  9994
2 40128  49.8849 312.3011 1607000 142.5175 229.8668  1.85519471 60502
GSAT0202 (GALILEO 6)    
1 40129U 14050B   23304.19656155 -.00000083  00000+0  00000+0 0  9996
2 40129  49.9033 311.3634 1605039 143.3373 228.8132  1.85520112 62677
IRNSS-1C                
1 40269U 14061A   23304.53632201 -.00000160  00000+0  00000+0 0  9993
2 40269   4.1012 110.9773 0018918   6.1939 198.5038  1.00274235 33064
NAVSTAR 72 (USA 258)    
1 40294U 14068A   23303.65902623 -.00000052  00000+0  00000+0 0  9998
2 40294  56.2266  68.2540 0048903  62.8686 297.6090  2.00575465 65944
COSMOS 2501             
1 40315U 14075A   23304.19616109  .00000014  00000+0  00000+0 0  9998
2 40315  63.6337 223.6797 0018922 208.3984 151.5286  2.13101227 69399
NAVSTAR 73 (USA 260)    
1 40534U 15013A   23304.29878970 -.00000008  00000+0  00000+0 0  9995
2 40534  53.4380 243.9302 0083390  26.4973 333.9212  2.00551145 62574
GSAT0203 (GALILEO 7)    
1 40544U 15017A   23299.28213247 -.00000096  00000+0  00000+0 0  9999
2 40544  56.9092   7.8594 0004637 244.0445 115.9574  1.70476067 52755
GSAT0204 (GALILEO 8)    
1 40545U 15017B   23303.64203110 -.00000105  00000+0  00000+0 0  9995
2 40545  56.9160   7.7550 0004842 233.2165 126.7946  1.70475608 15875
IRNSS-1D                
1 40547U 15018A   23303.77376289 -.00000297  00000+0  00000+0 0  9992
2 40547  27.9592 256.6808 0018736 184.8000 347.7495  1.00273631 31351
BEIDOU-3S IGSO-1S       
1 40549U 15019A   23304.42055348 -.00000157  00000+0  00000+0 0  9993
2 40549  50.9979 306.8976 0037384 195.7007 139.2848  1.00298815 31447
NAVSTAR 74 (USA 262)    
1 40730U 15033A   23304.46064481 -.00000056  00000+0  00000+0 0  9991
2 40730  54.7988 306.4095 0087698  14.1753 346.0771  2.00552133 60749
BEIDOU-3S M2S           
1 40748U 15037A   23304.24913184 -.00000093  00000+0  00000+0 0  9994
2 40748  55.6288 334.8385 0012877 250.1465 109.7609  1.86233105 56249
BEIDOU-3S M1S           
1 40749U 15037B   23304.51930754 -.00000093  00000+0  00000+0 0  9997
2 40749  55.6317 334.8157 0005515 298.5169  61.4734  1.86232917 56252
GSAT0205 (GALILEO 9)    
1 40889U 15045A   23303.99668783 -.00000018  00000+0  00000+0 0  9999
2 40889  55.3340 248.1320 0004628  12.1225 347.8672  1.70472944 50644
GSAT0206 (GALILEO 10)   
1 40890U 15045B   23304.21736169 -.00000018  00000+0  00000+0 0  9991
2 40890  55.3328 248.1215 0003013 355.4777   4.4997  1.70472957 50670
BEIDOU-3S IGSO-2S       
1 40938U 15053A   23304.57146769 -.00000151  00000+0  00000+0 0  9991
2 40938  50.7228 270.0793 0047288 194.3439 237.3730  1.00269891 29732
NAVSTAR 75 (USA 265)    
1 41019U 15062A   23304.51108657 -.00000049  00000+0  00000+0 0  9996
2 41019  56.2103  68.0718 0091725 221.7241 137.5583  2.00562232 58587
GSAT-15                 
1 41028U 15065A   23304.53841054 -.00000257  00000+0  00000+0 0  9997
2 41028   0.0457 264.4637 0003619 299.8326 122.6247  1.00269610 29171
GSAT0209 (GALILEO 12)   
1 41174U 15079A   23303.80213186  .00000046  00000+0  00000+0 0  9997
2 41174  55.3241 127.6469 0001888 346.7217  13.3139  1.70474304 48405
GSAT0208 (GALILEO 11)   
1 41175U 15079B   23303.43519706  .00000048  00000+0  00000+0 0  9996
2 41175  55.3224 127.6551 0001339   3.5658 356.4783  1.70474175 48814
IRNSS-1E                
1 41241U 16003A   23303.85008140 -.00000292  00000+0  00000+0 0  9991
2 41241  31.1083  76.9430 0021543 181.5369 198.1211  1.00265721 28576
NAVSTAR 76 (USA 266)    
1 41328U 16007A   23304.10077989  .00000032  00000+0  00000+0 0  9998
2 41328  55.0384 127.5943 0072570 233.5766 125.7908  2.00573038 56583
COSMOS 2514             
1 41330U 16008A   23304.17763612 -.00000071  00000+0  00000+0 0  9998
2 41330  65.4859 345.7512 0012552 217.7525 142.2232  2.13102656 60166
IRNSS-1F                
1 41384U 16015A   23304.52631441  .00000162  00000+0  00000+0 0  9998
2 41384   3.0517 127.1296 0019999 174.6296 319.8734  1.00279270 28045
BEIDOU-2 IGSO-6         
1 41434U 16021A   23304.25448766 -.00000182  00000+0  00000+0 0  9990
2 41434  58.8379  47.6873 0049005 220.1267 319.7309  1.00271582 27851
IRNSS-1G                
1 41469U 16027A   23304.54554640 -.00000331  00000+0  00000+0 0  9991
2 41469   2.9397 128.6704 0000788 289.4497 307.3698  1.00276922 27554
GSAT0211 (GALILEO 14)   
1 41549U 16030A   23304.14305325 -.00000017  00000+0  00000+0 0  9995
2 41549  55.4803 248.1099 0004031 331.0290  28.9281  1.70473010 46305
GSAT0210 (GALILEO 13)   
1 41550U 16030B   23303.26131134 -.00000020  00000+0  00000+0 0  9998
2 41550  55.4803 248.1353 0003403 294.7444  65.1939  1.70473321 46283
COSMOS 2516             
1 41554U 16032A   23304.29086213  .00000014  00000+0  00000+0 0  9997
2 41554  63.8601 224.0933 0014906 212.5913 147.3464  2.13106359 57776
BEIDOU-2 G7             
1 41586U 16037A   23304.55952069 -.00000353  00000+0  00000+0 0  9994
2 41586   2.0077  69.1566 0006709 334.2604 308.1609  1.00268356 27163
EUTELSAT 117 WEST B     
1 41589U 16038B   23304.58911150 -.00000011  00000+0  00000+0 0  9998
2 41589   0.0117  93.8575 0000456   8.8177  32.0421  1.00271045 27046
GSAT0207 (GALILEO 15)   
1 41859U 16069A   23304.09593563  .00000044  00000+0  00000+0 0  9997
2 41859  54.9878 127.6968 0001611 309.8390  50.1858  1.70474215 43038
GSAT0212 (GALILEO 16)   
1 41860U 16069B   23303.95052618  .00000045  00000+0  00000+0 0  9995
2 41860  54.9855 127.6976 0001725  33.0779 326.9727  1.70474486 43283
GSAT0213 (GALILEO 17)   
1 41861U 16069C   23302.55729269  .00000053  00000+0  00000+0 0  9993
2 41861  54.9867 127.7423 0001796 255.6039 104.4263  1.70473056 43257
GSAT0214 (GALILEO 18)   
1 41862U 16069D   23303.87773210  .00000045  00000+0  00000+0 0  9996
2 41862  54.9857 127.6997 0000844 245.5413 114.4902  1.70473018 43270
SES-15                  
1 42709U 17026A   23303.47306550  .00000060  00000+0  00000+0 0  9993
2 42709   0.0474  60.6372 0000495 170.0410 209.0116  1.00267602 24508
QZS-2 (MICHIBIKI-2)     
1 42738U 17028A   23304.31057126 -.00000229  00000+0  00000+0 0  9991
2 42738  40.9523 257.0573 0743597 270.8533 121.0845  1.00249182 23521
QZS-3 (MICHIBIKI-3)     
1 42917U 17048A   23304.55396660 -.00000347  00000+0  00000+0 0  9998
2 42917   0.0615 157.2883 0002723  75.0783 133.6397  1.00277360 22636
COSMOS 2522             
1 42939U 17055A   23304.01916306  .00000014  00000+0  00000+0 0  9996
2 42939  64.0944 224.6444 0007691 241.4046 118.5455  2.13102008 47519
QZS-4 (MICHIBIKI-4)     
1 42965U 17062A   23304.46029171 -.00000350  00000+0  00000+0 0  9991
2 42965  40.6122 355.7173 0750893 270.4243  78.0300  1.00265085 22186
BEIDOU-3 M1             
1 43001U 17069A   23304.05981682 -.00000006  00000+0  00000+0 0  9997
2 43001  55.8877  94.9320 0007288 294.3811  65.5255  1.86231465 40727
BEIDOU-3 M2             
1 43002U 17069B   23303.99665263 -.00000006  00000+0  00000+0 0  9994
2 43002  55.8866  94.9707 0005203 328.3424  31.6090  1.86231099 40711
GSAT0215 (GALILEO 19)   
1 43055U 17079A   23301.43323843 -.00000026  00000+0  00000+0 0  9997
2 43055  55.4582 248.0096 0002885 288.7461  71.1870  1.70473678 36574
GSAT0216 (GALILEO 20)   
1 43056U 17079B   23301.13852879 -.00000027  00000+0  00000+0 0  9992
2 43056  55.4591 248.0175 0004486 288.7289  71.1858  1.70473791 36583
GSAT0217 (GALILEO 21)   
1 43057U 17079C   23303.11867835 -.00000020  00000+0  00000+0 0  9994
2 43057  55.4558 247.9621 0004089 303.8183  56.1159  1.70473763 36601
GSAT0218 (GALILEO 22)   
1 43058U 17079D   23303.92531778 -.00000018  00000+0  00000+0 0  9995
2 43058  55.4557 247.9374 0004797 285.0312  74.8942  1.70473821 36643
BEIDOU-3 M7             
1 43107U 18003A   23303.74729847 -.00000094  00000+0  00000+0 0  9998
2 43107  55.0857 335.5472 0002519  63.8717 296.2023  1.86232438 39468
BEIDOU-3 M8             
1 43108U 18003B   23303.14891338 -.00000092  00000+0  00000+0 0  9996
2 43108  55.0790 335.5546 0004932 254.8202 105.1750  1.86230873 39465
BEIDOU-3 M4             
1 43207U 18018A   23303.59089047 -.00000006  00000+0  00000+0 0  9992
2 43207  55.8457  95.0446 0003736  18.4870 341.5100  1.86231391 38859
BEIDOU-3 M3             
1 43208U 18018B   23303.12060008 -.00000004  00000+0  00000+0 0  9996
2 43208  55.8448  95.0649 0004994 310.9940  48.9474  1.86231396 38846
BEIDOU-3 M9             
1 43245U 18029A   23302.80632525 -.00000089  00000+0  00000+0 0  9995
2 43245  54.9782 333.3083 0002125 251.3846 108.6407  1.86232533 37994
BEIDOU-3 M10            
1 43246U 18029B   23302.19932378 -.00000086  00000+0  00000+0 0  9994
2 43246  54.9761 333.3581 0003403 338.5515  21.4849  1.86232778 37966
IRNSS-1I                
1 43286U 18035A   23301.69795021  .00000106  00000+0  00000+0 0  9993
2 43286  29.3780  89.3250 0021421 176.4609  77.3732  1.00268281 20429
COSMOS 2527             
1 43508U 18053A   23303.97781211  .00000027  00000+0  00000+0 0  9991
2 43508  65.1149 106.0494 0007825 213.3021 146.6493  2.13102399 41813
BEIDOU-2 IGSO-7         
1 43539U 18057A   23304.55952069 -.00000086  00000+0  00000+0 0  9991
2 43539  55.1180 171.3572 0063663 229.6631 313.5409  1.00266129 19524
GSAT0221 (GALILEO 25)   
1 43564U 18060A   23303.82510898 -.00000104  00000+0  00000+0 0  9993
2 43564  57.2902   7.6780 0004904 262.6553  97.3451  1.70476043 32795
GSAT0222 (GALILEO 26)   
1 43565U 18060B   23303.45668833 -.00000104  00000+0  00000+0 0  9996
2 43565  57.2936   7.6891 0004508 229.9410 130.0754  1.70475936 32830
GSAT0219 (GALILEO 23)   
1 43566U 18060C   23303.09235743 -.00000103  00000+0  00000+0 0  9996
2 43566  57.2928   7.7009 0003704 265.1018  94.9118  1.70476091 32809
GSAT0220 (GALILEO 24)   
1 43567U 18060D   23302.13964694 -.00000102  00000+0  00000+0 0  9994
2 43567  57.2924   7.7265 0004223 262.1659  97.8412  1.70475786 32770
BEIDOU-3 M5             
1 43581U 18062A   23304.03041510  .00000012  00000+0  00000+0 0  9995
2 43581  54.1650 214.9802 0003386 301.2700  58.7439  1.86231892 35759
BEIDOU-3 M6             
1 43582U 18062B   23303.36001540  .00000013  00000+0  00000+0 0  9991
2 43582  54.1648 214.9927 0006053  18.5091 341.5569  1.86229780 35749
BEIDOU-3 M12            
1 43602U 18067A   23303.83276077  .00000014  00000+0  00000+0 0  9991
2 43602  54.2527 213.6372 0007709  21.1449 338.9360  1.86231458 35233
BEIDOU-3 M11            
1 43603U 18067B   23303.42964240  .00000015  00000+0  00000+0 0  9994
2 43603  54.2498 213.6165 0004567  12.4687 347.5899  1.86231408 35257
BEIDOU-3 M13            
1 43622U 18072A   23303.92555964 -.00000007  00000+0  00000+0 0  9997
2 43622  55.8158  94.5723 0004165 285.2655  74.6709  1.86231322 34772
BEIDOU-3 M14            
1 43623U 18072B   23303.79101287 -.00000007  00000+0  00000+0 0  9998
2 43623  55.8174  94.5696 0002009 338.5254  21.4487  1.86231364 34760
BEIDOU-3 M16            
1 43647U 18078A   23302.88095833 -.00000089  00000+0  00000+0 0  9998
2 43647  54.8746 333.4240 0006346 359.2348   0.8126  1.86227215 34257
BEIDOU-3 M15            
1 43648U 18078B   23303.54703464 -.00000091  00000+0  00000+0 0  9992
2 43648  54.8699 333.4045 0003095 359.6129   0.4330  1.86232195 34286
BEIDOU-3 G1             
1 43683U 18085A   23304.59710865 -.00000276  00000+0  00000+0 0  9993
2 43683   1.6423 120.6062 0001761  14.0231 260.0575  1.00269797 18437
COSMOS 2529             
1 43687U 18086A   23304.07718137  .00000014  00000+0  00000+0 0  9990
2 43687  64.3097 225.0932 0009373 264.8486  95.0711  2.13102027 38824
BEIDOU-3 M17            
1 43706U 18093A   23304.23181142  .00000011  00000+0  00000+0 0  9995
2 43706  54.2475 214.8949 0008488 287.8170  72.1385  1.86231991 33661
BEIDOU-3 M18            
1 43707U 18093B   23304.09843100  .00000012  00000+0  00000+0 0  9990
2 43707  54.2484 214.8911 0007438 319.3841  40.6080  1.86229830 33651
NAVSTAR 77 (USA 289)    
1 43873U 18109A   23304.00190587  .00000035  00000+0  00000+0 0  9992
2 43873  55.2128 130.1251 0026852 189.7331 353.2758  2.00570783 35810
BEIDOU-3 IGSO-1         
1 44204U 19023A   23303.69427390 -.00000237  00000+0  00000+0 0  9991
2 44204  57.3045  47.6507 0024249 198.1569 162.1687  1.00265494 16716
BEIDOU-2 G8             
1 44231U 19027A   23304.60212014 -.00000246  00000+0  00000+0 0  9992
2 44231   1.3838  71.0864 0004942 160.3278 169.5918  1.00272958 16450
COSMOS 2534             
1 44299U 19030A   23304.52686588  .00000014  00000+0  00000+0 0  9994
2 44299  64.3825 225.0096 0011798 286.3315 192.8119  2.13101856 34472
BEIDOU-3 IGSO-2         
1 44337U 19035A   23304.03243667 -.00000083  00000+0  00000+0 0  9992
2 44337  55.1532 167.2927 0032969 194.7267 166.8574  1.00256939 16046
NAVSTAR 78 (USA 293)    
1 44506U 19056A   23304.51519896 -.00000107  00000+0  00000+0 0  9993
2 44506  55.8279   9.1768 0038409 188.3051 263.8806  2.00566655 30829
BEIDOU-3 M24            
1 44542U 19061A   23304.16967897  .00000011  00000+0  00000+0 0  9991
2 44542  54.4748 215.1382 0008644 355.4680   4.5715  1.86231491 27914
BEIDOU-3 M23            
1 44543U 19061B   23303.57521508  .00000013  00000+0  00000+0 0  9993
2 44543  54.4734 215.1272 0005572 345.5481 247.8860  1.86231797 27905
BEIDOU-3 IGSO-3         
1 44709U 19073A   23303.36982153 -.00000196  00000+0  00000+0 0  9997
2 44709  56.4443 291.1611 0034584 190.9886 168.8748  1.00264997 14823
BEIDOU-3 M22            
1 44793U 19078A   23304.01503421 -.00000093  00000+0  00000+0 0  9991
2 44793  54.7222 333.3449 0005079   5.3594 354.6907  1.86232151 26761
BEIDOU-3 M21            
1 44794U 19078B   23304.14545924 -.00000093  00000+0  00000+0 0  9990
2 44794  54.6958 333.3214 0003296 348.8504  11.1865  1.86232618 26779
COSMOS 2544             
1 44850U 19088A   23303.92160160  .00000027  00000+0  00000+0 0  9990
2 44850  65.1011 105.8931 0011404 247.4265 112.4532  2.13102168 30256
BEIDOU-3 M19            
1 44864U 19090A   23304.18637316 -.00000007  00000+0  00000+0 0  9998
2 44864  55.7502  94.7468 0015501 272.7264 308.3826  1.86231702 26358
BEIDOU-3 M20            
1 44865U 19090B   23304.17579073 -.00000007  00000+0  00000+0 0  9993
2 44865  55.7523  94.7801 0013089 287.4352  16.3559  1.86231670 26334
BEIDOU-3 G2             
1 45344U 20017A   23304.53579986 -.00000141  00000+0  00000+0 0  9999
2 45344   2.0876  19.1777 0003456 204.5249  88.8059  1.00272229 13637
COSMOS 2545             
1 45358U 20018A   23304.11852387 -.00000072  00000+0  00000+0 0  9991
2 45358  64.8262 345.9520 0011736 245.5232 114.4179  2.13102534 28204
BEIDOU-3 G3             
1 45807U 20040A   23304.56401802 -.00000354  00000+0  00000+0 0  9999
2 45807   0.5843 356.7011 0009623 310.6972  45.8706  1.00272585 12460
NAVSTAR 79 (USA 304)    
1 45854U 20041A   23304.19524351 -.00000054  00000+0  00000+0 0  9993
2 45854  55.9319  66.4808 0038308 188.2749 335.6830  2.00562018 24786
GALAXY 30 (G-30)        
1 46114U 20056C   23304.58513892  .00000037  00000+0  00000+0 0  9990
2 46114   0.0136 280.3043 0002272 306.6600 258.3306  1.00272426 11678
COSMOS 2547             
1 46805U 20075A   23304.30725329  .00000015  00000+0  00000+0 0  9994
2 46805  64.6101 224.5902 0007061 242.4228 117.5342  2.13102773 23458
NAVSTAR 80 (USA 309)    
1 46826U 20078A   23303.75676303 -.00000012  00000+0  00000+0 0  9993
2 46826  54.2843 249.7725 0037093 194.6529 348.5457  2.00562697 22241
NAVSTAR 81 (USA 319)    
1 48859U 21054A   23304.23045616 -.00000107  00000+0  00000+0 0  9992
2 48859  55.3469  10.9469 0013846 217.7007 131.3516  2.00570394 17494
QZS-1R                  
1 49336U 21096A   23303.78553558 -.00000242  00000+0  00000+0 0  9997
2 49336  35.4721  94.0492 0748016 270.2893  92.5224  1.00273413  7387
GSAT0223 (GALILEO 27)   
1 49809U 21116A   23302.64372495 -.00000103  00000+0  00000+0 0  9994
2 49809  57.2839   7.6086 0003687 207.3878 192.3007  1.70476084 11799
GSAT0224 (GALILEO 28)   
1 49810U 21116B   23302.36543573 -.00000102  00000+0  00000+0 0  9991
2 49810  57.2849   7.6144 0002923 206.9560 134.4252  1.70476028 11801
COSMOS 2557             
1 52984U 22075A   23304.00088649 -.00000074  00000+0  00000+0 0  9991
2 52984  64.7447 348.1094 0013530 276.3317  83.5790  2.13102176 10255
COSMOS 2559             
1 54031U 22130A   23304.41232051 -.00000075  00000+0  00000+0 0  9992
2 54031  64.7159 348.2206 0007965 227.9301 132.0659  2.13101437  8234
COSMOS 2564             
1 54377U 22161A   23304.13587234  .00000015  00000+0  00000+0 0  9997
2 54377  64.7510 224.6591 0009015 220.8198 139.1405  2.13102185  7176
NAVSTAR 82 (USA 343)    
1 55268U 23009A   23304.43060000  .00000026  00000+0  00000+0 0  9991
2 55268  55.0859 186.1764 0005239  89.2824  82.2338  2.00551780  5992
BEIDOU-3 G4             
1 56564U 23066A   23304.64940135 -.00000113  00000+0  00000+0 0  9991
2 56564   2.7013 288.5937 0005346 231.3884 273.5087  1.00271016  1775
IRNSS-1J (NVS-01)       
1 56759U 23076A   23304.33069878 -.00000338  00000+0  00000+0 0  9999
2 56759   4.5932 270.9871 0007516 346.1631  30.8667  1.00273144  1490
