NAVSTAR 43 (USA 132)    
1 24876U 97035A   23274.02122843  .00000035  00000+0  00000+0 0  9997
2 24876  55.5935 137.3018 0073672  52.9189 307.8510  2.00564215192093
NAVSTAR 47 (USA 150)    
1 26360U 00025A   23274.13021604 -.00000052  00000+0  00000+0 0  9995
2 26360  54.4559  59.5057 0041721 200.6794 328.3533  2.00568835171413
NAVSTAR 51 (USA 166)    
1 27663U 03005A   23273.93174448 -.00000002  00000+0  00000+0 0  9990
2 27663  55.2329 254.3519 0132766  44.8117 320.1960  2.00564418151458
NAVSTAR 52 (USA 168)    
1 27704U 03010A   23274.57045971 -.00000107  00000+0  00000+0 0  9997
2 27704  55.1153   4.2723 0249497 319.3678   6.0489  2.00576150150258
NAVSTAR 54 (USA 177)    
1 28190U 04009A   23274.28957962 -.00000061  00000+0  00000+0 0  9995
2 28190  55.6695 315.3974 0092582 139.9078 279.9465  2.00566421143098
NAVSTAR 56 (USA 180)    
1 28474U 04045A   23274.12976800 -.00000105  00000+0  00000+0 0  9994
2 28474  55.4427   4.6207 0162810 283.0435  76.0563  2.00555575138571
ANIK F1R                
1 28868U 05036A   23274.55010552 -.00000083  00000+0  00000+0 0  9997
2 28868   1.7582  88.6690 0002259  59.4152 312.6686  1.00272194 36533
NAVSTAR 57 (USA 183)    
1 28874U 05038A   23274.24696066 -.00000057  00000+0  00000+0 0  9993
2 28874  55.7204 312.8518 0140131 279.9621 131.3837  2.00573589131985
INMARSAT 4-F2           
1 28899U 05044A   23274.51251177  .00000001  00000+0  00000+0 0  9995
2 28899   3.8847  40.8728 0002990 165.1829  52.3537  1.00271987 65594
NAVSTAR 58 (USA 190)    
1 29486U 06042A   23274.11691921  .00000014  00000+0  00000+0 0  9992
2 29486  54.6819 190.5947 0103731  33.0063 185.6940  2.00568229124531
NAVSTAR 59 (USA 192)    
1 29601U 06052A   23274.23487835  .00000000  00000+0  00000+0 0  9997
2 29601  55.2544 253.3008 0083617  79.4675 281.4477  2.00550966123551
NAVSTAR 60 (USA 196)    
1 32260U 07047A   23274.54935895  .00000020  00000+0  00000+0 0  9997
2 32260  53.4773 121.0123 0152276  71.3242 290.4084  2.00550142116965
COSMOS 2433             
1 32275U 07052A   23274.24950578 -.00000076  00000+0  00000+0 0  9993
2 32275  66.0143 349.0411 0004571 230.4127 129.6062  2.13104035123965
COSMOS 2432             
1 32276U 07052B   23273.86657198 -.00000075  00000+0  00000+0 0  9992
2 32276  66.0289 349.1630 0008997 314.3862  58.8364  2.13103149123980
NAVSTAR 61 (USA 199)    
1 32384U 07062A   23274.62677181 -.00000060  00000+0  00000+0 0  9996
2 32384  55.8527 313.6618 0024609 151.8084  34.9948  2.00560092115660
COSMOS 2434             
1 32393U 07065A   23272.74840068  .00000006  00000+0  00000+0 0  9995
2 32393  64.3348 225.4424 0000999  68.2398 111.4385  2.13103003122647
COSMOS 2436             
1 32395U 07065C   23274.35737350  .00000018  00000+0  00000+0 0  9998
2 32395  64.3432 225.4497 0016047 355.6277 113.8927  2.13102687122637
NAVSTAR 62 (USA 201)    
1 32711U 08012A   23273.96402854  .00000014  00000+0  00000+0 0  9993
2 32711  54.4497 189.4256 0177671 236.0117 122.3193  2.00558007113893
NAVSTAR 64 (USA 206)    
1 35752U 09043A   23274.45217203 -.00000039  00000+0  00000+0 0  9991
2 35752  55.4577  66.6346 0057951  69.7789 299.2550  2.00556356103515
COSMOS 2456             
1 36111U 09070A   23274.37593854  .00000033  00000+0  00000+0 0  9994
2 36111  64.5017 104.8774 0001513 340.4351 166.6302  2.13099135107339
COSMOS 2457             
1 36112U 09070B   23274.48523810  .00000032  00000+0  00000+0 0  9991
2 36112  64.4858 104.7384 0006359 146.7046 215.2099  2.13101313107346
COSMOS 2460             
1 36402U 10007C   23273.70498863 -.00000073  00000+0  00000+0 0  9994
2 36402  65.8764 347.7702 0001763 213.3269 258.7081  2.13106189105622
NAVSTAR 65 (USA 213)    
1 36585U 10022A   23274.55540765  .00000003  00000+0  00000+0 0  9998
2 36585  54.5542 248.4873 0110183  59.6891 141.0353  2.00563303 97748
BEIDOU-2 IGSO-1         
1 36828U 10036A   23274.34514443 -.00000114  00000+0  00000+0 0  9998
2 36828  54.2344 171.9283 0036730 187.5515 239.3272  1.00245525 48287
QZS-1 (MICHIBIKI-1)     
1 37158U 10045A   23273.53912887  .00000019  00000+0  00000+0 0  9992
2 37158  42.9048 127.3727 0003316 108.5541  84.5740  0.87715198 47712
BEIDOU-2 G4             
1 37210U 10057A   23274.51924538 -.00000122  00000+0  00000+0 0  9995
2 37210   1.2365  62.0721 0007039 159.9926 134.8377  1.00272455 47369
BEIDOU-2 IGSO-2         
1 37256U 10068A   23274.44999395 -.00000199  00000+0  00000+0 0  9996
2 37256  49.3604 283.9749 0032291 213.3543 143.0466  1.00274923 46867
BEIDOU-2 IGSO-3         
1 37384U 11013A   23274.31220118 -.00000190  00000+0  00000+0 0  9996
2 37384  60.9803  49.6332 0028254 175.8513   4.9201  1.00274546 45735
GSAT-8                  
1 37605U 11022A   23274.58247793  .00000074  00000+0  00000+0 0  9999
2 37605   0.0113 165.9264 0006551  85.8235  23.0775  1.00271675 43290
NAVSTAR 66 (USA 232)    
1 37753U 11036A   23274.15505319 -.00000103  00000+0  00000+0 0  9996
2 37753  56.7469  10.4285 0126879  56.3702 301.6084  2.00568696 89416
BEIDOU-2 IGSO-4         
1 37763U 11038A   23274.25086228 -.00000089  00000+0  00000+0 0  9996
2 37763  54.5079 174.4741 0112053 227.7602 153.1279  1.00268320 44721
GSAT0101 (GALILEO-PFM)  
1 37846U 11060A   23271.93330523 -.00000101  00000+0  00000+0 0  9990
2 37846  57.1117   8.6344 0000827  70.3225 289.7067  1.70475736 74205
GSAT0102 (GALILEO-FM2)  
1 37847U 11060B   23271.94740137 -.00000101  00000+0  00000+0 0  9998
2 37847  57.1126   8.6339 0001562 310.9334 103.9673  1.70475154 74216
COSMOS 2476             
1 37867U 11064A   23274.53673700  .00000033  00000+0  00000+0 0  9996
2 37867  64.7812 106.4094 0021242 230.6355 309.3305  2.13101706 92678
COSMOS 2477             
1 37868U 11064B   23274.32251014  .00000036  00000+0  00000+0 0  9997
2 37868  64.7885 106.4865 0018440 230.7981 322.6941  2.13101582 92662
COSMOS 2475             
1 37869U 11064C   23274.34991104  .00000035  00000+0  00000+0 0  9990
2 37869  64.7956 106.4981 0022423 249.3379 283.6854  2.13101914 92673
BEIDOU-2 IGSO-5         
1 37948U 11073A   23274.49470308 -.00000149  00000+0  00000+0 0  9999
2 37948  49.4860 283.6435 0095099 220.7732 139.1431  1.00266124 43214
LUCH-5A                 
1 37951U 11074B   23274.31142348 -.00000055  00000+0  00000+0 0  9991
2 37951   6.2117  89.2281 0004387  89.3499 110.2579  1.00270284 43127
BEIDOU-2 G5             
1 38091U 12008A   23274.58317411  .00000048  00000+0  00000+0 0  9990
2 38091   1.7741  68.8489 0005251 177.1834  32.6697  1.00269375 42440
BEIDOU-2 M3             
1 38250U 12018A   23274.04621216 -.00000093  00000+0  00000+0 0  9991
2 38250  56.4963 337.9890 0024482 256.8251 102.9648  1.86231071 77509
BEIDOU-2 M4             
1 38251U 12018B   23274.51449230 -.00000095  00000+0  00000+0 0  9990
2 38251  56.4064 337.2645 0015359 257.1078 102.7832  1.86231779 77864
SES-5                   
1 38652U 12036A   23274.57247035  .00000024  00000+0  00000+0 0  9991
2 38652   0.0514 302.6808 0002255 251.8189  26.6164  1.00272598 34568
BEIDOU-2 M6             
1 38775U 12050B   23274.22429388  .00000008  00000+0  00000+0 0  9990
2 38775  55.7120  95.8655 0010945 340.2387  19.7642  1.86231174 74874
GSAT-10                 
1 38779U 12051B   23274.58061403 -.00000175  00000+0  00000+0 0  9990
2 38779   0.0163 133.9176 0003059 116.9971  51.1620  1.00270312 40192
NAVSTAR 67 (USA 239)    
1 38833U 12053A   23274.13993649  .00000015  00000+0  00000+0 0  9992
2 38833  53.5109 184.0979 0143759  52.4900 308.8496  2.00567606 79586
GSAT0103 (GALILEO-FM3)  
1 38857U 12055A   23274.31886359  .00000029  00000+0  00000+0 0  9994
2 38857  55.2925 128.7504 0002186 252.8870 107.1897  1.70473653 68134
GSAT0104 (GALILEO-FM4)  
1 38858U 12055B   23274.28827894  .00000029  00000+0  00000+0 0  9990
2 38858  55.2927 128.7528 0000841 145.6650 214.4413  1.70473901 68136
BEIDOU-2 G6             
1 38953U 12059A   23274.58822142 -.00000185  00000+0  00000+0 0  9998
2 38953   1.8945  81.8281 0006818 305.2602 278.8048  1.00271886 39985
LUCH-5B                 
1 38977U 12061A   23274.21577164 -.00000143  00000+0  00000+0 0  9992
2 38977   8.3150  58.8974 0005920 124.9643 247.2309  1.00271140 39699
COSMOS 2485             
1 39155U 13019A   23274.24412427  .00000037  00000+0  00000+0 0  9999
2 39155  64.9402 106.9485 0021790 226.6150 133.2653  2.13101848 81183
NAVSTAR 68 (USA 242)    
1 39166U 13023A   23274.00276016 -.00000052  00000+0  00000+0 0  9990
2 39166  55.3356 309.0465 0114772  41.6084 319.3152  2.00564153 76021
IRNSS-1A                
1 39199U 13034A   23274.03243931  .00000088  00000+0  00000+0 0  9999
2 39199  33.4862  78.2939 0021010 179.7751 178.1479  1.00274219 37438
NAVSTAR 69 (USA 248)    
1 39533U 14008A   23274.00265760  .00000012  00000+0  00000+0 0  9991
2 39533  53.5977 189.6650 0067108 215.5948 143.9861  2.00553127 69824
ASTRA 5B                
1 39617U 14011B   23274.57612529  .00000127  00000+0  00000+0 0  9996
2 39617   0.0728 307.1040 0004088 265.7461  28.0979  1.00273170 34745
COSMOS 2492             
1 39620U 14012A   23274.19962869 -.00000075  00000+0  00000+0 0  9997
2 39620  65.7597 347.3683 0012186 312.5999  47.3585  2.13103043 74146
IRNSS-1B                
1 39635U 14017A   23274.03243931  .00000085  00000+0  00000+0 0  9993
2 39635  28.6547 257.2170 0018930 190.9346 348.0430  1.00273811 34863
LUCH-5V                 
1 39727U 14023A   23274.59030997 -.00000278  00000+0  00000+0 0  9994
2 39727   2.6426  77.1646 0003909 149.6317  90.5353  1.00271227 34434
NAVSTAR 70 (USA 251)    
1 39741U 14026A   23274.28415312 -.00000104  00000+0  00000+0 0  9995
2 39741  56.6990   9.9455 0029817 309.9136  49.8513  2.00555161 68684
COSMOS 2500             
1 40001U 14032A   23273.91330975 -.00000074  00000+0  00000+0 0  9999
2 40001  65.6979 347.2032 0008444 205.8624 154.1564  2.13105742 72355
NAVSTAR 71 (USA 256)    
1 40105U 14045A   23274.36724407  .00000028  00000+0  00000+0 0  9993
2 40105  54.8227 127.9916 0026811 114.0667 246.3051  2.00548722 66225
GSAT0201 (GALILEO 5)    
1 40128U 14050A   23273.21471142 -.00000072  00000+0  00000+0 0  9992
2 40128  49.9121 313.5312 1607969 141.3578 231.3338  1.85519218 59937
GSAT0202 (GALILEO 6)    
1 40129U 14050B   23274.01299449 -.00000076  00000+0  00000+0 0  9994
2 40129  49.9304 312.5713 1605891 142.1989 230.2563  1.85519939 62114
IRNSS-1C                
1 40269U 14061A   23274.58796035 -.00000170  00000+0  00000+0 0  9991
2 40269   4.0275 111.8777 0020033   5.5308 187.3232  1.00273177 32764
NAVSTAR 72 (USA 258)    
1 40294U 14068A   23273.74576667 -.00000029  00000+0  00000+0 0  9993
2 40294  56.2012  69.4252 0049135  62.5856 297.9181  2.00573351 65340
COSMOS 2501             
1 40315U 14075A   23274.16346322  .00000016  00000+0  00000+0 0  9990
2 40315  63.6377 224.7249 0019561 210.3500 149.5145  2.13101235 68753
NAVSTAR 73 (USA 260)    
1 40534U 15013A   23274.38247409  .00000001  00000+0  00000+0 0  9990
2 40534  53.4528 245.1691 0081711  25.7359 334.6352  2.00553007 61973
GSAT0203 (GALILEO 7)    
1 40544U 15017A   23272.29929207 -.00000102  00000+0  00000+0 0  9999
2 40544  56.9059   8.5936 0003937 234.5687 125.4158  1.70476049 52956
GSAT0204 (GALILEO 8)    
1 40545U 15017B   23269.03348640 -.00000092  00000+0  00000+0 0  9992
2 40545  56.9128   8.6972 0004055 217.4748 142.5152  1.70475528 15285
IRNSS-1D                
1 40547U 15018A   23274.37872244 -.00000300  00000+0  00000+0 0  9992
2 40547  28.0201 257.1786 0019156 187.8554 172.9096  1.00275716 31064
BEIDOU-3S IGSO-1S       
1 40549U 15019A   23274.53778227 -.00000147  00000+0  00000+0 0  9998
2 40549  51.0501 307.2504 0041008 197.2371 150.7304  1.00250647 31144
NAVSTAR 74 (USA 262)    
1 40730U 15033A   23274.54432566 -.00000053  00000+0  00000+0 0  9996
2 40730  54.8230 307.6257 0086189  13.9563 346.3317  2.00553739 60149
BEIDOU-3S M2S           
1 40748U 15037A   23274.18003266 -.00000093  00000+0  00000+0 0  9994
2 40748  55.6462 335.8584 0012235 244.7722 115.1639  1.86232954 55680
BEIDOU-3S M1S           
1 40749U 15037B   23272.83932283 -.00000085  00000+0  00000+0 0  9996
2 40749  55.6500 335.8901 0004238 295.5555  64.4657  1.86232777 55666
GSAT0205 (GALILEO 9)    
1 40889U 15045A   23273.49409169  .00000001  00000+0  00000+0 0  9992
2 40889  55.3518 248.9735 0003911   2.6393 357.3194  1.70473067 50128
GSAT0206 (GALILEO 10)   
1 40890U 15045B   23273.71477162  .00000001  00000+0  00000+0 0  9997
2 40890  55.3499 248.9629 0002573 334.9026  25.0416  1.70473101 50155
BEIDOU-3S IGSO-2S       
1 40938U 15053A   23274.44764434 -.00000139  00000+0  00000+0 0  9994
2 40938  50.7686 270.4278 0047841 194.5896 162.6254  1.00276788 29426
NAVSTAR 75 (USA 265)    
1 41019U 15062A   23273.59884747 -.00000029  00000+0  00000+0 0  9998
2 41019  56.1844  69.2815 0090296 221.1797 138.1426  2.00562157 57961
GSAT-15                 
1 41028U 15065A   23274.59004889 -.00000268  00000+0  00000+0 0  9998
2 41028   0.0138 138.1938 0002252  46.2838 131.4900  1.00270749 28877
GSAT0209 (GALILEO 12)   
1 41174U 15079A   23273.88650182  .00000032  00000+0  00000+0 0  9997
2 41174  55.3103 128.4696 0002347 340.3594  19.7345  1.70474037 47896
GSAT0208 (GALILEO 11)   
1 41175U 15079B   23272.93298236  .00000038  00000+0  00000+0 0  9997
2 41175  55.3080 128.4938 0001897   0.3827 359.7251  1.70473963 48296
IRNSS-1E                
1 41241U 16003A   23274.48823211 -.00000291  00000+0  00000+0 0  9990
2 41241  31.0395  77.3843 0020858 179.4255  40.6881  1.00279039 28157
NAVSTAR 76 (USA 266)    
1 41328U 16007A   23274.18766226  .00000031  00000+0  00000+0 0  9990
2 41328  55.0260 128.7832 0071793 233.6299 125.7966  2.00574358 55987
COSMOS 2514             
1 41330U 16008A   23274.61418815 -.00000077  00000+0  00000+0 0  9991
2 41330  65.4947 346.7543 0012301 212.1028 147.8834  2.13102512 59537
IRNSS-1F                
1 41384U 16015A   23274.57795275  .00000152  00000+0  00000+0 0  9994
2 41384   2.9882 128.5288 0019270 176.8078 305.3224  1.00281691 27748
BEIDOU-2 IGSO-6         
1 41434U 16021A   23274.34151480 -.00000169  00000+0  00000+0 0  9995
2 41434  58.7951  47.9908 0048069 218.4943 323.0828  1.00277348 27555
IRNSS-1G                
1 41469U 16027A   23274.56150494 -.00000342  00000+0  00000+0 0  9990
2 41469   2.8773 130.1360 0001541 352.8768 218.6706  1.00276810 27258
GSAT0211 (GALILEO 14)   
1 41549U 16030A   23273.64045690  .00000001  00000+0  00000+0 0  9993
2 41549  55.4972 248.9481 0004076 317.5947  42.3305  1.70473179 45786
GSAT0210 (GALILEO 13)   
1 41550U 16030B   23273.34536510  .00000001  00000+0  00000+0 0  9998
2 41550  55.4969 248.9573 0003981 281.4913  78.4208  1.70473383 45770
COSMOS 2516             
1 41554U 16032A   23270.03562920  .00000006  00000+0  00000+0 0  9996
2 41554  63.8647 225.2757 0015319 214.1184 145.7595  2.13106309 57042
BEIDOU-2 G7             
1 41586U 16037A   23274.54632937 -.00000363  00000+0  00000+0 0  9999
2 41586   1.9350  68.7880 0006901 340.7319 267.7553  1.00271749 26862
EUTELSAT 117 WEST B     
1 41589U 16038B   23274.37238052 -.00000022  00000+0  00000+0 0  9996
2 41589   0.0199  48.3475 0000082 128.5402 210.0246  1.00271565 26731
GSAT0207 (GALILEO 15)   
1 41859U 16069A   23272.42058823  .00000040  00000+0  00000+0 0  9999
2 41859  54.9727 128.5756 0002194 313.0721  47.0187  1.70473994 42490
GSAT0212 (GALILEO 16)   
1 41860U 16069B   23274.03495529  .00000030  00000+0  00000+0 0  9997
2 41860  54.9710 128.5275 0001964  17.3839 342.7249  1.70474220 42776
GSAT0213 (GALILEO 17)   
1 41861U 16069C   23273.22805995  .00000035  00000+0  00000+0 0  9995
2 41861  54.9729 128.5559 0002058 270.1194  89.9633  1.70472885 42750
GSAT0214 (GALILEO 18)   
1 41862U 16069D   23273.96190468  .00000030  00000+0  00000+0 0  9994
2 41862  54.9714 128.5295 0001101 274.6493  85.4406  1.70472793 42769
SES-15                  
1 42709U 17026A   23274.54575439  .00000049  00000+0  00000+0 0  9999
2 42709   0.0417  28.9462 0000548 154.4844 253.9268  1.00270768 24219
QZS-2 (MICHIBIKI-2)     
1 42738U 17028A   23273.83155630 -.00000197  00000+0  00000+0 0  9996
2 42738  41.0030 257.4890 0748390 270.4441 280.7582  1.00257895 23219
QZS-3 (MICHIBIKI-3)     
1 42917U 17048A   23274.55967583 -.00000359  00000+0  00000+0 0  9995
2 42917   0.0697 145.5617 0001981  63.1289 129.8555  1.00268998 22332
COSMOS 2522             
1 42939U 17055A   23273.51725969  .00000011  00000+0  00000+0 0  9996
2 42939  64.0985 225.6884 0009006 243.0246 116.8579  2.13101940 46864
QZS-4 (MICHIBIKI-4)     
1 42965U 17062A   23274.55465925 -.00000346  00000+0  00000+0 0  9993
2 42965  40.6246 356.0996 0749717 269.7843  83.4321  1.00272953 21892
BEIDOU-3 M1             
1 43001U 17069A   23273.99060630  .00000011  00000+0  00000+0 0  9991
2 43001  55.8633  95.9353 0007200 298.6857  61.2888  1.86231469 40162
BEIDOU-3 M2             
1 43002U 17069B   23273.39044282  .00000019  00000+0  00000+0 0  9999
2 43002  55.8620  95.9920 0005551 334.0579  25.9654  1.86231030 40142
GSAT0215 (GALILEO 19)   
1 43055U 17079A   23273.86372435  .00000002  00000+0  00000+0 0  9996
2 43055  55.4736 248.7674 0003465 276.2296  83.6876  1.70473849 36100
GSAT0216 (GALILEO 20)   
1 43056U 17079B   23270.63613681  .00000012  00000+0  00000+0 0  9991
2 43056  55.4757 248.8562 0005092 279.6536  80.2578  1.70473970 36065
GSAT0217 (GALILEO 21)   
1 43057U 17079C   23273.78940212  .00000002  00000+0  00000+0 0  9993
2 43057  55.4720 248.7684 0004521 291.7162  68.1922  1.70473973 36102
GSAT0218 (GALILEO 22)   
1 43058U 17079D   23272.24970466  .00000002  00000+0  00000+0 0  9998
2 43058  55.4729 248.8084 0005535 275.9809  83.9152  1.70473936 36070
BEIDOU-3 M7             
1 43107U 18003A   23273.67813046 -.00000092  00000+0  00000+0 0  9999
2 43107  55.1028 336.5804 0002925  75.2839 284.8113  1.86232317 38909
BEIDOU-3 M8             
1 43108U 18003B   23273.61644915 -.00000092  00000+0  00000+0 0  9991
2 43108  55.0959 336.5694 0004525 247.9174 112.0975  1.86230815 38917
BEIDOU-3 M4             
1 43207U 18018A   23274.05862438  .00000011  00000+0  00000+0 0  9998
2 43207  55.8224  96.0311 0004332  19.9051 340.1586  1.86231405 38302
BEIDOU-3 M3             
1 43208U 18018B   23274.12528531  .00000010  00000+0  00000+0 0  9999
2 43208  55.8216  96.0334 0005114 317.3577  42.6489  1.86231353 38304
BEIDOU-3 M9             
1 43245U 18029A   23273.81109188 -.00000090  00000+0  00000+0 0  9999
2 43245  54.9960 334.3069 0001829 233.8289 126.2178  1.86232455 37458
BEIDOU-3 M10            
1 43246U 18029B   23273.74107955 -.00000090  00000+0  00000+0 0  9992
2 43246  54.9933 334.3383 0002898 344.5704  15.4845  1.86232816 37436
IRNSS-1I                
1 43286U 18035A   23268.08799584  .00000095  00000+0  00000+0 0  9993
2 43286  29.2971  89.8607 0020154 176.9888 183.7212  1.00277929 20094
COSMOS 2527             
1 43508U 18053A   23274.41453989  .00000036  00000+0  00000+0 0  9995
2 43508  65.1025 107.0412 0007476 214.1276 145.8856  2.13102393 41188
BEIDOU-2 IGSO-7         
1 43539U 18057A   23274.44682390 -.00000130  00000+0  00000+0 0  9992
2 43539  55.1184 171.6219 0064063 230.4910 242.5315  1.00275186 19221
GSAT0221 (GALILEO 25)   
1 43564U 18060A   23273.32270937 -.00000104  00000+0  00000+0 0  9991
2 43564  57.2877   8.5008 0003568 254.1728 105.8116  1.70476119 32274
GSAT0222 (GALILEO 26)   
1 43565U 18060B   23273.54083195 -.00000105  00000+0  00000+0 0  9995
2 43565  57.2914   8.4960 0004050 220.8731 139.1207  1.70475814 32322
GSAT0219 (GALILEO 23)   
1 43566U 18060C   23273.76312742 -.00000105  00000+0  00000+0 0  9993
2 43566  57.2906   8.4922 0002806 257.5440 102.4492  1.70476032 32303
GSAT0220 (GALILEO 24)   
1 43567U 18060D   23269.87746299 -.00000095  00000+0  00000+0 0  9997
2 43567  57.2899   8.5973 0002788 251.4482 108.5396  1.70475634 32228
BEIDOU-3 M5             
1 43581U 18062A   23273.96126744  .00000005  00000+0  00000+0 0  9997
2 43581  54.1722 216.0048 0004441 287.6783  72.2497  1.86231779 35192
BEIDOU-3 M6             
1 43582U 18062B   23273.82748754  .00000004  00000+0  00000+0 0  9993
2 43582  54.1719 215.9990 0005403   5.8612 354.1207  1.86229664 35194
BEIDOU-3 M12            
1 43602U 18067A   23273.76354409  .00000004  00000+0  00000+0 0  9994
2 43602  54.2596 214.6590 0007310  16.0552 343.9451  1.86231412 34672
BEIDOU-3 M11            
1 43603U 18067B   23274.43432588  .00000009  00000+0  00000+0 0  9990
2 43603  54.2566 214.6020 0004304   3.3390 356.6452  1.86231415 34717
BEIDOU-3 M13            
1 43622U 18072A   23271.70856356  .00000040  00000+0  00000+0 0  9992
2 43622  55.7897  95.6495 0004040 293.6056  66.4139  1.86231420 34178
BEIDOU-3 M14            
1 43623U 18072B   23272.11096674  .00000035  00000+0  00000+0 0  9992
2 43623  55.7920  95.6287 0002453 350.3495   9.7052  1.86231435 34179
BEIDOU-3 M16            
1 43647U 18078A   23273.34794211 -.00000088  00000+0  00000+0 0  9991
2 43647  54.8925 334.4436 0005959   3.8563 356.2127  1.86227169 33700
BEIDOU-3 M15            
1 43648U 18078B   23274.55175667 -.00000095  00000+0  00000+0 0  9992
2 43648  54.8875 334.4059 0002745  10.0380 350.0294  1.86232177 33749
BEIDOU-3 G1             
1 43683U 18085A   23274.56779128 -.00000288  00000+0  00000+0 0  9996
2 43683   1.5737 122.5234 0002324   4.0909 227.8947  1.00268838 18139
COSMOS 2529             
1 43687U 18086A   23273.57525963  .00000012  00000+0  00000+0 0  9991
2 43687  64.3138 226.1289 0010682 263.3767  96.4761  2.13101981 38174
BEIDOU-3 M17            
1 43706U 18093A   23274.16267146  .00000007  00000+0  00000+0 0  9997
2 43706  54.2547 215.9172 0009577 283.2962  76.5747  1.86231856 33109
BEIDOU-3 M18            
1 43707U 18093B   23274.02894165  .00000006  00000+0  00000+0 0  9999
2 43707  54.2555 215.9135 0008059 310.7684  49.1385  1.86229698 33092
NAVSTAR 77 (USA 289)    
1 43873U 18109A   23274.07548962  .00000033  00000+0  00000+0 0  9997
2 43873  55.2005 131.3080 0026206 190.1441 343.7143  2.00569746 35211
BEIDOU-3 IGSO-1         
1 44204U 19023A   23274.59479882 -.00000222  00000+0  00000+0 0  9994
2 44204  57.2623  47.9559 0023981 195.4448 100.7350  1.00274059 16414
BEIDOU-2 G8             
1 44231U 19027A   23274.57038825 -.00000256  00000+0  00000+0 0  9991
2 44231   2.0246  81.0158 0006866 132.4382 146.4169  1.00275062 16159
COSMOS 2534             
1 44299U 19030A   23274.42298828  .00000019  00000+0  00000+0 0  9990
2 44299  64.3862 226.0290 0012883 283.1918 141.2753  2.13101798 33836
BEIDOU-3 IGSO-2         
1 44337U 19035A   23274.60535670 -.00000128  00000+0  00000+0 0  9999
2 44337  55.1522 167.5526 0033004 195.9192 343.9522  1.00265988 15745
NAVSTAR 78 (USA 293)    
1 44506U 19056A   23274.23940396 -.00000105  00000+0  00000+0 0  9999
2 44506  55.8245  10.3760 0037780 186.5667   4.7843  2.00565848 30211
BEIDOU-3 M24            
1 44542U 19061A   23274.10043686  .00000007  00000+0  00000+0 0  9997
2 44542  54.4820 216.1547 0008505 345.9433  14.0099  1.86231453 27352
BEIDOU-3 M23            
1 44543U 19061B   23274.50257709  .00000010  00000+0  00000+0 0  9999
2 44543  54.4804 216.1100 0005703 332.0432 209.4494  1.86231718 27367
BEIDOU-3 IGSO-3         
1 44709U 19073A   23274.44836175 -.00000174  00000+0  00000+0 0  9991
2 44709  56.4904 291.4655 0035076 190.6724 169.2745  1.00273897 14530
BEIDOU-3 M22            
1 44793U 19078A   23271.79806846 -.00000079  00000+0  00000+0 0  9990
2 44793  54.7419 334.4612 0004751  11.9956 348.0812  1.86232084 26165
BEIDOU-3 M21            
1 44794U 19078B   23273.53941803 -.00000089  00000+0  00000+0 0  9999
2 44794  54.7145 334.3825 0002815 357.1581   2.9041  1.86232605 26209
COSMOS 2544             
1 44850U 19088A   23273.41978530  .00000048  00000+0  00000+0 0  9991
2 44850  65.0882 106.9170 0011141 249.1024 110.8453  2.13102143 29602
BEIDOU-3 M19            
1 44864U 19090A   23273.77220764  .00000013  00000+0  00000+0 0  9999
2 44864  55.7260  95.7655 0015197 274.0440  75.8217  1.86231668 25787
BEIDOU-3 M20            
1 44865U 19090B   23274.48810925  .00000005  00000+0  00000+0 0  9994
2 44865  55.7285  95.7743 0012924 289.3955 270.2287  1.86231670 25789
BEIDOU-3 G2             
1 45344U 20017A   23274.53483073 -.00000151  00000+0  00000+0 0  9997
2 45344   2.0657  17.6083 0003298 178.4125  86.5575  1.00272505 13335
COSMOS 2545             
1 45358U 20018A   23274.08587109 -.00000076  00000+0  00000+0 0  9994
2 45358  64.8351 346.9954 0010932 240.6310 119.3205  2.13102476 27562
BEIDOU-3 G3             
1 45807U 20040A   23274.58256257 -.00000365  00000+0  00000+0 0  9991
2 45807   0.5968 349.6766 0007444 318.3763  22.2698  1.00275004 12141
NAVSTAR 79 (USA 304)    
1 45854U 20041A   23274.22887734 -.00000036  00000+0  00000+0 0  9990
2 45854  55.9066  67.6621 0037238 186.8694 300.0570  2.00562705 24189
GALAXY 30 (G-30)        
1 46114U 20056C   23274.47496944  .00000027  00000+0  00000+0 0  9991
2 46114   0.0179 192.5997 0002619  10.2072 213.1330  1.00272076 11366
COSMOS 2547             
1 46805U 20075A   23273.33615378  .00000010  00000+0  00000+0 0  9999
2 46805  64.6140 225.6297 0008004 243.7396 116.1522  2.13102798 22796
NAVSTAR 80 (USA 309)    
1 46826U 20078A   23274.31782550  .00000000  00000+0  00000+0 0  9990
2 46826  54.2996 250.9677 0036552 194.8723 331.8914  2.00562702 21651
NAVSTAR 81 (USA 319)    
1 48859U 21054A   23274.29702294 -.00000105  00000+0  00000+0 0  9994
2 48859  55.3429  12.1466 0013061 213.8310 121.0244  2.00571900 16895
QZS-1R                  
1 49336U 21096A   23274.38168122 -.00000247  00000+0  00000+0 0  9994
2 49336  35.4090  94.4985 0745062 269.7809 277.6671  1.00283401  7082
GSAT0223 (GALILEO 27)   
1 49809U 21116A   23267.41475998 -.00000085  00000+0  00000+0 0  9990
2 49809  57.2810   8.5598 0003498 188.0129 190.8503  1.70475882 11193
GSAT0224 (GALILEO 28)   
1 49810U 21116B   23274.29079145 -.00000106  00000+0  00000+0 0  9994
2 49810  57.2825   8.3716 0002886 189.0507 202.2691  1.70475992 11336
COSMOS 2557             
1 52984U 22075A   23273.02966117 -.00000073  00000+0  00000+0 0  9992
2 52984  64.7530 349.1885 0012618 275.2285  84.6852  2.13102196  9593
COSMOS 2559             
1 54031U 22130A   23273.91025253 -.00000077  00000+0  00000+0 0  9998
2 54031  64.7239 349.2845 0007621 221.8195 138.1803  2.13101398  7587
COSMOS 2564             
1 54377U 22161A   23274.10318719  .00000017  00000+0  00000+0 0  9992
2 54377  64.7547 225.6618 0010139 224.7330 135.1621  2.13102130  6532
NAVSTAR 82 (USA 343)    
1 55268U 23009A   23269.79232659 -.00000012  00000+0  00000+0 0  9997
2 55268  55.0873 187.5341 0004666  90.6249 271.5536  2.00554056  5301
BEIDOU-3 G4             
1 56564U 23066A   23274.46000154 -.00000125  00000+0  00000+0 0  9998
2 56564   2.7778 288.6971 0006373 221.0434 185.8327  1.00271788  1475
IRNSS-1J (NVS-01)       
1 56759U 23076A   23274.55956829 -.00000351  00000+0  00000+0 0  9995
2 56759   4.6705 271.5521 0006955 345.7172  83.7979  1.00273723  1192
