NAVSTAR 43 (USA 132)    
1 24876U 97035A   23284.98994674  .00000069  00000+0  00000+0 0  9999
2 24876  55.5966 136.8731 0074077  53.1225 307.6547  2.00564466192318
NAVSTAR 47 (USA 150)    
1 26360U 00025A   23285.36230007 -.00000038  00000+0  00000+0 0  9995
2 26360  54.4654  59.0464 0041795 201.4455 157.9368  2.00568238171633
NAVSTAR 51 (USA 166)    
1 27663U 03005A   23285.62207248 -.00000014  00000+0  00000+0 0  9997
2 27663  55.2268 253.8872 0133272  44.8859 121.1684  2.00563851151689
NAVSTAR 52 (USA 168)    
1 27704U 03010A   23285.60901721 -.00000095  00000+0  00000+0 0  9993
2 27704  55.1152   3.8266 0249918 319.6414  56.6653  2.00576937150485
NAVSTAR 54 (USA 177)    
1 28190U 04009A   23285.63381924 -.00000036  00000+0  00000+0 0  9997
2 28190  55.6610 314.9458 0092444 140.3454 190.7094  2.00566261143313
NAVSTAR 56 (USA 180)    
1 28474U 04045A   23285.62374751 -.00000094  00000+0  00000+0 0  9995
2 28474  55.4426   4.1606 0163241 283.4114  94.5727  2.00556261138801
ANIK F1R                
1 28868U 05036A   23285.61507472 -.00000068  00000+0  00000+0 0  9991
2 28868   1.7858  88.5117 0001601  83.4328 323.1533  1.00273323 36649
NAVSTAR 57 (USA 183)    
1 28874U 05038A   23285.59027823 -.00000032  00000+0  00000+0 0  9995
2 28874  55.7116 312.4005 0140301 280.1998  41.9664  2.00572999132208
INMARSAT 4-F2           
1 28899U 05044A   23278.94424344 -.00000024  00000+0  00000+0 0  9990
2 28899   3.8913  40.9277 0006145  43.1630 334.3200  1.00395805 65629
NAVSTAR 58 (USA 190)    
1 29486U 06042A   23285.57172736  .00000004  00000+0  00000+0 0  9991
2 29486  54.6807 190.1408 0103994  33.4215 176.4496  2.00567784124764
NAVSTAR 59 (USA 192)    
1 29601U 06052A   23285.20430444 -.00000015  00000+0  00000+0 0  9997
2 29601  55.2491 252.8656 0083855  79.4740 281.4459  2.00551600123772
NAVSTAR 60 (USA 196)    
1 32260U 07047A   23285.51877313  .00000068  00000+0  00000+0 0  9998
2 32260  53.4830 120.5575 0152548  71.5890 290.1495  2.00549768117187
COSMOS 2433             
1 32275U 07052A   23284.10394206 -.00000066  00000+0  00000+0 0  9998
2 32275  66.0116 348.7133 0004858 234.6763 125.3432  2.13104232124179
COSMOS 2432             
1 32276U 07052B   23285.60719303 -.00000058  00000+0  00000+0 0  9995
2 32276  66.0257 348.7727 0009451 312.7347  67.4713  2.13103360124231
NAVSTAR 61 (USA 199)    
1 32384U 07062A   23283.36408017 -.00000035  00000+0  00000+0 0  9999
2 32384  55.8462 313.3155 0024504 152.0753 223.3817  2.00560720115848
COSMOS 2434             
1 32393U 07065A   23285.42202306 -.00000012  00000+0  00000+0 0  9999
2 32393  64.3332 225.0124 0001538  68.1499 114.3594  2.13103114122911
COSMOS 2436             
1 32395U 07065C   23284.75004657 -.00000017  00000+0  00000+0 0  9990
2 32395  64.3419 225.0972 0016194 357.1573 165.3034  2.13102769122851
NAVSTAR 62 (USA 201)    
1 32711U 08012A   23285.43163321  .00000003  00000+0  00000+0 0  9999
2 32711  54.4487 188.9685 0177750 236.0851 122.2612  2.00558519114125
NAVSTAR 64 (USA 206)    
1 35752U 09043A   23285.41282999 -.00000020  00000+0  00000+0 0  9993
2 35752  55.4670  66.1974 0057693  70.0039 292.8741  2.00555889103732
COSMOS 2456             
1 36111U 09070A   23285.44813200  .00000079  00000+0  00000+0 0  9994
2 36111  64.5068 104.4972 0001331 339.3845  21.7785  2.13099214107574
COSMOS 2457             
1 36112U 09070B   23284.87591088  .00000079  00000+0  00000+0 0  9998
2 36112  64.4909 104.3813 0006498 147.1859 266.0759  2.13101403107568
COSMOS 2460             
1 36402U 10007C   23285.37318677 -.00000057  00000+0  00000+0 0  9996
2 36402  65.8729 347.3801 0001990 227.7581 195.8317  2.13106394105875
NAVSTAR 65 (USA 213)    
1 36585U 10022A   23285.48321851 -.00000018  00000+0  00000+0 0  9992
2 36585  54.5492 248.0463 0110688  59.7073 111.4871  2.00563962 97967
BEIDOU-2 IGSO-1         
1 36828U 10036A   23285.40091972 -.00000104  00000+0  00000+0 0  9993
2 36828  54.2331 171.8233 0037615 192.0426 265.7708  1.00299615 48390
QZS-1 (MICHIBIKI-1)     
1 37158U 10045A   23285.47333271  .00000055  00000+0  00000+0 0  9992
2 37158  42.9200 127.2382 0003794 103.4869 258.3322  0.87715891 47813
BEIDOU-2 G4             
1 37210U 10057A   23285.47831918 -.00000107  00000+0  00000+0 0  9994
2 37210   1.2605  62.4935 0007201 163.9513 126.5703  1.00272882 47472
BEIDOU-2 IGSO-2         
1 37256U 10068A   23285.59810925 -.00000184  00000+0  00000+0 0  9999
2 37256  49.3421 283.8408 0031809 214.0490 206.7458  1.00271826 46988
BEIDOU-2 IGSO-3         
1 37384U 11013A   23285.26930054 -.00000176  00000+0  00000+0 0  9993
2 37384  60.9957  49.5291 0028359 177.4101 358.7163  1.00272419 45841
GSAT-8                  
1 37605U 11022A   23285.54979998  .00000088  00000+0  00000+0 0  9991
2 37605   0.0471  55.5564 0007076 197.9201  20.4240  1.00273787 43402
NAVSTAR 66 (USA 232)    
1 37753U 11036A   23285.60136806 -.00000095  00000+0  00000+0 0  9999
2 37753  56.7481   9.9849 0126855  56.3469 286.5948  2.00569024 89644
BEIDOU-2 IGSO-4         
1 37763U 11038A   23284.78022939 -.00000074  00000+0  00000+0 0  9998
2 37763  54.5065 174.3803 0111815 227.6516 354.0484  1.00266734 44820
GSAT0101 (GALILEO-PFM)  
1 37846U 11060A   23284.83818171 -.00000095  00000+0  00000+0 0  9995
2 37846  57.1128   8.2849 0000417  40.9336 319.1064  1.70476083 74429
GSAT0102 (GALILEO-FM2)  
1 37847U 11060B   23285.34325260 -.00000093  00000+0  00000+0 0  9993
2 37847  57.1136   8.2710 0002140 301.4711  54.7330  1.70475494 74437
COSMOS 2476             
1 37867U 11064A   23285.31898522  .00000082  00000+0  00000+0 0  9999
2 37867  64.7859 106.0432 0021326 230.2086 301.5152  2.13101804 92900
COSMOS 2477             
1 37868U 11064B   23284.87032061  .00000082  00000+0  00000+0 0  9998
2 37868  64.7938 106.1286 0018530 230.3178 135.0740  2.13101658 92903
COSMOS 2475             
1 37869U 11064C   23284.91339587  .00000082  00000+0  00000+0 0  9997
2 37869  64.8002 106.1395 0022458 248.8781 108.0810  2.13101987 92897
BEIDOU-2 IGSO-5         
1 37948U 11073A   23285.63657667 -.00000133  00000+0  00000+0 0  9995
2 37948  49.4680 283.5101 0094710 221.0488 200.6776  1.00264133 43320
LUCH-5A                 
1 37951U 11074B   23285.55932803 -.00000038  00000+0  00000+0 0  9993
2 37951   6.2399  89.0347 0004133  96.9405 203.1830  1.00272186 43237
BEIDOU-2 G5             
1 38091U 12008A   23285.62321431  .00000063  00000+0  00000+0 0  9991
2 38091   1.7996  68.9914 0005598 181.5408  53.4612  1.00273485 42553
BEIDOU-2 M3             
1 38250U 12018A   23285.32229635 -.00000071  00000+0  00000+0 0  9999
2 38250  56.4901 337.6145 0024801 257.6170 102.1756  1.86231316 77712
BEIDOU-2 M4             
1 38251U 12018B   23285.25357584 -.00000071  00000+0  00000+0 0  9997
2 38251  56.4004 336.9071 0015689 258.2605 101.6337  1.86232032 77716
SES-5                   
1 38652U 12036A   23285.32003472  .00000037  00000+0  00000+0 0  9995
2 38652   0.0498 300.0903 0001844 262.2448 298.5111  1.00271447 34670
BEIDOU-2 M6             
1 38775U 12050B   23284.96333615  .00000050  00000+0  00000+0 0  9996
2 38775  55.7207  95.5056 0010742 339.8480  20.1511  1.86231294 75072
GSAT-10                 
1 38779U 12051B   23285.59774630 -.00000161  00000+0  00000+0 0  9991
2 38779   0.0503  94.2246 0003356 159.0963  65.8185  1.00272221 40308
NAVSTAR 67 (USA 239)    
1 38833U 12053A   23285.10840345  .00000005  00000+0  00000+0 0  9994
2 38833  53.5101 183.6497 0144487  52.7241 308.6412  2.00567935 79804
GSAT0103 (GALILEO-FM3)  
1 38857U 12055A   23283.11762688  .00000052  00000+0  00000+0 0  9996
2 38857  55.2966 128.5084 0002104 248.3287 111.7447  1.70473826 68282
GSAT0104 (GALILEO-FM4)  
1 38858U 12055B   23284.26020495  .00000061  00000+0  00000+0 0  9997
2 38858  55.2970 128.4784 0001093 142.2357 217.8719  1.70474064 68410
BEIDOU-2 G6             
1 38953U 12059A   23285.48105001 -.00000170  00000+0  00000+0 0  9991
2 38953   1.9214  81.7686 0006835 301.1543 255.1152  1.00270706 40099
LUCH-5B                 
1 38977U 12061A   23285.17244439 -.00000126  00000+0  00000+0 0  9996
2 38977   8.3392  58.8034 0005498 129.1567 238.3221  1.00273419 39804
COSMOS 2485             
1 39155U 13019A   23284.09859193  .00000083  00000+0  00000+0 0  9999
2 39155  64.9452 106.6162 0021864 226.2323 133.6464  2.13101963 81392
NAVSTAR 68 (USA 242)    
1 39166U 13023A   23284.97150190 -.00000029  00000+0  00000+0 0  9995
2 39166  55.3270 308.6060 0115134  41.5719 319.3533  2.00564335 76237
IRNSS-1A                
1 39199U 13034A   23285.00813442  .00000111  00000+0  00000+0 0  9995
2 39199  33.5121  78.1314 0021312 180.2649 179.9760  1.00277493 37553
NAVSTAR 69 (USA 248)    
1 39533U 14008A   23285.47050043  .00000003  00000+0  00000+0 0  9990
2 39533  53.5966 189.1980 0067061 215.5111 144.0889  2.00553901 70052
ASTRA 5B                
1 39617U 14011B   23285.53863552  .00000141  00000+0  00000+0 0  9994
2 39617   0.0731 305.5994 0003494 275.8442  16.8199  1.00272936 34850
COSMOS 2492             
1 39620U 14012A   23285.46188693 -.00000057  00000+0  00000+0 0  9994
2 39620  65.7563 346.9901 0012615 311.5339  48.4289  2.13103255 74385
IRNSS-1B                
1 39635U 14017A   23285.00813442  .00000089  00000+0  00000+0 0  9996
2 39635  28.6316 257.0326 0018702 190.6731 350.6579  1.00276744 34973
LUCH-5V                 
1 39727U 14023A   23285.57929855 -.00000261  00000+0  00000+0 0  9996
2 39727   2.6693  77.1137 0004137 157.4233  89.5849  1.00267973 34546
NAVSTAR 70 (USA 251)    
1 39741U 14026A   23285.25349231 -.00000097  00000+0  00000+0 0  9991
2 39741  56.7000   9.5203 0030234 309.6513  50.1200  2.00554623 68900
COSMOS 2500             
1 40001U 14032A   23284.70615641 -.00000061  00000+0  00000+0 0  9990
2 40001  65.6947 346.8400 0008545 208.9268 151.0941  2.13106157 72585
NAVSTAR 71 (USA 256)    
1 40105U 14045A   23285.33676163  .00000073  00000+0  00000+0 0  9997
2 40105  54.8273 127.5531 0027126 114.3331 246.0426  2.00549553 66446
GSAT0201 (GALILEO 5)    
1 40128U 14050A   23285.07259388 -.00000053  00000+0  00000+0 0  9994
2 40128  49.9017 313.0565 1607617 141.8042 230.7742  1.85519507 60156
GSAT0202 (GALILEO 6)    
1 40129U 14050B   23285.33184210 -.00000051  00000+0  00000+0 0  9993
2 40129  49.9204 312.1183 1605556 142.6244 229.7217  1.85520178 62326
IRNSS-1C                
1 40269U 14061A   23285.47885098 -.00000153  00000+0  00000+0 0  9990
2 40269   4.0544 111.5441 0019584   6.4829 158.1817  1.00271407 32876
NAVSTAR 72 (USA 258)    
1 40294U 14068A   23284.71400438 -.00000011  00000+0  00000+0 0  9995
2 40294  56.2108  68.9958 0049051  62.7494 297.7532  2.00574340 65561
COSMOS 2501             
1 40315U 14075A   23284.48719076 -.00000020  00000+0  00000+0 0  9992
2 40315  63.6363 224.3655 0019338 209.7480 150.1291  2.13101313 68977
NAVSTAR 73 (USA 260)    
1 40534U 15013A   23285.35174789 -.00000021  00000+0  00000+0 0  9992
2 40534  53.4475 244.7148 0082332  25.9769 334.4047  2.00552398 62199
GSAT0203 (GALILEO 7)    
1 40544U 15017A   23284.03096618 -.00000098  00000+0  00000+0 0  9999
2 40544  56.9071   8.2748 0003377 228.6165 131.3891  1.70476443 53152
GSAT0204 (GALILEO 8)    
1 40545U 15017B   23284.87129425 -.00000095  00000+0  00000+0 0  9992
2 40545  56.9141   8.2663 0004418 223.9513 136.0506  1.70475933 15559
IRNSS-1D                
1 40547U 15018A   23285.34135525 -.00000296  00000+0  00000+0 0  9999
2 40547  27.9975 256.9924 0018926 187.5074 170.8200  1.00270589 31167
BEIDOU-3S IGSO-1S       
1 40549U 15019A   23285.63614716 -.00000117  00000+0  00000+0 0  9990
2 40549  51.0318 307.1202 0040626 197.4169 196.0173  1.00249332 31265
NAVSTAR 74 (USA 262)    
1 40730U 15033A   23285.51363396 -.00000029  00000+0  00000+0 0  9992
2 40730  54.8143 307.1798 0086710  14.0032 346.2874  2.00553332 60360
BEIDOU-3S M2S           
1 40748U 15037A   23284.38205995 -.00000074  00000+0  00000+0 0  9999
2 40748  55.6402 335.5124 0012498 246.5191 113.4174  1.86233306 55870
BEIDOU-3S M1S           
1 40749U 15037B   23285.18916469 -.00000071  00000+0  00000+0 0  9991
2 40749  55.6428 335.4714 0004736 295.8977  64.1230  1.86233050 55891
GSAT0205 (GALILEO 9)    
1 40889U 15045A   23285.22584788 -.00000004  00000+0  00000+0 0  9991
2 40889  55.3447 248.6499 0004219   6.0807 353.8855  1.70473116 50325
GSAT0206 (GALILEO 10)   
1 40890U 15045B   23284.85993607 -.00000004  00000+0  00000+0 0  9995
2 40890  55.3440 248.6554 0002743 341.8391  18.1132  1.70473198 50341
BEIDOU-3S IGSO-2S       
1 40938U 15053A   23284.85088199 -.00000128  00000+0  00000+0 0  9995
2 40938  50.7544 270.3081 0047456 194.8428 317.9669  1.00274877 29530
NAVSTAR 75 (USA 265)    
1 41019U 15062A   23284.56771472 -.00000011  00000+0  00000+0 0  9998
2 41019  56.1939  68.8522 0090810 221.3358 137.9797  2.00562342 58182
GSAT-15                 
1 41028U 15065A   23285.48105001 -.00000254  00000+0  00000+0 0  9991
2 41028   0.0484  91.5046 0002296 102.6892  93.3110  1.00271597 28981
GSAT0209 (GALILEO 12)   
1 41174U 15079A   23285.03157904  .00000066  00000+0  00000+0 0  9998
2 41174  55.3153 128.1630 0002122 344.9287  15.1663  1.70474323 48089
GSAT0208 (GALILEO 11)   
1 41175U 15079B   23285.25121375  .00000067  00000+0  00000+0 0  9997
2 41175  55.3136 128.1550 0001763 356.5439   3.5565  1.70474192 48503
IRNSS-1E                
1 41241U 16003A   23285.34135525 -.00000266  00000+0  00000+0 0  9993
2 41241  31.0651  77.2208 0021171 179.9661 358.2587  1.00274329 28261
NAVSTAR 76 (USA 266)    
1 41328U 16007A   23284.65725311  .00000069  00000+0  00000+0 0  9994
2 41328  55.0302 128.3670 0071999 233.5852 125.8393  2.00574090 56194
COSMOS 2514             
1 41330U 16008A   23285.40720301 -.00000057  00000+0  00000+0 0  9994
2 41330  65.4914 346.3883 0012446 214.1248 145.8658  2.13102719 59766
IRNSS-1F                
1 41384U 16015A   23285.54037598  .00000166  00000+0  00000+0 0  9995
2 41384   3.0114 128.0116 0019238 173.4483 306.3638  1.00268528 27856
BEIDOU-2 IGSO-6         
1 41434U 16021A   23284.84358015 -.00000154  00000+0  00000+0 0  9998
2 41434  58.8102  47.8859 0048633 219.1785 153.6197  1.00275969 27662
IRNSS-1G                
1 41469U 16027A   23285.54355030 -.00000327  00000+0  00000+0 0  9996
2 41469   2.9000 129.5879 0001145   1.9535 214.6015  1.00271564 27365
GSAT0211 (GALILEO 14)   
1 41549U 16030A   23284.19904221 -.00000004  00000+0  00000+0 0  9993
2 41549  55.4917 248.6580 0004062 321.5602  38.3751  1.70473218 45964
GSAT0210 (GALILEO 13)   
1 41550U 16030B   23285.07710240 -.00000004  00000+0  00000+0 0  9999
2 41550  55.4906 248.6350 0003803 286.4400  73.4797  1.70473442 45976
COSMOS 2516             
1 41554U 16032A   23285.05160267 -.00000016  00000+0  00000+0 0  9994
2 41554  63.8628 224.7573 0015168 213.6179 146.2728  2.13106463 57361
BEIDOU-2 G7             
1 41586U 16037A   23285.63588469 -.00000347  00000+0  00000+0 0  9993
2 41586   1.9606  68.8977 0006769 336.9847 314.4679  1.00266584 26971
EUTELSAT 117 WEST B     
1 41589U 16038B   23284.15212546 -.00000012  00000+0  00000+0 0  9992
2 41589   0.0184  56.2708 0000201  55.9127 205.0795  1.00271988 26835
GSAT0207 (GALILEO 15)   
1 41859U 16069A   23282.39247064  .00000045  00000+0  00000+0 0  9998
2 41859  54.9772 128.2987 0001959 314.3400  45.7365  1.70474243 42669
GSAT0212 (GALILEO 16)   
1 41860U 16069B   23284.59342839  .00000062  00000+0  00000+0 0  9999
2 41860  54.9761 128.2346 0001936  23.3040 336.8053  1.70474474 42956
GSAT0213 (GALILEO 17)   
1 41861U 16069C   23284.95978440  .00000065  00000+0  00000+0 0  9996
2 41861  54.9783 128.2305 0001860 264.3043  95.7757  1.70473130 42828
GSAT0214 (GALILEO 18)   
1 41862U 16069D   23283.93388034  .00000057  00000+0  00000+0 0  9999
2 41862  54.9759 128.2528 0000917 266.4998  93.5883  1.70472984 42937
SES-15                  
1 42709U 17026A   23283.57373564  .00000058  00000+0  00000+0 0  9997
2 42709   0.0410  35.6949 0000348 177.5784 243.0380  1.00268944 24313
QZS-2 (MICHIBIKI-2)     
1 42738U 17028A   23285.24754345 -.00000200  00000+0  00000+0 0  9997
2 42738  40.9841 257.3268 0746557 270.5951  81.0689  1.00254702 23332
QZS-3 (MICHIBIKI-3)     
1 42917U 17048A   23285.50188358 -.00000344  00000+0  00000+0 0  9991
2 42917   0.0576 209.8839 0001535 352.2760 126.3873  1.00275810 22447
COSMOS 2522             
1 42939U 17055A   23285.24874995 -.00000014  00000+0  00000+0 0  9997
2 42939  64.0969 225.2868 0008522 242.6194 117.2804  2.13102045 47115
QZS-4 (MICHIBIKI-4)     
1 42965U 17062A   23285.54563491 -.00000315  00000+0  00000+0 0  9997
2 42965  40.6202 355.9597 0749762 270.0430  90.7768  1.00270992 22007
BEIDOU-3 M1             
1 43001U 17069A   23284.19268043  .00000051  00000+0  00000+0 0  9997
2 43001  55.8715  95.5954 0007144 297.5807  62.3901  1.86231728 40353
BEIDOU-3 M2             
1 43002U 17069B   23284.66643754  .00000051  00000+0  00000+0 0  9996
2 43002  55.8712  95.6156 0005343 332.7194  27.2950  1.86231221 40358
GSAT0215 (GALILEO 19)   
1 43055U 17079A   23285.00884638 -.00000004  00000+0  00000+0 0  9991
2 43055  55.4678 248.4610 0003262 281.4885  78.4365  1.70473880 36299
GSAT0216 (GALILEO 20)   
1 43056U 17079B   23285.30073146 -.00000003  00000+0  00000+0 0  9998
2 43056  55.4680 248.4529 0004855 283.7266  76.1802  1.70474082 36318
GSAT0217 (GALILEO 21)   
1 43057U 17079C   23284.34793513 -.00000004  00000+0  00000+0 0  9990
2 43057  55.4663 248.4781 0004434 294.8788  65.0388  1.70474052 36284
GSAT0218 (GALILEO 22)   
1 43058U 17079D   23285.15456917 -.00000004  00000+0  00000+0 0  9995
2 43058  55.4661 248.4535 0005277 279.7866  80.1150  1.70474001 36329
BEIDOU-3 M7             
1 43107U 18003A   23284.95408280 -.00000074  00000+0  00000+0 0  9992
2 43107  55.0965 336.1930 0002732  71.5705 288.5274  1.86232596 39113
BEIDOU-3 M8             
1 43108U 18003B   23285.42945029 -.00000072  00000+0  00000+0 0  9991
2 43108  55.0891 336.1636 0004691 250.5423 109.4761  1.86231073 39130
BEIDOU-3 M4             
1 43207U 18018A   23285.33459952  .00000051  00000+0  00000+0 0  9998
2 43207  55.8312  95.6550 0004104  20.6328 339.4244  1.86231637 38515
BEIDOU-3 M3             
1 43208U 18018B   23284.86431240  .00000051  00000+0  00000+0 0  9996
2 43208  55.8301  95.6750 0004995 315.6606  44.3415  1.86231624 38507
BEIDOU-3 M9             
1 43245U 18029A   23285.08702675 -.00000070  00000+0  00000+0 0  9999
2 43245  54.9892 333.9192 0001830 239.9381 120.1126  1.86232888 37665
BEIDOU-3 M10            
1 43246U 18029B   23285.55394990 -.00000068  00000+0  00000+0 0  9996
2 43246  54.9861 333.9315 0003075 341.6692  18.3892  1.86233047 37653
IRNSS-1I                
1 43286U 18035A   23285.58592248  .00000124  00000+0  00000+0 0  9998
2 43286  29.3393  89.5808 0021161 177.2096  20.0912  1.00274640 20263
COSMOS 2527             
1 43508U 18053A   23284.26898791  .00000083  00000+0  00000+0 0  9995
2 43508  65.1068 106.7107 0007575 213.1803 146.8322  2.13102525 41396
BEIDOU-2 IGSO-7         
1 43539U 18057A   23285.38634060 -.00000117  00000+0  00000+0 0  9993
2 43539  55.1170 171.5261 0063675 230.2392 231.8892  1.00272331 19334
GSAT0221 (GALILEO 25)   
1 43564U 18060A   23282.70805994 -.00000103  00000+0  00000+0 0  9999
2 43564  57.2884   8.2479 0003648 255.1165 104.8749  1.70476387 32432
GSAT0222 (GALILEO 26)   
1 43565U 18060B   23281.75302228 -.00000106  00000+0  00000+0 0  9999
2 43565  57.2920   8.2745 0004252 224.4666 135.5296  1.70476095 32464
GSAT0219 (GALILEO 23)   
1 43566U 18060C   23281.97530601 -.00000106  00000+0  00000+0 0  9992
2 43566  57.2911   8.2708 0003064 259.3855 100.6106  1.70476335 32449
GSAT0220 (GALILEO 24)   
1 43567U 18060D   23283.95550174 -.00000098  00000+0  00000+0 0  9990
2 43567  57.2910   8.2179 0003449 256.4227 103.5735  1.70476385 32455
BEIDOU-3 M5             
1 43581U 18062A   23285.23717687 -.00000023  00000+0  00000+0 0  9993
2 43581  54.1696 215.6210 0004119 293.2486  66.6997  1.86232044 35405
BEIDOU-3 M6             
1 43582U 18062B   23285.10352413 -.00000025  00000+0  00000+0 0  9994
2 43582  54.1692 215.6152 0005747  10.1750 349.8278  1.86229950 35405
BEIDOU-3 M12            
1 43602U 18067A   23284.50253291 -.00000031  00000+0  00000+0 0  9996
2 43602  54.2570 214.2942 0007470  17.8321 342.1860  1.86231546 34876
BEIDOU-3 M11            
1 43603U 18067B   23285.17331396 -.00000024  00000+0  00000+0 0  9996
2 43603  54.2539 214.2371 0004422   6.6680 353.3317  1.86231515 34918
BEIDOU-3 M13            
1 43622U 18072A   23284.05842522  .00000050  00000+0  00000+0 0  9995
2 43622  55.7998  95.2365 0003978 290.4342  69.5660  1.86231574 34403
BEIDOU-3 M14            
1 43623U 18072B   23284.99778040  .00000050  00000+0  00000+0 0  9992
2 43623  55.8026  95.1979 0002203 348.4452  11.5906  1.86231560 34419
BEIDOU-3 M16            
1 43647U 18078A   23285.16116411 -.00000070  00000+0  00000+0 0  9995
2 43647  54.8853 334.0359 0006075   1.8510 358.2201  1.86227412 33920
BEIDOU-3 M15            
1 43648U 18078B   23285.29076539 -.00000070  00000+0  00000+0 0  9996
2 43648  54.8809 334.0350 0002832   5.9723 354.1001  1.86232412 33942
BEIDOU-3 G1             
1 43683U 18085A   23283.84029515 -.00000280  00000+0  00000+0 0  9997
2 43683   1.5935 121.9301 0001933   7.5353 332.1504  1.00266214 18228
COSMOS 2529             
1 43687U 18086A   23285.30675660 -.00000013  00000+0  00000+0 0  9997
2 43687  64.3124 225.7305 0010199 263.9937  95.8761  2.13102077 38429
BEIDOU-3 M17            
1 43706U 18093A   23284.90162864 -.00000027  00000+0  00000+0 0  9994
2 43706  54.2521 215.5525 0009248 285.4434  74.4452  1.86232127 33306
BEIDOU-3 M18            
1 43707U 18093B   23285.30497929 -.00000023  00000+0  00000+0 0  9999
2 43707  54.2527 215.5305 0007924 314.1596  45.7673  1.86229966 33300
NAVSTAR 77 (USA 289)    
1 43873U 18109A   23285.60293687  .00000074  00000+0  00000+0 0  9994
2 43873  55.2055 130.8527 0026397 189.7960  27.7499  2.00570393 35445
BEIDOU-3 IGSO-1         
1 44204U 19023A   23284.79766912 -.00000206  00000+0  00000+0 0  9992
2 44204  57.2771  47.8506 0024193 196.8821 182.3782  1.00271726 16520
BEIDOU-2 G8             
1 44231U 19027A   23285.63121929 -.00000240  00000+0  00000+0 0  9991
2 44231   2.0518  80.9565 0006897 136.2591 175.5453  1.00272470 16260
COSMOS 2534             
1 44299U 19030A   23285.36564289 -.00000013  00000+0  00000+0 0  9997
2 44299  64.3852 225.6584 0012538 284.2471 255.0569  2.13101975 34061
BEIDOU-3 IGSO-2         
1 44337U 19035A   23285.64022455 -.00000109  00000+0  00000+0 0  9996
2 44337  55.1513 167.4555 0032767 195.2853   7.7457  1.00263041 15850
NAVSTAR 78 (USA 293)    
1 44506U 19056A   23284.66367750 -.00000101  00000+0  00000+0 0  9990
2 44506  55.8255   9.9639 0038003 187.1683 331.0933  2.00566501 30421
BEIDOU-3 M24            
1 44542U 19061A   23284.83943423 -.00000028  00000+0  00000+0 0  9990
2 44542  54.4794 215.7918 0008563 349.3407  10.6313  1.86231583 27559
BEIDOU-3 M23            
1 44543U 19061B   23285.24613178 -.00000023  00000+0  00000+0 0  9993
2 44543  54.4779 215.7473 0005756 337.0503 207.5313  1.86231976 27565
BEIDOU-3 IGSO-3         
1 44709U 19073A   23285.41835009 -.00000153  00000+0  00000+0 0  9992
2 44709  56.4729 291.3496 0034972 190.8692 169.0730  1.00270513 14643
BEIDOU-3 M22            
1 44793U 19078A   23285.22181992 -.00000070  00000+0  00000+0 0  9992
2 44793  54.7336 333.9963 0004835   9.0097 351.0678  1.86232345 26415
BEIDOU-3 M21            
1 44794U 19078B   23285.35229441 -.00000070  00000+0  00000+0 0  9999
2 44794  54.7073 333.9730 0002982 353.2342   6.8308  1.86232786 26429
COSMOS 2544             
1 44850U 19088A   23285.62053289  .00000082  00000+0  00000+0 0  9990
2 44850  65.0934 106.5074 0011167 248.0745 111.8636  2.13102255 29861
BEIDOU-3 M19            
1 44864U 19090A   23285.59425490  .00000049  00000+0  00000+0 0  9994
2 44864  55.7355  95.3700 0015225 273.4614  82.5280  1.86231948 26009
BEIDOU-3 M20            
1 44865U 19090B   23284.13305645  .00000050  00000+0  00000+0 0  9995
2 44865  55.7360  95.4516 0012892 288.8956 257.2086  1.86231930 25968
BEIDOU-3 G2             
1 45344U 20017A   23285.60894789 -.00000136  00000+0  00000+0 0  9990
2 45344   2.0736  18.1494 0003171 185.8662 116.1909  1.00272222 13442
COSMOS 2545             
1 45358U 20018A   23285.34812513 -.00000059  00000+0  00000+0 0  9996
2 45358  64.8317 346.6043 0011283 242.3233 117.6320  2.13102693 27800
BEIDOU-3 G3             
1 45807U 20040A   23285.62653875 -.00000350  00000+0  00000+0 0  9999
2 45807   0.5918 352.1192 0007849 315.7626  49.1937  1.00269877 12253
NAVSTAR 79 (USA 304)    
1 45854U 20041A   23285.27417382 -.00000017  00000+0  00000+0 0  9994
2 45854  55.9161  67.2274 0037673 187.4172 354.7131  2.00562742 24401
GALAXY 30 (G-30)        
1 46114U 20056C   23284.58467228  .00000038  00000+0  00000+0 0  9999
2 46114   0.0186 187.0795 0002519  19.1280 259.1863  1.00270965 11475
COSMOS 2547             
1 46805U 20075A   23285.53687772 -.00000011  00000+0  00000+0 0  9993
2 46805  64.6128 225.2201 0007661 243.4076 116.5009  2.13102839 23053
NAVSTAR 80 (USA 309)    
1 46826U 20078A   23285.30253719 -.00000018  00000+0  00000+0 0  9991
2 46826  54.2947 250.5220 0036678 194.9954 343.3007  2.00562874 21878
NAVSTAR 81 (USA 319)    
1 48859U 21054A   23285.26706260 -.00000098  00000+0  00000+0 0  9991
2 48859  55.3442  11.7078 0013351 215.3260 120.7508  2.00571719 17110
QZS-1R                  
1 49336U 21096A   23285.34431403 -.00000197  00000+0  00000+0 0  9991
2 49336  35.4317  94.3315 0746104 269.9793 275.3283  1.00280312  7196
GSAT0223 (GALILEO 27)   
1 49809U 21116A   23285.56317590 -.00000092  00000+0  00000+0 0  9997
2 49809  57.2825   8.0704 0003716 205.2993 151.6623  1.70476462 11493
GSAT0224 (GALILEO 28)   
1 49810U 21116B   23279.50556902 -.00000111  00000+0  00000+0 0  9990
2 49810  57.2829   8.2311 0002917 191.6737 160.0776  1.70476466 11410
COSMOS 2557             
1 52984U 22075A   23285.23045386 -.00000062  00000+0  00000+0 0  9992
2 52984  64.7496 348.7636 0012989 275.4175  84.5020  2.13102380  9854
COSMOS 2559             
1 54031U 22130A   23284.70329721 -.00000066  00000+0  00000+0 0  9992
2 54031  64.7208 348.9082 0007778 223.9844 136.0194  2.13101598  7817
COSMOS 2564             
1 54377U 22161A   23284.89617144 -.00000016  00000+0  00000+0 0  9993
2 54377  64.7535 225.3014 0009747 223.5894 136.3199  2.13102246  6767
NAVSTAR 82 (USA 343)    
1 55268U 23009A   23285.48116581  .00000007  00000+0  00000+0 0  9999
2 55268  55.0866 186.9194 0004956  88.8573  80.9321  2.00553296  5616
BEIDOU-3 G4             
1 56564U 23066A   23285.59231215 -.00000112  00000+0  00000+0 0  9994
2 56564   2.7511 288.6585 0005981 223.4921 242.0430  1.00272252  1582
IRNSS-1J (NVS-01)       
1 56759U 23076A   23285.41645576 -.00000341  00000+0  00000+0 0  9995
2 56759   4.6436 271.3524 0007316 348.1383  40.7499  1.00269193  1306
