NAVSTAR 43 (USA 132)    
1 24876U 97035A   23244.10647405  .00000016  00000+0  00000+0 0  9998
2 24876  55.5864 138.4711 0072410  52.2606 308.4602  2.00563947191495
NAVSTAR 47 (USA 150)    
1 26360U 00025A   23244.48111676 -.00000038  00000+0  00000+0 0  9993
2 26360  54.4300  60.7189 0041445 199.1500 161.0095  2.00570845170820
NAVSTAR 51 (USA 166)    
1 27663U 03005A   23244.56128550  .00000021  00000+0  00000+0 0  9990
2 27663  55.2474 255.5205 0131797  44.6728 353.1569  2.00566107150865
NAVSTAR 52 (USA 168)    
1 27704U 03010A   23243.71989294 -.00000096  00000+0  00000+0 0  9991
2 27704  55.1156   5.5170 0248593 318.6584  49.8291  2.00574574149640
NAVSTAR 54 (USA 177)    
1 28190U 04009A   23244.46270054 -.00000059  00000+0  00000+0 0  9999
2 28190  55.6926 316.5841 0092929 138.5469 344.5023  2.00567273142493
NAVSTAR 56 (USA 180)    
1 28474U 04045A   23243.71969321 -.00000095  00000+0  00000+0 0  9993
2 28474  55.4425   5.8371 0162175 282.4524  79.3984  2.00579669137965
ANIK F1R                
1 28868U 05036A   23244.49513670 -.00000090  00000+0  00000+0 0  9994
2 28868   1.6801  89.0881 0002576  44.5851 277.6548  1.00271522 65933
NAVSTAR 57 (USA 183)    
1 28874U 05038A   23244.27274681 -.00000054  00000+0  00000+0 0  9995
2 28874  55.7441 314.0436 0139476 279.4672  87.8515  2.00575563131388
INMARSAT 4-F2           
1 28899U 05044A   23244.48804326 -.00000004  00000+0  00000+0 0  9992
2 28899   3.8571  40.6833 0002920 131.5763  47.7198  1.00270895 65295
NAVSTAR 58 (USA 190)    
1 29486U 06042A   23244.58811187  .00000017  00000+0  00000+0 0  9991
2 29486  54.6854 191.7644 0103048  31.9583 104.7702  2.00569877123944
NAVSTAR 59 (USA 192)    
1 29601U 06052A   23243.32109920  .00000031  00000+0  00000+0 0  9993
2 29601  55.2687 254.5290 0084188  79.3811 281.5972  2.00577334122930
NAVSTAR 60 (USA 196)    
1 32260U 07047A   23244.13430823  .00000013  00000+0  00000+0 0  9992
2 32260  53.4632 122.2738 0151241  70.5418 291.1745  2.00551506116351
COSMOS 2433             
1 32275U 07052A   23243.74765695 -.00000073  00000+0  00000+0 0  9995
2 32275  66.0231 350.0546 0003591 216.5399 143.4592  2.13104025123311
COSMOS 2432             
1 32276U 07052B   23244.30068694 -.00000075  00000+0  00000+0 0  9996
2 32276  66.0372 350.1449 0008110 321.2866  50.0515  2.13103144123359
NAVSTAR 61 (USA 199)    
1 32384U 07062A   23244.59697876 -.00000057  00000+0  00000+0 0  9998
2 32384  55.8757 314.8513 0024901 150.1039 314.2058  2.00558525115067
COSMOS 2434             
1 32393U 07065A   23244.43109387  .00000040  00000+0  00000+0 0  9990
2 32393  64.3374 226.4041 0000140  98.9860 316.4860  2.13103033122046
COSMOS 2436             
1 32395U 07065C   23244.40725785  .00000040  00000+0  00000+0 0  9995
2 32395  64.3461 226.4667 0015686 352.3414 180.3659  2.13102749121992
NAVSTAR 62 (USA 201)    
1 32711U 08012A   23244.04841497  .00000013  00000+0  00000+0 0  9999
2 32711  54.4527 190.6177 0177512 235.8258 122.4514  2.00557089113291
NAVSTAR 64 (USA 206)    
1 35752U 09043A   23244.49373928 -.00000025  00000+0  00000+0 0  9994
2 35752  55.4309  67.8306 0058406  68.8964 269.3428  2.00558001102901
COSMOS 2456             
1 36111U 09070A   23244.28466925  .00000032  00000+0  00000+0 0  9998
2 36111  64.4888 105.9112 0002279 332.5480 129.8194  2.13099163106696
COSMOS 2457             
1 36112U 09070B   23244.21835559  .00000033  00000+0  00000+0 0  9996
2 36112  64.4725 105.7788 0005547 148.1571  34.0986  2.13101332106695
COSMOS 2460             
1 36402U 10007C   23242.52173112 -.00000071  00000+0  00000+0 0  9995
2 36402  65.8860 348.8117 0001512 163.2701 145.7365  2.13106192104956
NAVSTAR 65 (USA 213)    
1 36585U 10022A   23244.32306619  .00000024  00000+0  00000+0 0  9991
2 36585  54.5673 249.7083 0109112  59.6696 271.7871  2.00561743 97138
BEIDOU-2 IGSO-1         
1 36828U 10036A   23244.33341689 -.00000153  00000+0  00000+0 0  9997
2 36828  54.2368 172.1993 0036879 189.2039 206.1698  1.00253894 47986
QZS-1 (MICHIBIKI-1)     
1 37158U 10045A   23235.98548465 -.00000031  00000+0  00000+0 0  9991
2 37158  42.8909 127.5505 0036254  12.7354 203.3381  0.88330244 47378
BEIDOU-2 G4             
1 37210U 10057A   23244.58452068 -.00000128  00000+0  00000+0 0  9999
2 37210   1.1696  60.7345 0005924 150.0395 140.0585  1.00270922 47069
BEIDOU-2 IGSO-2         
1 37256U 10068A   23244.53165319 -.00000181  00000+0  00000+0 0  9995
2 37256  49.4128 284.3386 0032580 212.1809 143.1950  1.00284635 46561
BEIDOU-2 IGSO-3         
1 37384U 11013A   23244.29257896 -.00000168  00000+0  00000+0 0  9998
2 37384  60.9352  49.9230 0027985 173.8560 329.7143  1.00282158 45432
GSAT-8                  
1 37605U 11022A   23244.48621578  .00000069  00000+0  00000+0 0  9996
2 37605   0.0154 160.6783 0004789  88.2271 321.5872  1.00271161 42991
NAVSTAR 66 (USA 232)    
1 37753U 11036A   23244.26224920 -.00000092  00000+0  00000+0 0  9998
2 37753  56.7435  11.5864 0127130  56.3090 317.1960  2.00568388 88822
BEIDOU-2 IGSO-4         
1 37763U 11038A   23244.23200378 -.00000099  00000+0  00000+0 0  9996
2 37763  54.5107 174.7415 0112188 228.1448 116.3272  1.00274364 44411
GSAT0101 (GALILEO-PFM)  
1 37846U 11060A   23243.77722946 -.00000095  00000+0  00000+0 0  9997
2 37846  57.1094   9.3956 0001847  75.6389 284.3779  1.70475770 73723
GSAT0102 (GALILEO-FM2)  
1 37847U 11060B   23244.29774734 -.00000097  00000+0  00000+0 0  9990
2 37847  57.1102   9.3814 0001212 353.3494  12.4005  1.70475175 73749
COSMOS 2476             
1 37867U 11064A   23244.48087970  .00000031  00000+0  00000+0 0  9993
2 37867  64.7687 107.4306 0021265 232.8145 289.3644  2.13101691 92037
COSMOS 2477             
1 37868U 11064B   23244.34774788  .00000032  00000+0  00000+0 0  9990
2 37868  64.7758 107.5045 0018488 233.2826   4.6487  2.13101591 92023
COSMOS 2475             
1 37869U 11064C   23244.08660553  .00000035  00000+0  00000+0 0  9999
2 37869  64.7830 107.5257 0022693 251.3640 104.7021  2.13101971 92026
BEIDOU-2 IGSO-5         
1 37948U 11073A   23244.58111609 -.00000135  00000+0  00000+0 0  9997
2 37948  49.5379 284.0059 0095221 220.3289 141.3806  1.00273014 42910
LUCH-5A                 
1 37951U 11074B   23244.57896638 -.00000061  00000+0  00000+0 0  9991
2 37951   6.1354  89.7447 0004932  58.7648 207.4413  1.00273721 42821
BEIDOU-2 G5             
1 38091U 12008A   23244.48699899  .00000042  00000+0  00000+0 0  9993
2 38091   1.7024  68.3801 0002858 168.2083 337.7670  1.00271330 42257
BEIDOU-2 M3             
1 38250U 12018A   23243.97664470 -.00000091  00000+0  00000+0 0  9996
2 38250  56.5131 338.9869 0023273 255.3245 104.4571  1.86231006 76945
BEIDOU-2 M4             
1 38251U 12018B   23243.90809664 -.00000090  00000+0  00000+0 0  9995
2 38251  56.4238 338.2824 0014140 254.8428 105.0411  1.86231709 76947
SES-5                   
1 38652U 12036A   23244.33294350  .00000017  00000+0  00000+0 0  9996
2 38652   0.0214 274.7187 0002004 249.1282 301.2188  1.00269535 34262
BEIDOU-2 M6             
1 38775U 12050B   23244.15503260  .00000011  00000+0  00000+0 0  9995
2 38775  55.6879  96.8737 0011787 339.4721  20.5748  1.86231181 74317
GSAT-10                 
1 38779U 12051B   23244.52050623 -.00000181  00000+0  00000+0 0  9990
2 38779   0.0673 273.9723 0001489 332.6728   4.1743  1.00271157 39890
NAVSTAR 67 (USA 239)    
1 38833U 12053A   23244.22584497  .00000012  00000+0  00000+0 0  9993
2 38833  53.5134 185.3199 0141762  51.8700 309.3735  2.00567066 78980
GSAT0103 (GALILEO-FM3)  
1 38857U 12055A   23243.81643797  .00000004  00000+0  00000+0 0  9995
2 38857  55.2806 129.5899 0002602 264.9410  95.1152  1.70473539 67610
GSAT0104 (GALILEO-FM4)  
1 38858U 12055B   23242.02612039  .00000002  00000+0  00000+0 0  9991
2 38858  55.2802 129.6409 0000396 247.4628 112.6099  1.70473858 67585
BEIDOU-2 G6             
1 38953U 12059A   23244.57512087 -.00000190  00000+0  00000+0 0  9994
2 38953   1.8180  81.9635 0007370 314.3658 235.2065  1.00268990 39681
LUCH-5B                 
1 38977U 12061A   23244.58828877 -.00000149  00000+0  00000+0 0  9995
2 38977   8.2488  59.1480 0006004 106.6988  10.1302  1.00270727 39398
COSMOS 2485             
1 39155U 13019A   23244.21149728  .00000034  00000+0  00000+0 0  9991
2 39155  64.9288 107.9627 0021766 228.7530 131.1554  2.13101901 80548
NAVSTAR 68 (USA 242)    
1 39166U 13023A   23244.58661120 -.00000051  00000+0  00000+0 0  9993
2 39166  55.3590 310.2278 0114189  41.7286 319.2078  2.00564169 75431
IRNSS-1A                
1 39199U 13034A   23244.12790530  .00000078  00000+0  00000+0 0  9997
2 39199  33.4157  78.7385 0020089 176.3547 186.1081  1.00278599 37147
NAVSTAR 69 (USA 248)    
1 39533U 14008A   23244.08635287  .00000012  00000+0  00000+0 0  9991
2 39533  53.6007 190.8828 0067248 215.7739 143.7447  2.00551438 69220
ASTRA 5B                
1 39617U 14011B   23244.26493454  .00000121  00000+0  00000+0 0  9997
2 39617   0.0652 309.0034 0002915 235.4349 274.5660  1.00271844 34449
COSMOS 2492             
1 39620U 14012A   23244.16692606 -.00000074  00000+0  00000+0 0  9999
2 39620  65.7690 348.3757 0011241 317.3306  42.6092  2.13103029 73503
IRNSS-1B                
1 39635U 14017A   23244.12790530  .00000101  00000+0  00000+0 0  9991
2 39635  28.7114 257.7188 0019929 191.9163 351.4730  1.00273596 34563
LUCH-5V                 
1 39727U 14023A   23244.58120845 -.00000284  00000+0  00000+0 0  9999
2 39727   2.5664  77.2967 0003322 125.7583  81.4032  1.00271511 34139
NAVSTAR 70 (USA 251)    
1 39741U 14026A   23243.86939378 -.00000092  00000+0  00000+0 0  9994
2 39741  56.6962  11.1240 0028917 311.1113  48.6416  2.00557266 68070
COSMOS 2500             
1 40001U 14032A   23241.53472745 -.00000070  00000+0  00000+0 0  9990
2 40001  65.7081 348.2918 0007866 195.9661 164.0306  2.13105767 71665
NAVSTAR 71 (USA 256)    
1 40105U 14045A   23243.95369671  .00000017  00000+0  00000+0 0  9990
2 40105  54.8114 129.2076 0024713 113.1413 247.1990  2.00577407 65615
GSAT0201 (GALILEO 5)    
1 40128U 14050A   23243.57001872 -.00000066  00000+0  00000+0 0  9990
2 40128  49.9385 314.7182 1609064 140.2343 232.7600  1.85519037 59388
GSAT0202 (GALILEO 6)    
1 40129U 14050B   23243.82941700 -.00000067  00000+0  00000+0 0  9993
2 40129  49.9575 313.7792 1606940 141.0551 231.7123  1.85519760 61550
IRNSS-1C                
1 40269U 14061A   23244.57675080 -.00000177  00000+0  00000+0 0  9990
2 40269   3.9563 112.7973 0020112  17.1491 141.1855  1.00271186 32464
NAVSTAR 72 (USA 258)    
1 40294U 14068A   23243.83224907 -.00000013  00000+0  00000+0 0  9990
2 40294  56.1738  70.5973 0049067  61.7756 298.7782  2.00571480 64741
COSMOS 2501             
1 40315U 14075A   23244.13085404  .00000039  00000+0  00000+0 0  9990
2 40315  63.6407 225.7712 0020055 211.5155 148.3487  2.13101284 68112
NAVSTAR 73 (USA 260)    
1 40534U 15013A   23244.46653656  .00000022  00000+0  00000+0 0  9994
2 40534  53.4660 246.4088 0080223  25.2390 335.1566  2.00554797 61375
GSAT0203 (GALILEO 7)    
1 40544U 15017A   23242.38353795 -.00000090  00000+0  00000+0 0  9995
2 40544  56.9045   9.4069 0002962 223.0046 136.9689  1.70476016 51787
GSAT0204 (GALILEO 8)    
1 40545U 15017B   23244.39690733 -.00000097  00000+0  00000+0 0  9992
2 40545  56.9108   9.3664 0003353 205.8673 154.1131  1.70475539 14868
IRNSS-1D                
1 40547U 15018A   23242.88162167 -.00000280  00000+0  00000+0 0  9996
2 40547  28.0830 257.7102 0020177 191.9638 318.2901  1.00269518 31001
BEIDOU-3S IGSO-1S       
1 40549U 15019A   23243.67860694 -.00000154  00000+0  00000+0 0  9997
2 40549  51.1057 307.6155 0040947 195.9203 174.3710  1.00256472 30848
NAVSTAR 74 (USA 262)    
1 40730U 15033A   23243.63102788 -.00000042  00000+0  00000+0 0  9990
2 40730  54.8483 308.8820 0085098  13.9738 346.3346  2.00555305 59523
BEIDOU-3S M2S           
1 40748U 15037A   23243.57392953 -.00000088  00000+0  00000+0 0  9991
2 40748  55.6646 336.8952 0011080 240.4076 119.5236  1.86232972 55115
BEIDOU-3S M1S           
1 40749U 15037B   23243.30707386 -.00000087  00000+0  00000+0 0  9992
2 40749  55.6678 336.8906 0002976 303.4531  56.5595  1.86232746 55117
GSAT0205 (GALILEO 9)    
1 40889U 15045A   23244.16484061  .00000034  00000+0  00000+0 0  9994
2 40889  55.3655 249.7837 0003380 357.9516   2.0575  1.70473351 49621
GSAT0206 (GALILEO 10)   
1 40890U 15045B   23243.21236967  .00000041  00000+0  00000+0 0  9999
2 40890  55.3650 249.8057 0002365 323.5146  36.4875  1.70473341 49637
BEIDOU-3S IGSO-2S       
1 40938U 15053A   23244.52538078 -.00000111  00000+0  00000+0 0  9993
2 40938  50.8131 270.7764 0048044 194.3460 160.3669  1.00283657 29121
NAVSTAR 75 (USA 265)    
1 41019U 15062A   23241.68949060  .00000003  00000+0  00000+0 0  9994
2 41019  56.1560  70.5313 0088854 221.0171 138.3780  2.00562208 57328
GSAT-15                 
1 41028U 15065A   23244.42225414 -.00000274  00000+0  00000+0 0  9993
2 41028   0.0692 275.3974 0002019 216.8731  93.5402  1.00270273 28578
GSAT0209 (GALILEO 12)   
1 41174U 15079A   23243.97070578  .00000004  00000+0  00000+0 0  9998
2 41174  55.2983 129.2925 0003161 329.5543  30.5143  1.70473844 47389
GSAT0208 (GALILEO 11)   
1 41175U 15079B   23243.01714922  .00000004  00000+0  00000+0 0  9992
2 41175  55.2960 129.3169 0002555 336.6745  23.3971  1.70473830 47783
IRNSS-1E                
1 41241U 16003A   23244.57424400 -.00000300  00000+0  00000+0 0  9995
2 41241  30.9695  77.8370 0020196 175.5301  45.6544  1.00277477 27853
NAVSTAR 76 (USA 266)    
1 41328U 16007A   23244.27465223  .00000016  00000+0  00000+0 0  9993
2 41328  55.0158 129.9722 0071347 233.9082 125.5081  2.00575645 55382
COSMOS 2514             
1 41330U 16008A   23244.58144195 -.00000075  00000+0  00000+0 0  9999
2 41330  65.5044 347.7715 0011628 206.4466 153.5231  2.13102432 58895
IRNSS-1F                
1 41384U 16015A   23244.48169060  .00000144  00000+0  00000+0 0  9999
2 41384   2.9275 129.9664 0018383 177.1581 238.8976  1.00267731 27433
BEIDOU-2 IGSO-6         
1 41434U 16021A   23244.42268927 -.00000148  00000+0  00000+0 0  9993
2 41434  58.7493  48.2938 0047083 217.6636 322.8715  1.00283195 27254
IRNSS-1G                
1 41469U 16027A   23244.59758626 -.00000351  00000+0  00000+0 0  9991
2 41469   2.8184 131.6464 0003701 359.7828 193.6540  1.00265044 26959
GSAT0211 (GALILEO 14)   
1 41549U 16030A   23243.72462576  .00000037  00000+0  00000+0 0  9994
2 41549  55.5122 249.7713 0003992 308.3249  51.6532  1.70473458 45279
GSAT0210 (GALILEO 13)   
1 41550U 16030B   23242.84300080  .00000044  00000+0  00000+0 0  9997
2 41550  55.5117 249.7968 0004210 274.0059  85.9675  1.70473504 45257
COSMOS 2516             
1 41554U 16032A   23243.75771506  .00000039  00000+0  00000+0 0  9993
2 41554  63.8672 226.1841 0015496 214.6819 145.2033  2.13106349 56483
BEIDOU-2 G7             
1 41586U 16037A   23244.58831419 -.00000369  00000+0  00000+0 0  9992
2 41586   1.8636  68.4097 0007235 347.0418 247.3931  1.00271978 26561
EUTELSAT 117 WEST B     
1 41589U 16038B   23244.48908203 -.00000028  00000+0  00000+0 0  9993
2 41589   0.0151 285.9142 0000008  44.2689  69.2869  1.00273244 26436
GSAT0207 (GALILEO 15)   
1 41859U 16069A   23243.67796581  .00000004  00000+0  00000+0 0  9994
2 41859  54.9607 129.3735 0003146 308.0773  51.9800  1.70473748 42002
GSAT0212 (GALILEO 16)   
1 41860U 16069B   23244.11921754  .00000004  00000+0  00000+0 0  9998
2 41860  54.9586 129.3580 0002372 354.5787   5.5056  1.70474041 42262
GSAT0213 (GALILEO 17)   
1 41861U 16069C   23243.89866945  .00000004  00000+0  00000+0 0  9993
2 41861  54.9609 129.3701 0002925 279.9178  80.1355  1.70472726 42126
GSAT0214 (GALILEO 18)   
1 41862U 16069D   23244.04591160  .00000004  00000+0  00000+0 0  9996
2 41862  54.9595 129.3600 0001940 287.5373  72.5282  1.70472529 42256
SES-15                  
1 42709U 17026A   23244.48227802  .00000045  00000+0  00000+0 0  9993
2 42709   0.0239  42.2099 0000320 157.8896 184.7434  1.00265233 23911
QZS-2 (MICHIBIKI-2)     
1 42738U 17028A   23244.35396632 -.00000150  00000+0  00000+0 0  9999
2 42738  41.0490 257.9083 0752430 270.0463  80.9817  1.00265797 22915
QZS-3 (MICHIBIKI-3)     
1 42917U 17048A   23244.59577219 -.00000364  00000+0  00000+0 0  9995
2 42917   0.0669 213.2055 0002152 326.0669 142.7454  1.00273096 22038
COSMOS 2522             
1 42939U 17055A   23244.42321796  .00000040  00000+0  00000+0 0  9996
2 42939  64.1013 226.6855 0009910 243.3504 116.5330  2.13101920 46242
QZS-4 (MICHIBIKI-4)     
1 42965U 17062A   23243.65348329 -.00000332  00000+0  00000+0 0  9993
2 42965  40.6375 356.4931 0747537 269.2017  88.4903  1.00281180 21583
BEIDOU-3 M1             
1 43001U 17069A   23243.92137955  .00000014  00000+0  00000+0 0  9999
2 43001  55.8393  96.9400 0007932 301.9190  58.0990  1.86231414 39604
BEIDOU-3 M2             
1 43002U 17069B   23243.85810034  .00000014  00000+0  00000+0 0  9998
2 43002  55.8385  96.9782 0006421 333.9440  26.1191  1.86231084 39594
GSAT0215 (GALILEO 19)   
1 43055U 17079A   23243.94801657  .00000036  00000+0  00000+0 0  9992
2 43055  55.4885 249.5912 0003740 268.3579  91.6110  1.70474076 35596
GSAT0216 (GALILEO 20)   
1 43056U 17079B   23241.30705576  .00000059  00000+0  00000+0 0  9999
2 43056  55.4897 249.6640 0005319 274.1200  85.8537  1.70474269 35568
GSAT0217 (GALILEO 21)   
1 43057U 17079C   23243.28713315  .00000040  00000+0  00000+0 0  9999
2 43057  55.4874 249.6083 0004633 284.3532  75.6126  1.70474204 35586
GSAT0218 (GALILEO 22)   
1 43058U 17079D   23243.50718292  .00000039  00000+0  00000+0 0  9992
2 43058  55.4871 249.5998 0005765 271.2743  88.6749  1.70474158 35611
BEIDOU-3 M7             
1 43107U 18003A   23243.60890808 -.00000090  00000+0  00000+0 0  9998
2 43107  55.1205 337.6124 0003630  78.7778 281.3031  1.86232338 38349
BEIDOU-3 M8             
1 43108U 18003B   23244.08393493 -.00000092  00000+0  00000+0 0  9992
2 43108  55.1133 337.5830 0003911 242.2075 117.7939  1.86230790 38364
BEIDOU-3 M4             
1 43207U 18018A   23243.98939135  .00000013  00000+0  00000+0 0  9997
2 43207  55.7981  97.0367 0004950  12.1765 347.9306  1.86231359 37746
BEIDOU-3 M3             
1 43208U 18018B   23244.05604221  .00000012  00000+0  00000+0 0  9991
2 43208  55.7976  97.0389 0005937 319.1944  40.8559  1.86231252 37741
BEIDOU-3 M9             
1 43245U 18029A   23242.66800857 -.00000083  00000+0  00000+0 0  9991
2 43245  55.0157 335.3788 0001328 209.2002 150.8344  1.86232270 36879
BEIDOU-3 M10            
1 43246U 18029B   23244.20889891 -.00000091  00000+0  00000+0 0  9998
2 43246  55.0120 335.3544 0002693 358.7697   1.2741  1.86232807 36883
IRNSS-1I                
1 43286U 18035A   23243.14285810  .00000083  00000+0  00000+0 0  9992
2 43286  29.2406  90.2590 0019459 176.6889 178.6358  1.00270027 19834
COSMOS 2527             
1 43508U 18053A   23242.97419401  .00000042  00000+0  00000+0 0  9999
2 43508  65.0898 108.0963 0007365 220.5574 139.4859  2.13102362 40510
BEIDOU-2 IGSO-7         
1 43539U 18057A   23244.55613620 -.00000160  00000+0  00000+0 0  9994
2 43539  55.1211 171.8835 0064613 231.2560 250.7324  1.00284179 18928
GSAT0221 (GALILEO 25)   
1 43564U 18060A   23243.99348373 -.00000095  00000+0  00000+0 0  9990
2 43564  57.2852   9.2904 0002596 252.2919 107.6763  1.70475916 31777
GSAT0222 (GALILEO 26)   
1 43565U 18060B   23241.86522608 -.00000088  00000+0  00000+0 0  9992
2 43565  57.2885   9.3489 0003201 207.5747 152.4052  1.70475658 31782
GSAT0219 (GALILEO 23)   
1 43566U 18060C   23243.84731635 -.00000095  00000+0  00000+0 0  9993
2 43566  57.2878   9.2975 0001616 255.8581 104.1202  1.70475917 31794
GSAT0220 (GALILEO 24)   
1 43567U 18060D   23243.48114682 -.00000094  00000+0  00000+0 0  9990
2 43567  57.2876   9.3075 0002009 248.2418 111.7329  1.70475517 31775
BEIDOU-3 M5             
1 43581U 18062A   23244.42915080  .00000025  00000+0  00000+0 0  9997
2 43581  54.1789 217.0112 0005334 279.1244  80.7755  1.86231734 34649
BEIDOU-3 M6             
1 43582U 18062B   23244.29503425  .00000024  00000+0  00000+0 0  9998
2 43582  54.1785 217.0054 0004924 353.9027   6.0514  1.86229548 34649
BEIDOU-3 M12            
1 43602U 18067A   23244.23136023  .00000024  00000+0  00000+0 0  9996
2 43602  54.2660 215.6627 0006935  11.5693 348.4058  1.86231464 34124
BEIDOU-3 M11            
1 43603U 18067B   23242.21740038  .00000027  00000+0  00000+0 0  9993
2 43603  54.2634 215.6970 0004058 354.8722   5.0892  1.86231408 34116
BEIDOU-3 M13            
1 43622U 18072A   23242.17628281  .00000023  00000+0  00000+0 0  9996
2 43622  55.7662  96.6379 0004689 300.1659  59.8857  1.86231552 33620
BEIDOU-3 M14            
1 43623U 18072B   23244.18953435  .00000010  00000+0  00000+0 0  9998
2 43623  55.7695  96.5631 0003252 346.1747  13.9102  1.86231664 33651
BEIDOU-3 M16            
1 43647U 18078A   23243.27790911 -.00000086  00000+0  00000+0 0  9991
2 43647  54.9115 335.4807 0005957  10.7449 349.3107  1.86227132 33142
BEIDOU-3 M15            
1 43648U 18078B   23243.94558378 -.00000089  00000+0  00000+0 0  9998
2 43648  54.9065 335.4616 0002919  26.3021 333.7566  1.86232163 33178
BEIDOU-3 G1             
1 43683U 18085A   23244.57480480 -.00000295  00000+0  00000+0 0  9992
2 43683   1.5078 124.5740 0002885 354.1478 208.7043  1.00267908 17831
COSMOS 2529             
1 43687U 18086A   23244.48120370  .00000040  00000+0  00000+0 0  9993
2 43687  64.3165 227.1182 0011561 262.0901  97.7641  2.13102010 37556
BEIDOU-3 M17            
1 43706U 18093A   23244.09361202  .00000024  00000+0  00000+0 0  9993
2 43706  54.2613 216.9398 0010417 279.5056  80.3369  1.86231823 32545
BEIDOU-3 M18            
1 43707U 18093B   23243.95953276  .00000024  00000+0  00000+0 0  9996
2 43707  54.2621 216.9359 0008567 303.9498  55.9292  1.86229635 32537
NAVSTAR 77 (USA 289)    
1 43873U 18109A   23244.14949390  .00000016  00000+0  00000+0 0  9993
2 43873  55.1918 132.4915 0025611 191.3512 333.7643  2.00568537 34617
BEIDOU-3 IGSO-1         
1 44204U 19023A   23244.35580802 -.00000204  00000+0  00000+0 0  9990
2 44204  57.2155  48.2729 0023495 193.7247 346.0028  1.00282985 16116
BEIDOU-2 G8             
1 44231U 19027A   23244.54472193 -.00000262  00000+0  00000+0 0  9992
2 44231   1.9482  81.1522 0006272 127.0845 112.8544  1.00271952 15854
COSMOS 2534             
1 44299U 19030A   23244.27854542  .00000040  00000+0  00000+0 0  9995
2 44299  64.3891 227.0511 0013641 280.8948  57.7727  2.13101843 33186
BEIDOU-3 IGSO-2         
1 44337U 19035A   23244.55896375 -.00000162  00000+0  00000+0 0  9990
2 44337  55.1536 167.8170 0033183 197.2630 296.3502  1.00275176 15444
NAVSTAR 78 (USA 293)    
1 44506U 19056A   23244.47423503 -.00000094  00000+0  00000+0 0  9995
2 44506  55.8210  11.5538 0036805 184.8287 114.4511  2.00565246 29610
BEIDOU-3 M24            
1 44542U 19061A   23243.49432816  .00000024  00000+0  00000+0 0  9991
2 44542  54.4888 217.1894 0008367 337.8647  22.0607  1.86231380 26784
BEIDOU-3 M23            
1 44543U 19061B   23244.42111767  .00000026  00000+0  00000+0 0  9997
2 44543  54.4870 217.1270 0005883 321.1124 212.0715  1.86231627 26808
BEIDOU-3 IGSO-3         
1 44709U 19073A   23244.53232981 -.00000162  00000+0  00000+0 0  9990
2 44709  56.5383 291.7818 0035234 189.6111 170.4302  1.00283070 14234
BEIDOU-3 M22            
1 44793U 19078A   23243.33969844 -.00000087  00000+0  00000+0 0  9996
2 44793  54.7597 335.4463 0004865  20.2264 339.8358  1.86232105 25636
BEIDOU-3 M21            
1 44794U 19078B   23241.32247510 -.00000080  00000+0  00000+0 0  9996
2 44794  54.7349 335.4982 0002813  13.9286 346.1178  1.86232532 25604
COSMOS 2544             
1 44850U 19088A   23243.85643740  .00000037  00000+0  00000+0 0  9996
2 44850  65.0760 107.9096 0011462 252.8804 107.0912  2.13102117 28976
BEIDOU-3 M19            
1 44864U 19090A   23244.53165359  .00000007  00000+0  00000+0 0  9992
2 44864  55.7023  96.7457 0015548 276.0186 269.4419  1.86231660 25242
BEIDOU-3 M20            
1 44865U 19090B   23244.32502568  .00000009  00000+0  00000+0 0  9999
2 44865  55.7039  96.7854 0013473 291.1658 205.5461  1.86231604 25222
BEIDOU-3 G2             
1 45344U 20017A   23244.57241487 -.00000155  00000+0  00000+0 0  9993
2 45344   2.0460  16.0417 0003430 152.1057  98.3986  1.00269642 13034
COSMOS 2545             
1 45358U 20018A   23244.05318060 -.00000075  00000+0  00000+0 0  9995
2 45358  64.8448 348.0372 0009762 236.7061 123.2280  2.13102469 26922
BEIDOU-3 G3             
1 45807U 20040A   23244.58842177 -.00000370  00000+0  00000+0 0  9996
2 45807   0.6180 343.0951 0005570 335.5294 344.1724  1.00276774 11847
NAVSTAR 79 (USA 304)    
1 45854U 20041A   23244.32717615 -.00000021  00000+0  00000+0 0  9992
2 45854  55.8799  68.8418 0035966 186.0235 310.4715  2.00563475 23581
GALAXY 30 (G-30)        
1 46114U 20056C   23244.48456197  .00000021  00000+0  00000+0 0  9999
2 46114   0.0214 145.7989 0002380  24.8261 219.1905  1.00269533 11068
COSMOS 2547             
1 46805U 20075A   23244.24218677  .00000040  00000+0  00000+0 0  9991
2 46805  64.6165 226.6075 0008626 244.0396 115.8571  2.13102874 22179
NAVSTAR 80 (USA 309)    
1 46826U 20078A   23244.42051196  .00000021  00000+0  00000+0 0  9997
2 46826  54.3137 252.1824 0035856 194.6832 344.6742  2.00562619 21054
NAVSTAR 81 (USA 319)    
1 48859U 21054A   23244.42191140 -.00000094  00000+0  00000+0 0  9995
2 48859  55.3383  13.3432 0012050 210.5259 152.0635  2.00573524 16301
QZS-1R                  
1 49336U 21096A   23223.74525463 -.00000331  00000+0  00000+0 0  9997
2 49336  35.3005  95.2790 0740332 268.7858 355.3268  1.00301615  6575
GSAT0223 (GALILEO 27)   
1 49809U 21116A   23243.33452170 -.00000093  00000+0  00000+0 0  9991
2 49809  57.2788   9.2074 0003294 172.8886 187.3746  1.70475698 10788
GSAT0224 (GALILEO 28)   
1 49810U 21116B   23244.32479767 -.00000096  00000+0  00000+0 0  9997
2 49810  57.2796   9.1788 0002828 163.7191 196.7802  1.70475746 10826
COSMOS 2557             
1 52984U 22075A   23243.93545542 -.00000076  00000+0  00000+0 0  9997
2 52984  64.7613 350.2007 0011694 275.8142  84.0766  2.13102197  8975
COSMOS 2559             
1 54031U 22130A   23241.53109804 -.00000072  00000+0  00000+0 0  9991
2 54031  64.7333 350.4122 0006939 215.5499 144.4229  2.13101421  6894
COSMOS 2564             
1 54377U 22161A   23244.07058262  .00000041  00000+0  00000+0 0  9996
2 54377  64.7572 226.6657 0011016 226.6287 133.2658  2.13102102  5897
NAVSTAR 82 (USA 343)    
1 55268U 23009A   23244.11580917  .00000014  00000+0  00000+0 0  9990
2 55268  55.0909 188.5402 0004343  91.8025  91.3560  2.00555748  4782
BEIDOU-3 G4             
1 56564U 23066A   23244.58452068 -.00000130  00000+0  00000+0 0  9999
2 56564   2.8519 288.8099 0007141 210.4471 211.6078  1.00272544  1178
IRNSS-1J (NVS-01)       
1 56759U 23076A   23244.59597200 -.00000356  00000+0  00000+0 0  9995
2 56759   4.7471 272.1137 0005609 333.1682  79.2081  1.00274891   892
