NAVSTAR 43 (USA 132)    
1 24876U 97035A   23256.07238366  .00000010  00000+0  00000+0 0  9993
2 24876  55.5889 138.0034 0072956  52.5261 308.2176  2.00564220191737
NAVSTAR 47 (USA 150)    
1 26360U 00025A   23256.45431378 -.00000028  00000+0  00000+0 0  9996
2 26360  54.4408  60.2289 0041556 199.6918 166.0412  2.00570266171068
NAVSTAR 51 (USA 166)    
1 27663U 03005A   23256.70476856  .00000019  00000+0  00000+0 0  9991
2 27663  55.2416 255.0372 0132134  44.7118 121.4405  2.00565552151107
NAVSTAR 52 (USA 168)    
1 27704U 03010A   23256.69401237 -.00000103  00000+0  00000+0 0  9997
2 27704  55.1155   4.9937 0248936 318.9505  58.0172  2.00575507149906
NAVSTAR 54 (USA 177)    
1 28190U 04009A   23256.99457140 -.00000046  00000+0  00000+0 0  9999
2 28190  55.6828 316.0856 0092805 139.1433  32.6845  2.00567161142770
NAVSTAR 56 (USA 180)    
1 28474U 04045A   23257.19006823 -.00000100  00000+0  00000+0 0  9996
2 28474  55.4430   5.2983 0162187 282.5545  85.7779  2.00555142138224
ANIK F1R                
1 28868U 05036A   23257.42965954 -.00000077  00000+0  00000+0 0  9992
2 28868   1.7123  88.8976 0002292  49.1266 262.4918  1.00272480 66061
NAVSTAR 57 (USA 183)    
1 28874U 05038A   23257.30273510 -.00000041  00000+0  00000+0 0  9999
2 28874  55.7338 313.5256 0139774 279.6603 136.4867  2.00574939131639
INMARSAT 4-F2           
1 28899U 05044A   23256.59850339  .00000007  00000+0  00000+0 0  9994
2 28899   3.8639  40.7123 0002638 143.5445  87.4361  1.00271562 65418
NAVSTAR 58 (USA 190)    
1 29486U 06042A   23256.90002007 -.00000015  00000+0  00000+0 0  9992
2 29486  54.6838 191.2768 0103360  32.3950 354.4580  2.00569291124194
NAVSTAR 59 (USA 192)    
1 29601U 06052A   23256.28490044  .00000020  00000+0  00000+0 0  9990
2 29601  55.2630 254.0137 0083327  79.4159 281.5340  2.00550132123198
NAVSTAR 60 (USA 196)    
1 32260U 07047A   23256.10087384  .00000018  00000+0  00000+0 0  9997
2 32260  53.4684 121.7773 0151702  70.8482 290.8853  2.00551129116590
COSMOS 2433             
1 32275U 07052A   23257.35617524 -.00000075  00000+0  00000+0 0  9996
2 32275  66.0191 349.6027 0004041 222.6439 137.3658  2.13104269123649
COSMOS 2432             
1 32276U 07052B   23256.45447707 -.00000080  00000+0  00000+0 0  9997
2 32276  66.0337 349.7415 0008397 318.0076  17.2823  2.13103392123612
NAVSTAR 61 (USA 199)    
1 32384U 07062A   23256.42550663 -.00000044  00000+0  00000+0 0  9991
2 32384  55.8665 314.3829 0024815 150.8713 214.0032  2.00559368115302
COSMOS 2434             
1 32393U 07065A   23255.85674278  .00000016  00000+0  00000+0 0  9997
2 32393  64.3365 226.0158 0000400  72.8179 108.0768  2.13103134122284
COSMOS 2436             
1 32395U 07065C   23256.82196021  .00000017  00000+0  00000+0 0  9993
2 32395  64.3451 226.0448 0015838 353.4651 343.4231  2.13102820122267
NAVSTAR 62 (USA 201)    
1 32711U 08012A   23256.51325574 -.00000019  00000+0  00000+0 0  9994
2 32711  54.4514 190.1210 0177587 235.9156 122.3737  2.00557596113547
NAVSTAR 64 (USA 206)    
1 35752U 09043A   23256.88804189 -.00000012  00000+0  00000+0 0  9994
2 35752  55.4422  67.3357 0058259  69.2934 217.9892  2.00557534103136
COSMOS 2456             
1 36111U 09070A   23256.78947583  .00000054  00000+0  00000+0 0  9994
2 36111  64.4941 105.4815 0001909 337.3619 358.1445  2.13099300106955
COSMOS 2457             
1 36112U 09070B   23257.37619267  .00000055  00000+0  00000+0 0  9997
2 36112  64.4782 105.3265 0005963 146.7764  49.6979  2.13101463107010
COSMOS 2460             
1 36402U 10007C   23256.17432661 -.00000081  00000+0  00000+0 0  9999
2 36402  65.8816 348.3560 0001546 187.2633 155.6794  2.13106439105244
NAVSTAR 65 (USA 213)    
1 36585U 10022A   23256.58290264  .00000015  00000+0  00000+0 0  9990
2 36585  54.5623 249.2130 0109478  59.6601 123.9937  2.00562507 97389
BEIDOU-2 IGSO-1         
1 36828U 10036A   23257.33350836 -.00000144  00000+0  00000+0 0  9995
2 36828  54.2352 172.0823 0036525 188.4756 218.8662  1.00250851 48134
QZS-1 (MICHIBIKI-1)     
1 37158U 10045A   23255.32124635 -.00000011  00000+0  00000+0 0  9998
2 37158  43.0365 127.3707 0002723 115.2548  85.0742  0.87701630 47542
BEIDOU-2 G4             
1 37210U 10057A   23257.09049587 -.00000117  00000+0  00000+0 0  9995
2 37210   1.1964  61.2708 0006361 155.7219 328.3045  1.00271605 47183
BEIDOU-2 IGSO-2         
1 37256U 10068A   23257.08208153 -.00000163  00000+0  00000+0 0  9993
2 37256  49.3917 284.1863 0032388 212.7552 353.6722  1.00281302 46687
BEIDOU-2 IGSO-3         
1 37384U 11013A   23257.29745978 -.00000156  00000+0  00000+0 0  9992
2 37384  60.9549  49.7986 0028129 175.0915 343.4010  1.00279692 45575
GSAT-8                  
1 37605U 11022A   23256.59676295  .00000078  00000+0  00000+0 0  9997
2 37605   0.0190 100.2896 0005385 148.7007  13.2645  1.00273567 43118
NAVSTAR 66 (USA 232)    
1 37753U 11036A   23257.45361161 -.00000096  00000+0  00000+0 0  9996
2 37753  56.7451  11.0756 0127006  56.3575 122.1331  2.00568795 89071
BEIDOU-2 IGSO-4         
1 37763U 11038A   23257.26498642 -.00000112  00000+0  00000+0 0  9992
2 37763  54.5092 174.6257 0111910 228.0644 141.2298  1.00272373 44543
GSAT0101 (GALILEO-PFM)  
1 37846U 11060A   23256.68209444 -.00000097  00000+0  00000+0 0  9996
2 37846  57.1106   9.0469 0001307  75.3645 284.6558  1.70476098 73942
GSAT0102 (GALILEO-FM2)  
1 37847U 11060B   23255.42688369 -.00000101  00000+0  00000+0 0  9991
2 37847  57.1108   9.0807 0001208 330.9755  24.9505  1.70475513 74043
COSMOS 2476             
1 37867U 11064A   23256.28008667  .00000053  00000+0  00000+0 0  9994
2 37867  64.7734 107.0297 0021187 231.8319 342.2807  2.13101840 92283
COSMOS 2477             
1 37868U 11064B   23256.86076219  .00000055  00000+0  00000+0 0  9999
2 37868  64.7809 107.0795 0018398 232.0762 245.3916  2.13101736 92294
COSMOS 2475             
1 37869U 11064C   23256.54248251  .00000054  00000+0  00000+0 0  9991
2 37869  64.7880 107.1027 0022496 250.4493 301.3349  2.13102093 92292
BEIDOU-2 IGSO-5         
1 37948U 11073A   23256.53358456 -.00000113  00000+0  00000+0 0  9994
2 37948  49.5180 283.8613 0095118 220.5184 135.8898  1.00270968 43290
LUCH-5A                 
1 37951U 11074B   23256.58014784 -.00000050  00000+0  00000+0 0  9997
2 37951   6.1648  89.5334 0004451  73.1271 205.5691  1.00269538 43086
BEIDOU-2 G5             
1 38091U 12008A   23256.59754615  .00000051  00000+0  00000+0 0  9996
2 38091   1.7302  68.5569 0003536 175.0455  22.5812  1.00276163 42269
BEIDOU-2 M3             
1 38250U 12018A   23256.86360957 -.00000089  00000+0  00000+0 0  9998
2 38250  56.5057 338.5594 0023807 255.8060 103.9837  1.86231307 77524
BEIDOU-2 M4             
1 38251U 12018B   23257.33196464 -.00000086  00000+0  00000+0 0  9999
2 38251  56.4161 337.8362 0014654 255.5634 104.3306  1.86232019 77548
SES-5                   
1 38652U 12036A   23257.30341069  .00000029  00000+0  00000+0 0  9990
2 38652   0.0553 311.8012 0001770 221.7038 293.7267  1.00270740 40970
BEIDOU-2 M6             
1 38775U 12050B   23257.04188294  .00000031  00000+0  00000+0 0  9995
2 38775  55.6983  96.4415 0011404 340.2172  19.8286  1.86231368 74908
GSAT-10                 
1 38779U 12051B   23255.62644606 -.00000173  00000+0  00000+0 0  9994
2 38779   0.0432 265.8095 0002177 347.8930  46.1730  1.00270570 40008
NAVSTAR 67 (USA 239)    
1 38833U 12053A   23257.18861471 -.00000012  00000+0  00000+0 0  9993
2 38833  53.5122 184.7905 0142634  52.1290 309.1469  2.00567437 80136
GSAT0103 (GALILEO-FM3)  
1 38857U 12055A   23256.13473090  .00000014  00000+0  00000+0 0  9992
2 38857  55.2850 129.2508 0002588 263.4292  96.6420  1.70473839 67828
GSAT0104 (GALILEO-FM4)  
1 38858U 12055B   23256.10417530  .00000013  00000+0  00000+0 0  9996
2 38858  55.2853 129.2533 0000368 167.0932 193.0083  1.70474090 67821
BEIDOU-2 G6             
1 38953U 12059A   23257.39078133 -.00000178  00000+0  00000+0 0  9993
2 38953   1.8494  81.8924 0007489 311.8724 183.9818  1.00275901 39951
LUCH-5B                 
1 38977U 12061A   23257.26021674 -.00000134  00000+0  00000+0 0  9998
2 38977   8.2762  59.0357 0005683 113.3111 258.0385  1.00273155 40080
COSMOS 2485             
1 39155U 13019A   23256.88153073  .00000056  00000+0  00000+0 0  9999
2 39155  64.9338 107.5350 0021706 227.6976 132.2152  2.13102028 80816
NAVSTAR 68 (USA 242)    
1 39166U 13023A   23256.05393698 -.00000037  00000+0  00000+0 0  9994
2 39166  55.3498 309.7674 0114376  41.6791 319.2627  2.00564394 75664
IRNSS-1A                
1 39199U 13034A   23252.08242812  .00000073  00000+0  00000+0 0  9991
2 39199  33.4344  78.6203 0020346 176.5021 177.7262  1.00280977 37216
NAVSTAR 69 (USA 248)    
1 39533U 14008A   23256.05288971 -.00000025  00000+0  00000+0 0  9990
2 39533  53.5994 190.3957 0067179 215.7157 143.8168  2.00552250 69469
ASTRA 5B                
1 39617U 14011B   23256.59049733  .00000131  00000+0  00000+0 0  9994
2 39617   0.0784 305.8719 0003336 254.6134  27.8909  1.00272366 34560
COSMOS 2492             
1 39620U 14012A   23257.30623519 -.00000074  00000+0  00000+0 0  9996
2 39620  65.7649 347.9352 0011574 315.0129  44.9370  2.13103273 73785
IRNSS-1B                
1 39635U 14017A   23256.59667591  .00000107  00000+0  00000+0 0  9991
2 39635  28.6886 257.5089 0019564 190.6097 174.1103  1.00268340 34692
LUCH-5V                 
1 39727U 14023A   23257.39295690 -.00000269  00000+0  00000+0 0  9996
2 39727   2.5973  77.2361 0003756 137.5318  14.4648  1.00267958552413
NAVSTAR 70 (USA 251)    
1 39741U 14026A   23256.33441473 -.00000102  00000+0  00000+0 0  9996
2 39741  56.6975  10.6412 0029251 310.5376  49.2174  2.00556682 68322
COSMOS 2500             
1 40001U 14032A   23256.08162422 -.00000081  00000+0  00000+0 0  9996
2 40001  65.7033 347.8031 0008187 200.5086 159.4978  2.13106074 71973
NAVSTAR 71 (USA 256)    
1 40105U 14045A   23255.91874120  .00000015  00000+0  00000+0 0  9997
2 40105  54.8154 128.7290 0025180 113.3080 247.0480  2.00578378 65859
GSAT0201 (GALILEO 5)    
1 40128U 14050A   23255.96689985 -.00000060  00000+0  00000+0 0  9997
2 40128  49.9274 314.2219 1608598 140.7036 232.1684  1.85519422 61552
GSAT0202 (GALILEO 6)    
1 40129U 14050B   23256.22625514 -.00000058  00000+0  00000+0 0  9993
2 40129  49.9464 313.2832 1606531 141.5234 231.1211  1.85520104 61787
IRNSS-1C                
1 40269U 14061A   23256.60233237 -.00000165  00000+0  00000+0 0  9998
2 40269   3.9849 112.4224 0019835  18.8085 160.8992  1.00269236 32580
NAVSTAR 72 (USA 258)    
1 40294U 14068A   23257.29337843 -.00000005  00000+0  00000+0 0  9990
2 40294  56.1866  70.0698 0049140  62.1867 298.3543  2.00572558 64997
COSMOS 2501             
1 40315U 14075A   23257.27011198  .00000017  00000+0  00000+0 0  9994
2 40315  63.6398 225.3132 0019864 211.1141 148.7449  2.13101366 68393
NAVSTAR 73 (USA 260)    
1 40534U 15013A   23256.43288217  .00000011  00000+0  00000+0 0  9999
2 40534  53.4610 245.9127 0080788  25.3886 335.0007  2.00554239 61612
GSAT0203 (GALILEO 7)    
1 40544U 15017A   23255.87495278 -.00000100  00000+0  00000+0 0  9998
2 40544  56.9060   9.0405 0003403 227.6270 132.3486  1.70476439 52015
GSAT0204 (GALILEO 8)    
1 40545U 15017B   23256.12860749 -.00000099  00000+0  00000+0 0  9994
2 40545  56.9121   9.0479 0003686 211.3444 148.6385  1.70475940 15069
IRNSS-1D                
1 40547U 15018A   23254.96760240 -.00000276  00000+0  00000+0 0  9999
2 40547  28.0589 257.5061 0019738 190.1117   3.2253  1.00272744 30867
BEIDOU-3S IGSO-1S       
1 40549U 15019A   23256.60890674 -.00000130  00000+0  00000+0 0  9999
2 40549  51.0827 307.4629 0040885 196.1801 160.9961  1.00254853 30967
NAVSTAR 74 (USA 262)    
1 40730U 15033A   23255.09884573 -.00000037  00000+0  00000+0 0  9996
2 40730  54.8389 308.4160 0085443  13.9578 346.3514  2.00554990 59758
BEIDOU-3S M2S           
1 40748U 15037A   23256.46071411 -.00000089  00000+0  00000+0 0  9997
2 40748  55.6567 336.4589 0011599 242.0584 117.8792  1.86233308 55354
BEIDOU-3S M1S           
1 40749U 15037B   23257.26778141 -.00000086  00000+0  00000+0 0  9998
2 40749  55.6593 336.4178 0003511 298.0478  61.9744  1.86233058 55365
GSAT0205 (GALILEO 9)    
1 40889U 15045A   23255.30996791  .00000032  00000+0  00000+0 0  9998
2 40889  55.3604 249.4757 0003567 358.5001   1.5001  1.70473353 49817
GSAT0206 (GALILEO 10)   
1 40890U 15045B   23253.18432239  .00000037  00000+0  00000+0 0  9991
2 40890  55.3599 249.5298 0002408 325.4744  34.5195  1.70473385 49807
BEIDOU-3S IGSO-2S       
1 40938U 15053A   23256.40252345 -.00000095  00000+0  00000+0 0  9994
2 40938  50.7966 270.6381 0047902 194.5867 128.0933  1.00281600 29249
NAVSTAR 75 (USA 265)    
1 41019U 15062A   23257.14559400 -.00000006  00000+0  00000+0 0  9991
2 41019  56.1698  69.9259 0089522 221.0472 138.3192  2.00562348 57634
GSAT-15                 
1 41028U 15065A   23256.66401088 -.00000264  00000+0  00000+0 0  9994
2 41028   0.0431 268.3640 0001804 249.4593 167.1154  1.00270919 28692
GSAT0209 (GALILEO 12)   
1 41174U 15079A   23256.87558564  .00000020  00000+0  00000+0 0  9995
2 41174  55.3031 128.9375 0002785 335.7478  24.3444  1.70474055 48185
GSAT0208 (GALILEO 11)   
1 41175U 15079B   23257.09520791  .00000021  00000+0  00000+0 0  9993
2 41175  55.3016 128.9295 0002139 344.0891  16.0106  1.70474012 48181
IRNSS-1E                
1 41241U 16003A   23256.60152749 -.00000280  00000+0  00000+0 0  9993
2 41241  30.9976  77.6543 0020621 176.0359  67.0727  1.00272304 28099
NAVSTAR 76 (USA 266)    
1 41328U 16007A   23256.23984202  .00000018  00000+0  00000+0 0  9997
2 41328  55.0194 129.4965 0071471 233.7958 125.6323  2.00575332 55668
COSMOS 2514             
1 41330U 16008A   23256.31297887 -.00000079  00000+0  00000+0 0  9994
2 41330  65.5005 347.3744 0011938 208.5317 151.4437  2.13102803 59148
IRNSS-1F                
1 41384U 16015A   23257.29215909  .00000156  00000+0  00000+0 0  9999
2 41384   2.9529 129.3533 0018737 176.8494 184.1676  1.00273375 27561
BEIDOU-2 IGSO-6         
1 41434U 16021A   23257.39295690 -.00000136  00000+0  00000+0 0  9997
2 41434  58.7692  48.1636 0047651 218.2028 324.8350  1.00281537 27370
IRNSS-1G                
1 41469U 16027A   23256.70048513 -.00000339  00000+0  00000+0 0  9990
2 41469   2.8419 131.0271 0002540 357.5248 245.5640  1.00274657 27074
GSAT0211 (GALILEO 14)   
1 41549U 16030A   23254.28316653  .00000035  00000+0  00000+0 0  9999
2 41549  55.5071 249.4805 0003910 308.1297  51.8411  1.70473530 45439
GSAT0210 (GALILEO 13)   
1 41550U 16030B   23256.33442775  .00000032  00000+0  00000+0 0  9991
2 41550  55.5055 249.4253 0004201 275.6691  84.2788  1.70473667 45483
COSMOS 2516             
1 41554U 16032A   23253.61194007  .00000030  00000+0  00000+0 0  9995
2 41554  63.8665 225.8433 0015423 214.4947 145.3935  2.13106454 56690
BEIDOU-2 G7             
1 41586U 16037A   23257.47343801 -.00000355  00000+0  00000+0 0  9992
2 41586   1.8931  68.5556 0006668 343.6188 221.9014  1.00266218 26690
EUTELSAT 117 WEST B     
1 41589U 16038B   23256.55107530 -.00000018  00000+0  00000+0 0  9997
2 41589   0.0392   7.5238 0000303  89.3363 336.8142  1.00271833 26556
GSAT0207 (GALILEO 15)   
1 41859U 16069A   23255.40966548  .00000007  00000+0  00000+0 0  9993
2 41859  54.9652 129.0477 0002488 315.4471  44.6289  1.70474065 42426
GSAT0212 (GALILEO 16)   
1 41860U 16069B   23255.85090572  .00000011  00000+0  00000+0 0  9994
2 41860  54.9628 129.0322 0002103  14.3253 345.7796  1.70474254 42469
GSAT0213 (GALILEO 17)   
1 41861U 16069C   23256.21703828  .00000014  00000+0  00000+0 0  9994
2 41861  54.9655 129.0281 0002339 276.2319  83.8427  1.70472835 42337
GSAT0214 (GALILEO 18)   
1 41862U 16069D   23256.95087894  .00000019  00000+0  00000+0 0  9999
2 41862  54.9644 129.0016 0001369 284.0740  76.0161  1.70472793 42476
SES-15                  
1 42709U 17026A   23256.95585569  .00000055  00000+0  00000+0 0  9996
2 42709   0.0331  35.1204 0000270 157.7713  14.7430  1.00269324 24042
QZS-2 (MICHIBIKI-2)     
1 42738U 17028A   23255.87410622 -.00000155  00000+0  00000+0 0  9999
2 42738  41.0313 257.7440 0750926 270.1985 279.2164  1.00262747 23036
QZS-3 (MICHIBIKI-3)     
1 42917U 17048A   23256.69676595 -.00000354  00000+0  00000+0 0  9995
2 42917   0.0541 184.4096 0002241  12.2886 173.5607  1.00267978 22152
COSMOS 2522             
1 42939U 17055A   23257.09319895  .00000017  00000+0  00000+0 0  9994
2 42939  64.1003 226.2509 0009578 243.3620 116.5174  2.13102049 46511
QZS-4 (MICHIBIKI-4)     
1 42965U 17062A   23254.60880777 -.00000339  00000+0  00000+0 0  9995
2 42965  40.6327 356.3534 0748473 269.4309  83.3125  1.00279475 21690
BEIDOU-3 M1             
1 43001U 17069A   23255.19735583  .00000023  00000+0  00000+0 0  9992
2 43001  55.8480  96.5631 0007573 302.0458  57.9698  1.86231825 39815
BEIDOU-3 M2             
1 43002U 17069B   23256.20800868  .00000029  00000+0  00000+0 0  9991
2 43002  55.8482  96.5655 0006017 334.8158  25.2453  1.86231278 39826
GSAT0215 (GALILEO 19)   
1 43055U 17079A   23256.26625220  .00000032  00000+0  00000+0 0  9997
2 43055  55.4825 249.2518 0003718 270.4320  89.5212  1.70474147 35804
GSAT0216 (GALILEO 20)   
1 43056U 17079B   23256.55816251  .00000031  00000+0  00000+0 0  9995
2 43056  55.4825 249.2438 0005253 277.4730  82.4615  1.70474259 35795
GSAT0217 (GALILEO 21)   
1 43057U 17079C   23256.19193839  .00000032  00000+0  00000+0 0  9997
2 43057  55.4810 249.2527 0004640 284.8396  75.1052  1.70474270 35807
GSAT0218 (GALILEO 22)   
1 43058U 17079D   23256.99856899  .00000031  00000+0  00000+0 0  9997
2 43058  55.4808 249.2281 0005726 273.3067  86.6196  1.70474217 35814
BEIDOU-3 M7             
1 43107U 18003A   23256.49572145 -.00000091  00000+0  00000+0 0  9991
2 43107  55.1130 337.1703 0003324  77.9667 282.1241  1.86232667 38596
BEIDOU-3 M8             
1 43108U 18003B   23256.43390008 -.00000091  00000+0  00000+0 0  9992
2 43108  55.1060 337.1593 0004166 244.3186 115.6919  1.86231098 38596
BEIDOU-3 M4             
1 43207U 18018A   23255.80232277  .00000027  00000+0  00000+0 0  9999
2 43207  55.8072  96.6415 0004824  16.3486 343.7572  1.86231756 37967
BEIDOU-3 M3             
1 43208U 18018B   23256.94288213  .00000031  00000+0  00000+0 0  9992
2 43208  55.8075  96.6081 0005558 320.0675  39.9819  1.86231645 37987
BEIDOU-3 M9             
1 43245U 18029A   23256.09175656 -.00000090  00000+0  00000+0 0  9993
2 43245  55.0071 334.9174 0001483 219.1918 140.8529  1.86232931 37123
BEIDOU-3 M10            
1 43246U 18029B   23256.55872566 -.00000088  00000+0  00000+0 0  9996
2 43246  55.0041 334.9297 0002724 352.7553   7.2977  1.86233103 37120
IRNSS-1I                
1 43286U 18035A   23253.11785689  .00000083  00000+0  00000+0 0  9999
2 43286  29.2636  90.0972 0019590 176.0719 180.2163  1.00274251 19930
COSMOS 2527             
1 43508U 18053A   23257.05198092  .00000056  00000+0  00000+0 0  9999
2 43508  65.0953 107.6237 0007352 217.0989 142.9476  2.13102533 40815
BEIDOU-2 IGSO-7         
1 43539U 18057A   23256.72735631 -.00000161  00000+0  00000+0 0  9994
2 43539  55.1195 171.7772 0064190 231.0896 325.0332  1.00281139 19040
GSAT0221 (GALILEO 25)   
1 43564U 18060A   23252.20566576 -.00000108  00000+0  00000+0 0  9996
2 43564  57.2858   9.0692 0002924 253.6036 106.3666  1.70476219 31916
GSAT0222 (GALILEO 26)   
1 43565U 18060B   23255.94326868 -.00000099  00000+0  00000+0 0  9998
2 43565  57.2895   8.9701 0003615 213.7634 146.2181  1.70476057 32024
GSAT0219 (GALILEO 23)   
1 43566U 18060C   23256.16558732 -.00000098  00000+0  00000+0 0  9990
2 43566  57.2890   8.9662 0002119 255.2774 104.7040  1.70476323 32007
GSAT0220 (GALILEO 24)   
1 43567U 18060D   23253.45308688 -.00000106  00000+0  00000+0 0  9993
2 43567  57.2882   9.0389 0002462 250.9107 109.0647  1.70476248 31949
BEIDOU-3 M5             
1 43581U 18062A   23257.31587573 -.00000002  00000+0  00000+0 0  9997
2 43581  54.1763 216.5722 0005080 283.1827  76.7198  1.86232042 34887
BEIDOU-3 M6             
1 43582U 18062B   23257.18190776 -.00000003  00000+0  00000+0 0  9999
2 43582  54.1760 216.5664 0005217 357.7686   2.1881  1.86229889 34880
BEIDOU-3 M12            
1 43602U 18067A   23257.11811702 -.00000005  00000+0  00000+0 0  9991
2 43602  54.2634 215.2248 0007088  13.2228 346.7548  1.86231594 34368
BEIDOU-3 M11            
1 43603U 18067B   23257.25194352 -.00000003  00000+0  00000+0 0  9990
2 43603  54.2604 215.1858 0004181 358.3276   1.6302  1.86231548 34396
BEIDOU-3 M13            
1 43622U 18072A   23253.98919656  .00000012  00000+0  00000+0 0  9994
2 43622  55.7755  96.2421 0004352 298.5430  61.4988  1.86231730 33847
BEIDOU-3 M14            
1 43623U 18072B   23257.07636656  .00000031  00000+0  00000+0 0  9996
2 43623  55.7797  96.1316 0002850 349.6815  10.4023  1.86231718 33909
BEIDOU-3 M16            
1 43647U 18078A   23257.23900432 -.00000085  00000+0  00000+0 0  9992
2 43647  54.9025 334.9993 0005909   7.8930 352.1753  1.86227457 33410
BEIDOU-3 M15            
1 43648U 18078B   23257.36935374 -.00000084  00000+0  00000+0 0  9999
2 43648  54.8980 334.9988 0002765  19.2967 340.7731  1.86232457 33435
BEIDOU-3 G1             
1 43683U 18085A   23256.68452095 -.00000283  00000+0  00000+0 0  9995
2 43683   1.5333 123.7531 0002976 351.8669 263.2372  1.00276481 17951
COSMOS 2529             
1 43687U 18086A   23257.15119053  .00000018  00000+0  00000+0 0  9992
2 43687  64.3156 226.6872 0011243 262.6402  97.2098  2.13102100 37826
BEIDOU-3 M17            
1 43706U 18093A   23255.36949855 -.00000011  00000+0  00000+0 0  9998
2 43706  54.2592 216.5564 0010230 281.0598  78.7868  1.86232123 32756
BEIDOU-3 M18            
1 43707U 18093B   23255.23555154 -.00000011  00000+0  00000+0 0  9990
2 43707  54.2601 216.5525 0008500 306.3599  53.5236  1.86229943 32749
NAVSTAR 77 (USA 289)    
1 43873U 18109A   23256.65956904  .00000021  00000+0  00000+0 0  9997
2 43873  55.1950 131.9969 0025737 190.7181   7.5689  2.00569399 34860
BEIDOU-3 IGSO-1         
1 44204U 19023A   23257.32603656 -.00000190  00000+0  00000+0 0  9998
2 44204  57.2356  48.1381 0023743 195.0447 347.1393  1.00280028 16264
BEIDOU-2 G8             
1 44231U 19027A   23257.42802493 -.00000250  00000+0  00000+0 0  9990
2 44231   1.9797  81.0846 0006607 132.5234  78.1255  1.00269167 15977
COSMOS 2534             
1 44299U 19030A   23257.11062273  .00000018  00000+0  00000+0 0  9999
2 44299  64.3883 226.6157 0013430 281.7850 181.2218  2.13102039 33474
BEIDOU-3 IGSO-2         
1 44337U 19035A   23256.63115414 -.00000162  00000+0  00000+0 0  9990
2 44337  55.1523 167.7109 0032849 196.7361 334.8660  1.00272106 15560
NAVSTAR 78 (USA 293)    
1 44506U 19056A   23257.47116785 -.00000097  00000+0  00000+0 0  9993
2 44506  55.8226  11.0404 0037239 185.6356 138.1335  2.00566034 29873
BEIDOU-3 M24            
1 44542U 19061A   23256.91804548 -.00000005  00000+0  00000+0 0  9997
2 44542  54.4860 216.7354 0008445 341.0483  18.8794  1.86231575 27037
BEIDOU-3 M23            
1 44543U 19061B   23255.78401559 -.00000010  00000+0  00000+0 0  9993
2 44543  54.4849 216.7429 0005911 324.6095 266.9031  1.86231935 27017
BEIDOU-3 IGSO-3         
1 44709U 19073A   23256.49849756 -.00000137  00000+0  00000+0 0  9994
2 44709  56.5188 291.6549 0035228 190.2100 169.8219  1.00279386 14331
BEIDOU-3 M22            
1 44793U 19078A   23257.30041595 -.00000085  00000+0  00000+0 0  9990
2 44793  54.7508 334.9633 0004774  17.2182 342.8571  1.86232401 25905
BEIDOU-3 M21            
1 44794U 19078B   23255.28315545 -.00000094  00000+0  00000+0 0  9995
2 44794  54.7259 335.0150 0002736   7.6123 352.4440  1.86232842 25865
COSMOS 2544             
1 44850U 19088A   23256.05719905  .00000053  00000+0  00000+0 0  9997
2 44850  65.0808 107.4998 0011246 251.2439 108.7303  2.13102289 29234
BEIDOU-3 M19            
1 44864U 19090A   23256.35970689  .00000029  00000+0  00000+0 0  9999
2 44864  55.7116  96.3492 0015283 275.5478 280.0656  1.86232049 25462
BEIDOU-3 M20            
1 44865U 19090B   23257.33179596  .00000031  00000+0  00000+0 0  9990
2 44865  55.7141  96.3495 0013143 290.8549 286.2822  1.86231989 25461
BEIDOU-3 G2             
1 45344U 20017A   23257.10340819 -.00000144  00000+0  00000+0 0  9993
2 45344   2.0538  16.6627 0003104 161.8838 291.5523  1.00272496 13171
COSMOS 2545             
1 45358U 20018A   23256.25395972 -.00000081  00000+0  00000+0 0  9994
2 45358  64.8408 347.6141 0010255 238.0102 121.9303  2.13102710 27186
BEIDOU-3 G3             
1 45807U 20040A   23256.74133000 -.00000360  00000+0  00000+0 0  9994
2 45807   0.6088 345.6149 0006030 328.8621  55.4568  1.00271416 11972
NAVSTAR 79 (USA 304)    
1 45854U 20041A   23256.61491889 -.00000009  00000+0  00000+0 0  9995
2 45854  55.8912  68.3571 0036473 186.3511 182.4841  2.00563521 23834
GALAXY 30 (G-30)        
1 46114U 20056C   23256.58501263  .00000031  00000+0  00000+0 0  9999
2 46114   0.0212 132.4346 0001892  43.8883 261.5975  1.00273079 11185
COSMOS 2547             
1 46805U 20075A   23256.91213478  .00000017  00000+0  00000+0 0  9996
2 46805  64.6156 226.1815 0008402 244.0482 115.8433  2.13102941 22446
NAVSTAR 80 (USA 309)    
1 46826U 20078A   23256.32412594  .00000016  00000+0  00000+0 0  9996
2 46826  54.3087 251.6987 0036124 194.9186 299.4653  2.00562933 21299
NAVSTAR 81 (USA 319)    
1 48859U 21054A   23257.33990104 -.00000098  00000+0  00000+0 0  9990
2 48859  55.3402  12.8266 0012498 212.1538 118.3037  2.00573356 16557
QZS-1R                  
1 49336U 21096A   23256.58008201 -.00000243  00000+0  00000+0 0  9993
2 49336  35.3705  94.7733 0743547 269.4913 330.7050  1.00290443  6903
GSAT0223 (GALILEO 27)   
1 49809U 21116A   23254.47783885 -.00000104  00000+0  00000+0 0  9991
2 49809  57.2800   8.9075 0003509 182.5037 176.6685  1.70476482 10960
GSAT0224 (GALILEO 28)   
1 49810U 21116B   23257.23371654 -.00000094  00000+0  00000+0 0  9995
2 49810  57.2810   8.8320 0002835 175.0241 187.9788  1.70476495 11032
COSMOS 2557             
1 52984U 22075A   23255.19772425 -.00000089  00000+0  00000+0 0  9994
2 52984  64.7580 349.8091 0012050 275.3319  84.5640  2.13102432  9196
COSMOS 2559             
1 54031U 22130A   23256.54751789 -.00000081  00000+0  00000+0 0  9993
2 54031  64.7289 349.8895 0007284 218.2584 141.7275  2.13101663  7218
COSMOS 2564             
1 54377U 22161A   23256.74058225  .00000017  00000+0  00000+0 0  9995
2 54377  64.7564 226.2419 0010707 226.1030 133.7872  2.13102200  6160
NAVSTAR 82 (USA 343)    
1 55268U 23009A   23256.08302088 -.00000024  00000+0  00000+0 0  9992
2 55268  55.0881 188.0713 0004460  90.9394  92.8330  2.00555282  5022
BEIDOU-3 G4             
1 56564U 23066A   23256.53554646 -.00000120  00000+0  00000+0 0  9991
2 56564   2.8234 288.7591 0006674 214.6775 201.6318  1.00273285  1305
IRNSS-1J (NVS-01)       
1 56759U 23076A   23256.75785745 -.00000349  00000+0  00000+0 0  9991
2 56759   4.7173 271.8891 0006208 336.4198 146.4813  1.00269973  1018
