NAVSTAR 43 (USA 132)    
1 24876U 97035A   23258.56529357  .00000033  00000+0  00000+0 0  9997
2 24876  55.5895 137.9060 0073054  52.5795 308.1785  2.00564222191785
NAVSTAR 47 (USA 150)    
1 26360U 00025A   23258.44882639 -.00000028  00000+0  00000+0 0  9997
2 26360  54.4425  60.1474 0041584 199.7910 166.1310  2.00570114171101
NAVSTAR 51 (USA 166)    
1 27663U 03005A   23258.59825362  .00000021  00000+0  00000+0 0  9993
2 27663  55.2407 254.9619 0132208  44.7174  48.6418  2.00565428151143
NAVSTAR 52 (USA 168)    
1 27704U 03010A   23257.74248470 -.00000098  00000+0  00000+0 0  9995
2 27704  55.1155   4.9514 0248963 318.9757  95.0848  2.00575551149928
NAVSTAR 54 (USA 177)    
1 28190U 04009A   23258.31441174 -.00000045  00000+0  00000+0 0  9996
2 28190  55.6818 316.0332 0092791 139.2007 265.6319  2.00567105142772
NAVSTAR 56 (USA 180)    
1 28474U 04045A   23258.12895625 -.00000096  00000+0  00000+0 0  9990
2 28474  55.4429   5.2609 0162236 282.5792  43.6463  2.00555181138244
ANIK F1R                
1 28868U 05036A   23258.44952774 -.00000073  00000+0  00000+0 0  9997
2 28868   1.7147  88.8816 0002280  50.0059 269.7891  1.00272472 36369
NAVSTAR 57 (USA 183)    
1 28874U 05038A   23258.29534112 -.00000040  00000+0  00000+0 0  9995
2 28874  55.7330 313.4862 0139801 279.6771 133.2196  2.00574859131664
INMARSAT 4-F2           
1 28899U 05044A   23258.03167120  .00000011  00000+0  00000+0 0  9999
2 28899   3.8659  40.7247 0002671 147.0603 241.2593  1.00271770 65439
NAVSTAR 58 (USA 190)    
1 29486U 06042A   23258.51741157  .00000006  00000+0  00000+0 0  9996
2 29486  54.6836 191.2128 0103387  32.4480  82.2812  2.00569183124228
NAVSTAR 59 (USA 192)    
1 29601U 06052A   23258.27934007  .00000020  00000+0  00000+0 0  9993
2 29601  55.2622 253.9345 0083355  79.4149 281.5265  2.00550223123230
NAVSTAR 60 (USA 196)    
1 32260U 07047A   23258.59391981  .00000033  00000+0  00000+0 0  9990
2 32260  53.4695 121.6740 0151785  70.9125 290.8297  2.00550998116642
COSMOS 2433             
1 32275U 07052A   23257.82543600 -.00000072  00000+0  00000+0 0  9998
2 32275  66.0189 349.5872 0004070 223.0040 137.0071  2.13104254123615
COSMOS 2432             
1 32276U 07052B   23258.45237334 -.00000069  00000+0  00000+0 0  9999
2 32276  66.0332 349.6751 0008459 317.5361 110.4683  2.13103371123650
NAVSTAR 61 (USA 199)    
1 32384U 07062A   23258.46294517 -.00000041  00000+0  00000+0 0  9997
2 32384  55.8650 314.3023 0024793 150.9884 244.9831  2.00559452115344
COSMOS 2434             
1 32393U 07065A   23258.02917109  .00000023  00000+0  00000+0 0  9990
2 32393  64.3362 225.9421 0000479  71.0580 336.4600  2.13103129122337
COSMOS 2436             
1 32395U 07065C   23258.02871243  .00000023  00000+0  00000+0 0  9990
2 32395  64.3450 226.0039 0015850 353.5848 189.0868  2.13102812122288
NAVSTAR 62 (USA 201)    
1 32711U 08012A   23258.00904274 -.00000001  00000+0  00000+0 0  9991
2 32711  54.4512 190.0614 0177592 235.9216 122.3745  2.00557643113570
NAVSTAR 64 (USA 206)    
1 35752U 09043A   23258.49442576 -.00000013  00000+0  00000+0 0  9992
2 35752  55.4437  67.2716 0058233  69.3512 297.7846  2.00557424103194
COSMOS 2456             
1 36111U 09070A   23258.50518207  .00000055  00000+0  00000+0 0  9994
2 36111  64.4948 105.4227 0001859 338.0536 233.6673  2.13099276106995
COSMOS 2457             
1 36112U 09070B   23258.30163795  .00000055  00000+0  00000+0 0  9991
2 36112  64.4787 105.2947 0005992 146.7328  39.7098  2.13101451106994
COSMOS 2460             
1 36402U 10007C   23258.05193078 -.00000070  00000+0  00000+0 0  9992
2 36402  65.8811 348.2932 0001559 189.7941 153.6006  2.13106423105285
NAVSTAR 65 (USA 213)    
1 36585U 10022A   23258.60165017  .00000019  00000+0  00000+0 0  9996
2 36585  54.5615 249.1316 0109556  59.6566 141.6337  2.00562596 97426
BEIDOU-2 IGSO-1         
1 36828U 10036A   23258.58682816 -.00000131  00000+0  00000+0 0  9995
2 36828  54.2349 172.0710 0036517 188.3602 311.3193  1.00250481 48121
QZS-1 (MICHIBIKI-1)     
1 37158U 10045A   23256.96160730 -.00000006  00000+0  00000+0 0  9999
2 37158  42.9684 127.4546 0002549  76.6089 281.5990  0.87715097 47564
BEIDOU-2 G4             
1 37210U 10057A   23258.04812561 -.00000114  00000+0  00000+0 0  9998
2 37210   1.1984  61.3079 0006363 155.6491 314.0303  1.00271541 47201
BEIDOU-2 IGSO-2         
1 37256U 10068A   23258.59128190 -.00000168  00000+0  00000+0 0  9997
2 37256  49.3895 284.1684 0032345 212.9884 178.2903  1.00280744 46711
BEIDOU-2 IGSO-3         
1 37384U 11013A   23258.34182882 -.00000158  00000+0  00000+0 0  9990
2 37384  60.9563  49.7889 0028189 175.2081   0.3085  1.00279384 45574
GSAT-8                  
1 37605U 11022A   23258.03001778  .00000083  00000+0  00000+0 0  9992
2 37605   0.0231  98.4486 0005401 148.5546 172.6361  1.00272218 43120
NAVSTAR 66 (USA 232)    
1 37753U 11036A   23258.13549560 -.00000093  00000+0  00000+0 0  9990
2 37753  56.7452  11.0492 0127002  56.3575 254.4960  2.00568794 89093
BEIDOU-2 IGSO-4         
1 37763U 11038A   23258.59030260 -.00000095  00000+0  00000+0 0  9997
2 37763  54.5087 174.6141 0111898 228.0421 259.6769  1.00272091 44563
GSAT0101 (GALILEO-PFM)  
1 37846U 11060A   23256.68209446 -.00000097  00000+0  00000+0 0  9998
2 37846  57.1105   9.0469 0001286  75.2562 284.7638  1.70476094 73940
GSAT0102 (GALILEO-FM2)  
1 37847U 11060B   23258.36160529 -.00000090  00000+0  00000+0 0  9997
2 37847  57.1114   9.0015 0001248 327.5318  29.4927  1.70475495 73970
COSMOS 2476             
1 37867U 11064A   23258.58074417  .00000056  00000+0  00000+0 0  9998
2 37867  64.7744 106.9516 0021183 231.6284 307.4672  2.13101815 92332
COSMOS 2477             
1 37868U 11064B   23258.39107067  .00000056  00000+0  00000+0 0  9996
2 37868  64.7816 107.0276 0018396 231.9116 339.5539  2.13101711 92329
COSMOS 2475             
1 37869U 11064C   23258.40353941  .00000056  00000+0  00000+0 0  9993
2 37869  64.7888 107.0395 0022476 250.2974 289.2252  2.13102065 92338
BEIDOU-2 IGSO-5         
1 37948U 11073A   23258.53973507 -.00000120  00000+0  00000+0 0  9994
2 37948  49.5150 283.8376 0095079 220.6286 139.9655  1.00270428 43054
LUCH-5A                 
1 37951U 11074B   23258.56643959 -.00000044  00000+0  00000+0 0  9992
2 37951   6.1694  89.4988 0004450  73.3792 202.3590  1.00269655 42969
BEIDOU-2 G5             
1 38091U 12008A   23258.53233814  .00000057  00000+0  00000+0 0  9991
2 38091   1.7344  68.5766 0003534 174.9583   1.1132  1.00276669 42283
BEIDOU-2 M3             
1 38250U 12018A   23257.93752639 -.00000085  00000+0  00000+0 0  9995
2 38250  56.5052 338.5238 0023846 255.8479 103.9449  1.86231290 77206
BEIDOU-2 M4             
1 38251U 12018B   23257.33196464 -.00000086  00000+0  00000+0 0  9999
2 38251  56.4161 337.8362 0014654 255.5634 104.3306  1.86232019 77199
SES-5                   
1 38652U 12036A   23257.89493848  .00000032  00000+0  00000+0 0  9991
2 38652   0.0545 313.1006 0001857 221.8541 145.8128  1.00272459 40977
BEIDOU-2 M6             
1 38775U 12050B   23258.11578480  .00000031  00000+0  00000+0 0  9994
2 38775  55.6991  96.4055 0011362 340.2523  19.7918  1.86231348 74572
GSAT-10                 
1 38779U 12051B   23258.53712437 -.00000166  00000+0  00000+0 0  9997
2 38779   0.0349 256.9144 0002119 349.4206  24.2690  1.00273182 40038
NAVSTAR 67 (USA 239)    
1 38833U 12053A   23258.18575646  .00000001  00000+0  00000+0 0  9997
2 38833  53.5120 184.7497 0142707  52.1479 309.1351  2.00567449 79265
GSAT0103 (GALILEO-FM3)  
1 38857U 12055A   23257.89449942  .00000027  00000+0  00000+0 0  9999
2 38857  55.2857 129.2025 0002549 262.7982  97.2823  1.70473819 67859
GSAT0104 (GALILEO-FM4)  
1 38858U 12055B   23257.27735422  .00000022  00000+0  00000+0 0  9998
2 38858  55.2857 129.2211 0000382 160.0689 200.0395  1.70474079 67840
BEIDOU-2 G6             
1 38953U 12059A   23258.53729843 -.00000175  00000+0  00000+0 0  9998
2 38953   1.8521  81.8852 0007436 311.4874 238.2670  1.00275640 39822
LUCH-5B                 
1 38977U 12061A   23258.22479894 -.00000131  00000+0  00000+0 0  9993
2 38977   8.2782  59.0269 0005684 113.2353 246.3271  1.00273055 39522
COSMOS 2485             
1 39155U 13019A   23258.28931139  .00000057  00000+0  00000+0 0  9993
2 39155  64.9344 107.4876 0021702 227.5559 132.3564  2.13102005 80843
NAVSTAR 68 (USA 242)    
1 39166U 13023A   23258.04825483 -.00000035  00000+0  00000+0 0  9995
2 39166  55.3483 309.6873 0114411  41.6666 319.2765  2.00564365 75705
IRNSS-1A                
1 39199U 13034A   23252.08242812  .00000073  00000+0  00000+0 0  9991
2 39199  33.4344  78.6203 0020346 176.5021 177.7262  1.00280977 37216
NAVSTAR 69 (USA 248)    
1 39533U 14008A   23258.04731748 -.00000001  00000+0  00000+0 0  9990
2 39533  53.5991 190.3146 0067163 215.7048 143.8367  2.00552354 69509
ASTRA 5B                
1 39617U 14011B   23258.52528932  .00000137  00000+0  00000+0 0  9998
2 39617   0.0751 308.2971 0003365 252.6946   5.8239  1.00273185 34586
COSMOS 2492             
1 39620U 14012A   23257.77549757 -.00000071  00000+0  00000+0 0  9995
2 39620  65.7647 347.9195 0011598 314.8863  45.0650  2.13103263 73799
IRNSS-1B                
1 39635U 14017A   23257.59989650  .00000106  00000+0  00000+0 0  9994
2 39635  28.6869 257.4920 0019542 190.5984 176.2713  1.00268641 34702
LUCH-5V                 
1 39727U 14023A   23258.53947399 -.00000266  00000+0  00000+0 0  9990
2 39727   2.5999  77.2302 0003764 137.5267  68.3354  1.00267492 34272
NAVSTAR 70 (USA 251)    
1 39741U 14026A   23258.32882769 -.00000092  00000+0  00000+0 0  9992
2 39741  56.6976  10.5639 0029293 310.5038  49.2551  2.00556538 68367
COSMOS 2500             
1 40001U 14032A   23257.02013654 -.00000075  00000+0  00000+0 0  9996
2 40001  65.7030 347.7716 0008203 200.7801 159.2293  2.13106073 71994
NAVSTAR 71 (USA 256)    
1 40105U 14045A   23257.91291988  .00000032  00000+0  00000+0 0  9993
2 40105  54.8161 128.6493 0025252 113.3429 247.0225  2.00578485 65898
GSAT0201 (GALILEO 5)    
1 40128U 14050A   23257.04488816 -.00000059  00000+0  00000+0 0  9996
2 40128  49.9265 314.1787 1608637 140.7432 232.1188  1.85519415 59632
GSAT0202 (GALILEO 6)    
1 40129U 14050B   23256.76524708 -.00000058  00000+0  00000+0 0  9995
2 40129  49.9460 313.2616 1606510 141.5440 231.0948  1.85520109 61791
IRNSS-1C                
1 40269U 14061A   23258.53721140 -.00000158  00000+0  00000+0 0  9999
2 40269   3.9896 112.3612 0019761  19.1318 139.0818  1.00268927 32607
NAVSTAR 72 (USA 258)    
1 40294U 14068A   23258.29049407 -.00000006  00000+0  00000+0 0  9998
2 40294  56.1874  70.0307 0049137  62.2294 298.3082  2.00572601 65037
COSMOS 2501             
1 40315U 14075A   23257.73937098  .00000019  00000+0  00000+0 0  9993
2 40315  63.6397 225.2969 0019852 211.0703 148.7882  2.13101363 68409
NAVSTAR 73 (USA 260)    
1 40534U 15013A   23258.42727087  .00000016  00000+0  00000+0 0  9998
2 40534  53.4601 245.8301 0080903  25.4239 334.9587  2.00554072 61657
GSAT0203 (GALILEO 7)    
1 40544U 15017A   23258.22128778 -.00000091  00000+0  00000+0 0  9997
2 40544  56.9061   8.9767 0003434 228.1071 131.8740  1.70476546 52054
GSAT0204 (GALILEO 8)    
1 40545U 15017B   23258.47495550 -.00000090  00000+0  00000+0 0  9999
2 40545  56.9123   8.9842 0003769 212.5702 147.4177  1.70475876 15104
IRNSS-1D                
1 40547U 15018A   23257.87924626 -.00000280  00000+0  00000+0 0  9997
2 40547  28.0530 257.4564 0019662 190.0634 334.3781  1.00271373 31153
BEIDOU-3S IGSO-1S       
1 40549U 15019A   23258.59565564 -.00000131  00000+0  00000+0 0  9997
2 40549  51.0796 307.4399 0040819 196.3220 157.9156  1.00254382 30981
NAVSTAR 74 (USA 262)    
1 40730U 15033A   23258.09045826 -.00000034  00000+0  00000+0 0  9996
2 40730  54.8365 308.2945 0085548  13.9471 346.3649  2.00554829 59838
BEIDOU-3S M2S           
1 40748U 15037A   23258.07156639 -.00000082  00000+0  00000+0 0  9995
2 40748  55.6558 336.4044 0011670 242.3092 117.6326  1.86233302 55385
BEIDOU-3S M1S           
1 40749U 15037B   23258.34168445 -.00000081  00000+0  00000+0 0  9993
2 40749  55.6587 336.3814 0003557 297.8203  62.2044  1.86233036 55393
GSAT0205 (GALILEO 9)    
1 40889U 15045A   23258.24287652  .00000032  00000+0  00000+0 0  9993
2 40889  55.3590 249.3947 0003598 358.8117   1.1737  1.70473317 49863
GSAT0206 (GALILEO 10)   
1 40890U 15045B   23258.46355890  .00000032  00000+0  00000+0 0  9999
2 40890  55.3574 249.3840 0002490 327.5351  32.4350  1.70473378 49890
BEIDOU-3S IGSO-2S       
1 40938U 15053A   23258.41459380 -.00000104  00000+0  00000+0 0  9996
2 40938  50.7941 270.6152 0047789 194.7283 134.3532  1.00281087 29261
NAVSTAR 75 (USA 265)    
1 41019U 15062A   23258.14275769 -.00000006  00000+0  00000+0 0  9995
2 41019  56.1707  69.8869 0089582 221.0491 138.3136  2.00562385 57659
GSAT-15                 
1 41028U 15065A   23258.03758875 -.00000260  00000+0  00000+0 0  9992
2 41028   0.0393 264.7994 0001814 253.1904 302.7856  1.00270394 28705
GSAT0209 (GALILEO 12)   
1 41174U 15079A   23258.04875493  .00000028  00000+0  00000+0 0  9997
2 41174  55.3036 128.9052 0002821 334.9349  25.1618  1.70474147 47623
GSAT0208 (GALILEO 11)   
1 41175U 15079B   23257.09520791  .00000021  00000+0  00000+0 0  9993
2 41175  55.3016 128.9295 0002139 344.0891  16.0106  1.70474012 48024
IRNSS-1E                
1 41241U 16003A   23258.58830810 -.00000275  00000+0  00000+0 0  9998
2 41241  31.0023  77.6239 0020689 176.0909  64.2347  1.00271376 27994
NAVSTAR 76 (USA 266)    
1 41328U 16007A   23258.23405241  .00000034  00000+0  00000+0 0  9998
2 41328  55.0202 129.4173 0071494 233.7656 125.6704  2.00575193 55667
COSMOS 2514             
1 41330U 16008A   23258.19003237 -.00000069  00000+0  00000+0 0  9995
2 41330  65.4999 347.3108 0011981 208.8992 151.0823  2.13102758 59181
IRNSS-1F                
1 41384U 16015A   23258.52702977  .00000161  00000+0  00000+0 0  9998
2 41384   2.9557 129.2940 0018794 176.7631 270.0917  1.00273973 27587
BEIDOU-2 IGSO-6         
1 41434U 16021A   23258.38730080 -.00000138  00000+0  00000+0 0  9996
2 41434  58.7706  48.1539 0047719 218.2095 323.8005  1.00281300 27393
IRNSS-1G                
1 41469U 16027A   23258.54391532 -.00000333  00000+0  00000+0 0  9990
2 41469   2.8453 130.9361 0002471 359.3729 189.2740  1.00273717 27090
GSAT0211 (GALILEO 14)   
1 41549U 16030A   23254.28316653  .00000035  00000+0  00000+0 0  9999
2 41549  55.5071 249.4805 0003910 308.1297  51.8411  1.70473530 45439
GSAT0210 (GALILEO 13)   
1 41550U 16030B   23256.33442775  .00000032  00000+0  00000+0 0  9991
2 41550  55.5055 249.4253 0004201 275.6691  84.2788  1.70473667 45483
COSMOS 2516             
1 41554U 16032A   23253.61194007  .00000030  00000+0  00000+0 0  9995
2 41554  63.8665 225.8433 0015423 214.4947 145.3935  2.13106454 56690
BEIDOU-2 G7             
1 41586U 16037A   23258.59113910 -.00000352  00000+0  00000+0 0  9999
2 41586   1.8955  68.5656 0006676 343.7500 265.2105  1.00265565 26703
EUTELSAT 117 WEST B     
1 41589U 16038B   23258.44348591 -.00000012  00000+0  00000+0 0  9995
2 41589   0.0373  20.0346 0000244  68.5086 308.2627  1.00271453 26571
GSAT0207 (GALILEO 15)   
1 41859U 16069A   23255.40966548  .00000007  00000+0  00000+0 0  9993
2 41859  54.9652 129.0477 0002488 315.4471  44.6289  1.70474065 42426
GSAT0212 (GALILEO 16)   
1 41860U 16069B   23257.02406695  .00000020  00000+0  00000+0 0  9992
2 41860  54.9634 128.9997 0002144   0.0312   0.0746  1.70474145 42482
GSAT0213 (GALILEO 17)   
1 41861U 16069C   23256.21703828  .00000014  00000+0  00000+0 0  9994
2 41861  54.9655 129.0281 0002339 276.2319  83.8427  1.70472835 42337
GSAT0214 (GALILEO 18)   
1 41862U 16069D   23256.95087894  .00000019  00000+0  00000+0 0  9999
2 41862  54.9644 129.0016 0001369 284.0740  76.0161  1.70472793 42476
SES-15                  
1 42709U 17026A   23258.43674303  .00000059  00000+0  00000+0 0  9990
2 42709   0.0317  41.3031 0000796 142.9780 197.9410  1.00273556 24051
QZS-2 (MICHIBIKI-2)     
1 42738U 17028A   23255.87410622 -.00000155  00000+0  00000+0 0  9999
2 42738  41.0313 257.7440 0750926 270.1985 279.2164  1.00262747 23036
QZS-3 (MICHIBIKI-3)     
1 42917U 17048A   23258.57993352 -.00000349  00000+0  00000+0 0  9991
2 42917   0.0536 180.6857 0002251  15.7012 133.6393  1.00266929 22175
COSMOS 2522             
1 42939U 17055A   23258.03171497  .00000023  00000+0  00000+0 0  9990
2 42939  64.1002 226.2188 0009551 243.3492 116.5292  2.13102048 46533
QZS-4 (MICHIBIKI-4)     
1 42965U 17062A   23257.63141944 -.00000320  00000+0  00000+0 0  9997
2 42965  40.6317 356.3154 0749062 269.4793  94.4555  1.00278584 21723
BEIDOU-3 M1             
1 43001U 17069A   23257.88211031  .00000032  00000+0  00000+0 0  9997
2 43001  55.8501  96.4738 0007510 301.3994  58.6158  1.86231784 39862
BEIDOU-3 M2             
1 43002U 17069B   23257.81886405  .00000032  00000+0  00000+0 0  9994
2 43002  55.8495  96.5118 0005959 334.8382  25.2217  1.86231280 39851
GSAT0215 (GALILEO 19)   
1 43055U 17079A   23256.85283145  .00000031  00000+0  00000+0 0  9997
2 43055  55.4823 249.2357 0003705 271.1360  88.8142  1.70474138 35816
GSAT0216 (GALILEO 20)   
1 43056U 17079B   23257.14474034  .00000031  00000+0  00000+0 0  9990
2 43056  55.4823 249.2276 0005256 277.7553  82.1762  1.70474271 35831
GSAT0217 (GALILEO 21)   
1 43057U 17079C   23257.95167480  .00000032  00000+0  00000+0 0  9995
2 43057  55.4802 249.2044 0004643 286.0632  73.8729  1.70474257 35836
GSAT0218 (GALILEO 22)   
1 43058U 17079D   23257.58514833  .00000032  00000+0  00000+0 0  9993
2 43058  55.4805 249.2121 0005718 273.6253  86.2981  1.70474203 35852
BEIDOU-3 M7             
1 43107U 18003A   23257.56962683 -.00000086  00000+0  00000+0 0  9994
2 43107  55.1124 337.1335 0003303  77.9053 282.1888  1.86232633 38608
BEIDOU-3 M8             
1 43108U 18003B   23258.04477073 -.00000084  00000+0  00000+0 0  9991
2 43108  55.1052 337.1040 0004205 244.6727 115.3425  1.86231046 38628
BEIDOU-3 M4             
1 43207U 18018A   23257.95012539  .00000032  00000+0  00000+0 0  9990
2 43207  55.8088  96.5700 0004730  16.7681 343.3363  1.86231714 38001
BEIDOU-3 M3             
1 43208U 18018B   23258.01678243  .00000032  00000+0  00000+0 0  9999
2 43208  55.8085  96.5724 0005521 319.7345  40.3131  1.86231620 38000
BEIDOU-3 M9             
1 43245U 18029A   23258.23956031 -.00000081  00000+0  00000+0 0  9995
2 43245  55.0058 334.8438 0001488 220.1071 139.9439  1.86232901 37167
BEIDOU-3 M10            
1 43246U 18029B   23257.63262672 -.00000083  00000+0  00000+0 0  9992
2 43246  55.0035 334.8928 0002727 352.3637   7.6925  1.86233100 37130
IRNSS-1I                
1 43286U 18035A   23257.60015757  .00000106  00000+0  00000+0 0  9995
2 43286  29.2730  90.0269 0019625 176.4024 358.0348  1.00275736 19980
COSMOS 2527             
1 43508U 18053A   23257.99049950  .00000057  00000+0  00000+0 0  9991
2 43508  65.0957 107.5923 0007358 216.8686 143.1776  2.13102514 40834
BEIDOU-2 IGSO-7         
1 43539U 18057A   23257.71784501 -.00000152  00000+0  00000+0 0  9994
2 43539  55.1192 171.7687 0064151 231.0528 322.6565  1.00280839 19059
GSAT0221 (GALILEO 25)   
1 43564U 18060A   23257.48492696 -.00000093  00000+0  00000+0 0  9995
2 43564  57.2859   8.9273 0003124 251.8490 108.1251  1.70476304 32003
GSAT0222 (GALILEO 26)   
1 43565U 18060B   23257.70302799 -.00000093  00000+0  00000+0 0  9995
2 43565  57.2899   8.9228 0003656 214.2499 145.7353  1.70476061 32055
GSAT0219 (GALILEO 23)   
1 43566U 18060C   23257.33875870 -.00000094  00000+0  00000+0 0  9991
2 43566  57.2891   8.9347 0002140 255.3408 104.6431  1.70476322 32021
GSAT0220 (GALILEO 24)   
1 43567U 18060D   23253.45308688 -.00000106  00000+0  00000+0 0  9993
2 43567  57.2882   9.0389 0002462 250.9107 109.0647  1.70476248 31949
BEIDOU-3 M5             
1 43581U 18062A   23258.38977116  .00000009  00000+0  00000+0 0  9997
2 43581  54.1760 216.5357 0005052 283.5257  76.3785  1.86232031 34907
BEIDOU-3 M6             
1 43582U 18062B   23258.25581542  .00000007  00000+0  00000+0 0  9996
2 43582  54.1757 216.5299 0005240 358.3218   1.6366  1.86229891 34902
BEIDOU-3 M12            
1 43602U 18067A   23258.19201584  .00000006  00000+0  00000+0 0  9991
2 43602  54.2632 215.1883 0007105  13.4247 346.5545  1.86231571 34385
BEIDOU-3 M11            
1 43603U 18067B   23258.32584239  .00000008  00000+0  00000+0 0  9990
2 43603  54.2602 215.1494 0004187 358.6478   1.3118  1.86231541 34411
BEIDOU-3 M13            
1 43622U 18072A   23253.98919656  .00000012  00000+0  00000+0 0  9994
2 43622  55.7755  96.2421 0004352 298.5430  61.4988  1.86231730 33847
BEIDOU-3 M14            
1 43623U 18072B   23257.61331688  .00000031  00000+0  00000+0 0  9993
2 43623  55.7802  96.1137 0002841 349.8524  10.2307  1.86231707 33907
BEIDOU-3 M16            
1 43647U 18078A   23257.77597103 -.00000083  00000+0  00000+0 0  9996
2 43647  54.9021 334.9808 0005910   7.5221 352.5473  1.86227435 33412
BEIDOU-3 M15            
1 43648U 18078B   23257.36935377 -.00000084  00000+0  00000+0 0  9992
2 43648  54.8980 334.9988 0002764  19.0670 341.0027  1.86232452 33429
BEIDOU-3 G1             
1 43683U 18085A   23258.54763417 -.00000277  00000+0  00000+0 0  9998
2 43683   1.5368 123.6297 0002997 352.0369 215.7774  1.00275708 17971
COSMOS 2529             
1 43687U 18086A   23258.08970716  .00000024  00000+0  00000+0 0  9993
2 43687  64.3155 226.6553 0011215 262.6752  97.1738  2.13102097 37845
BEIDOU-3 M17            
1 43706U 18093A   23258.05422904  .00000005  00000+0  00000+0 0  9990
2 43706  54.2586 216.4653 0010161 281.6283  78.2174  1.86232127 32802
BEIDOU-3 M18            
1 43707U 18093B   23258.45726701  .00000010  00000+0  00000+0 0  9993
2 43707  54.2592 216.4431 0008462 307.1913  52.6920  1.86229939 32801
NAVSTAR 77 (USA 289)    
1 43873U 18109A   23258.13231059  .00000033  00000+0  00000+0 0  9992
2 43873  55.1955 131.9388 0025780 190.6413 351.0730  2.00569440 34899
BEIDOU-3 IGSO-1         
1 44204U 19023A   23258.33052782 -.00000192  00000+0  00000+0 0  9990
2 44204  57.2371  48.1279 0023795 195.0999 349.7146  1.00279688 16259
BEIDOU-2 G8             
1 44231U 19027A   23258.55323690 -.00000247  00000+0  00000+0 0  9998
2 44231   1.9823  81.0759 0006604 132.4014 124.4303  1.00268770 15992
COSMOS 2534             
1 44299U 19030A   23257.61227997  .00000021  00000+0  00000+0 0  9994
2 44299  64.3882 226.5987 0013419 281.8211 206.0403  2.13102032 33477
BEIDOU-3 IGSO-2         
1 44337U 19035A   23258.42804054 -.00000143  00000+0  00000+0 0  9993
2 44337  55.1521 167.6954 0032833 196.5959 263.6592  1.00271531 15585
NAVSTAR 78 (USA 293)    
1 44506U 19056A   23258.46717346 -.00000092  00000+0  00000+0 0  9998
2 44506  55.8226  11.0011 0037270 185.6640 137.2759  2.00566028 29893
BEIDOU-3 M24            
1 44542U 19061A   23257.99194437  .00000005  00000+0  00000+0 0  9994
2 44542  54.4857 216.6992 0008455 341.4704  18.4585  1.86231561 27052
BEIDOU-3 M23            
1 44543U 19061B   23258.39183868  .00000009  00000+0  00000+0 0  9990
2 44543  54.4842 216.6549 0005926 325.7380 214.2080  1.86231955 27064
BEIDOU-3 IGSO-3         
1 44709U 19073A   23257.49568946 -.00000140  00000+0  00000+0 0  9998
2 44709  56.5172 291.6443 0035238 190.2307 169.7970  1.00279082 14366
BEIDOU-3 M22            
1 44793U 19078A   23257.30041595 -.00000085  00000+0  00000+0 0  9990
2 44793  54.7508 334.9633 0004774  17.2182 342.8571  1.86232401 25893
BEIDOU-3 M21            
1 44794U 19078B   23255.28315545 -.00000094  00000+0  00000+0 0  9995
2 44794  54.7259 335.0150 0002736   7.6123 352.4440  1.86232842 25865
COSMOS 2544             
1 44850U 19088A   23257.93423906  .00000057  00000+0  00000+0 0  9992
2 44850  65.0816 107.4368 0011224 250.9679 109.0071  2.13102294 29278
BEIDOU-3 M19            
1 44864U 19090A   23257.31515883  .00000031  00000+0  00000+0 0  9990
2 44864  55.7123  96.3173 0015281 275.4347 200.7646  1.86232024 25481
BEIDOU-3 M20            
1 44865U 19090B   23258.48427667  .00000031  00000+0  00000+0 0  9992
2 44865  55.7150  96.3111 0013118 290.6796 339.1417  1.86231964 25483
BEIDOU-3 G2             
1 45344U 20017A   23258.53660226 -.00000140  00000+0  00000+0 0  9994
2 45344   2.0547  16.7309 0003111 161.6033  89.1301  1.00272302 13173
COSMOS 2545             
1 45358U 20018A   23258.13101005 -.00000071  00000+0  00000+0 0  9994
2 45358  64.8402 347.5491 0010321 238.2294 121.7172  2.13102648 27222
BEIDOU-3 G3             
1 45807U 20040A   23258.56744993 -.00000354  00000+0  00000+0 0  9998
2 45807   0.6076 345.9489 0006008 328.6228 354.5597  1.00270391 11982
NAVSTAR 79 (USA 304)    
1 45854U 20041A   23258.53577913 -.00000010  00000+0  00000+0 0  9993
2 45854  55.8927  68.2817 0036573 186.4277 129.3605  2.00563447 23861
GALAXY 30 (G-30)        
1 46114U 20056C   23258.37703098  .00000036  00000+0  00000+0 0  9993
2 46114   0.0221 177.7796 0002114 355.6948 191.3373  1.00271006 11203
COSMOS 2547             
1 46805U 20075A   23258.31990574  .00000026  00000+0  00000+0 0  9991
2 46805  64.6154 226.1342 0008367 244.0298 115.8603  2.13102928 22471
NAVSTAR 80 (USA 309)    
1 46826U 20078A   23258.36352326  .00000018  00000+0  00000+0 0  9990
2 46826  54.3078 251.6161 0036133 194.9769 331.9580  2.00562906 21336
NAVSTAR 81 (USA 319)    
1 48859U 21054A   23258.39149600 -.00000093  00000+0  00000+0 0  9999
2 48859  55.3404  12.7846 0012529 212.2131 157.5827  2.00573268 16584
QZS-1R                  
1 49336U 21096A   23258.56289863 -.00000227  00000+0  00000+0 0  9990
2 49336  35.3744  94.7433 0743748 269.5243 326.5902  1.00289764  6928
GSAT0223 (GALILEO 27)   
1 49809U 21116A   23254.47783885 -.00000104  00000+0  00000+0 0  9991
2 49809  57.2800   8.9075 0003509 182.5037 176.6685  1.70476482 10960
GSAT0224 (GALILEO 28)   
1 49810U 21116B   23257.82102084 -.00000092  00000+0  00000+0 0  9997
2 49810  57.2808   8.8163 0002843 175.5101 187.9356  1.70476487 11057
COSMOS 2557             
1 52984U 22075A   23257.07477499 -.00000078  00000+0  00000+0 0  9994
2 52984  64.7574 349.7439 0012107 275.2945  84.6073  2.13102429  9255
COSMOS 2559             
1 54031U 22130A   23257.48604662 -.00000076  00000+0  00000+0 0  9998
2 54031  64.7286 349.8568 0007307 218.4705 141.5184  2.13101662  7233
COSMOS 2564             
1 54377U 22161A   23258.14835831  .00000024  00000+0  00000+0 0  9995
2 54377  64.7563 226.1949 0010653 225.9981 133.8906  2.13102200  6190
NAVSTAR 82 (USA 343)    
1 55268U 23009A   23256.08302088 -.00000024  00000+0  00000+0 0  9992
2 55268  55.0881 188.0713 0004460  90.9394  92.8330  2.00555282  5022
BEIDOU-3 G4             
1 56564U 23066A   23258.53273366 -.00000115  00000+0  00000+0 0  9994
2 56564   2.8190 288.7520 0006697 214.6756 202.6072  1.00273202  1310
IRNSS-1J (NVS-01)       
1 56759U 23076A   23258.54193147 -.00000343  00000+0  00000+0 0  9993
2 56759   4.7132 271.8581 0006206 336.2529  70.6899  1.00269090  1037
