NAVSTAR 43 (USA 132)    
1 24876U 97035A   23278.50840824 -.00000005  00000+0  00000+0 0  9998
2 24876  55.5947 137.1264 0073842  53.0025 307.7528  2.00564335192188
NAVSTAR 47 (USA 150)    
1 26360U 00025A   23278.38697778 -.00000046  00000+0  00000+0 0  9990
2 26360  54.4596  59.3316 0041750 200.9564 161.7591  2.00568662171501
NAVSTAR 51 (USA 166)    
1 27663U 03005A   23278.64191806  .00000019  00000+0  00000+0 0  9997
2 27663  55.2305 254.1645 0132967  44.8443 121.1655  2.00564232151549
NAVSTAR 52 (USA 168)    
1 27704U 03010A   23278.62908174 -.00000116  00000+0  00000+0 0  9990
2 27704  55.1153   4.1084 0249655 319.4663  56.6591  2.00576487150346
NAVSTAR 54 (USA 177)    
1 28190U 04009A   23278.26777185 -.00000059  00000+0  00000+0 0  9991
2 28190  55.6665 315.2389 0092537 140.0717 272.2700  2.00566418143170
NAVSTAR 56 (USA 180)    
1 28474U 04045A   23278.64438955 -.00000115  00000+0  00000+0 0  9990
2 28474  55.4426   4.4399 0162985 283.1849  95.5598  2.00555897138664
ANIK F1R                
1 28868U 05036A   23278.56687598 -.00000083  00000+0  00000+0 0  9992
2 28868   1.7686  88.6106 0001921  71.1539 310.9970  1.00272928 36571
NAVSTAR 57 (USA 183)    
1 28874U 05038A   23278.24642258 -.00000054  00000+0  00000+0 0  9998
2 28874  55.7173 312.6926 0140196 280.0394 139.2544  2.00573431132060
INMARSAT 4-F2           
1 28899U 05044A   23278.52503888  .00000003  00000+0  00000+0 0  9991
2 28899   3.8893  40.9090 0003048 171.6374  54.3221  1.00271931 65636
NAVSTAR 58 (USA 190)    
1 29486U 06042A   23276.87713505 -.00000002  00000+0  00000+0 0  9998
2 29486  54.6816 190.4853 0103791  33.1076  18.6628  2.00568122124590
NAVSTAR 59 (USA 192)    
1 29601U 06052A   23278.22377769  .00000020  00000+0  00000+0 0  9996
2 29601  55.2525 253.1423 0083697  79.4796 281.4477  2.00551245123631
NAVSTAR 60 (USA 196)    
1 32260U 07047A   23278.03960418 -.00000002  00000+0  00000+0 0  9995
2 32260  53.4792 120.8675 0152377  71.4118 290.3083  2.00550059117034
COSMOS 2433             
1 32275U 07052A   23278.47282863 -.00000091  00000+0  00000+0 0  9994
2 32275  66.0130 348.9006 0004690 232.0955 127.9180  2.13104142124050
COSMOS 2432             
1 32276U 07052B   23278.54137844 -.00000091  00000+0  00000+0 0  9991
2 32276  66.0275 349.0076 0009170 313.6356  45.9304  2.13103269124077
NAVSTAR 61 (USA 199)    
1 32384U 07062A   23278.43777750 -.00000054  00000+0  00000+0 0  9995
2 32384  55.8498 313.5107 0024564 151.9579 266.5277  2.00560390115747
COSMOS 2434             
1 32393U 07065A   23278.37814090  .00000020  00000+0  00000+0 0  9992
2 32393  64.3341 225.2514 0001237  68.1811 110.4680  2.13103074122761
COSMOS 2436             
1 32395U 07065C   23277.77067657  .00000025  00000+0  00000+0 0  9991
2 32395  64.3429 225.3339 0016096 356.1432 211.9584  2.13102733122709
NAVSTAR 62 (USA 201)    
1 32711U 08012A   23277.95276452 -.00000016  00000+0  00000+0 0  9992
2 32711  54.4493 189.2666 0177712 236.0426 122.2944  2.00558190113976
NAVSTAR 64 (USA 206)    
1 35752U 09043A   23278.44635552 -.00000031  00000+0  00000+0 0  9997
2 35752  55.4611  66.4753 0057865  69.8660 303.0616  2.00556234103597
COSMOS 2456             
1 36111U 09070A   23278.41173781  .00000030  00000+0  00000+0 0  9993
2 36111  64.5036 104.7388 0001444 340.9371  22.2152  2.13099209107422
COSMOS 2457             
1 36112U 09070B   23278.48586499  .00000031  00000+0  00000+0 0  9996
2 36112  64.4880 104.6008 0006424 146.7850  44.2654  2.13101386107425
COSMOS 2460             
1 36402U 10007C   23278.24688422 -.00000090  00000+0  00000+0 0  9999
2 36402  65.8750 347.6183 0001848 219.1863 137.2790  2.13106305105715
NAVSTAR 65 (USA 213)    
1 36585U 10022A   23278.50327653  .00000017  00000+0  00000+0 0  9991
2 36585  54.5525 248.3279 0110369  59.6996 111.5966  2.00563575 97822
BEIDOU-2 IGSO-1         
1 36828U 10036A   23277.65734560 -.00000121  00000+0  00000+0 0  9997
2 36828  54.2341 171.8982 0036646 187.3357 354.8899  1.00244915 48311
QZS-1 (MICHIBIKI-1)     
1 37158U 10045A   23278.06477624  .00000005  00000+0  00000+0 0  9995
2 37158  42.9108 127.3204 0003552 103.6092  78.6654  0.87715596 47741
BEIDOU-2 G4             
1 37210U 10057A   23278.58416576 -.00000120  00000+0  00000+0 0  9992
2 37210   1.2459  62.2411 0007209 162.6055 159.4477  1.00272915 47404
BEIDOU-2 IGSO-2         
1 37256U 10068A   23277.58319244 -.00000186  00000+0  00000+0 0  9999
2 37256  49.3548 283.9362 0032213 213.2749 194.2020  1.00274192 46903
BEIDOU-2 IGSO-3         
1 37384U 11013A   23277.82346156 -.00000180  00000+0  00000+0 0  9995
2 37384  60.9858  49.5991 0028187 176.2656 192.0293  1.00274038 45773
GSAT-8                  
1 37605U 11022A   23278.49077196  .00000076  00000+0  00000+0 0  9993
2 37605   0.0255  80.7509 0006870 170.7460 354.1759  1.00271105 45358
NAVSTAR 66 (USA 232)    
1 37753U 11036A   23278.17824853 -.00000112  00000+0  00000+0 0  9999
2 37753  56.7473  10.2725 0126863  56.3626 326.6166  2.00568855 89501
BEIDOU-2 IGSO-4         
1 37763U 11038A   23277.80962752 -.00000121  00000+0  00000+0 0  9992
2 37763  54.5075 174.4423 0111978 227.7324 357.7787  1.00267945 44751
GSAT0101 (GALILEO-PFM)  
1 37846U 11060A   23277.21257625 -.00000111  00000+0  00000+0 0  9999
2 37846  57.1122   8.4914 0000578  60.4320 299.6026  1.70475916 74295
GSAT0102 (GALILEO-FM2)  
1 37847U 11060B   23277.76000083 -.00000111  00000+0  00000+0 0  9994
2 37847  57.1130   8.4766 0001722 306.1584  76.0509  1.70475330 74310
COSMOS 2476             
1 37867U 11064A   23275.89638453  .00000023  00000+0  00000+0 0  9991
2 37867  64.7818 106.3632 0021245 230.5733 272.4659  2.13101733 92709
COSMOS 2477             
1 37868U 11064B   23278.29590831  .00000030  00000+0  00000+0 0  9994
2 37868  64.7902 106.3515 0018454 230.5642 131.1758  2.13101656 92751
COSMOS 2475             
1 37869U 11064C   23278.13775521  .00000028  00000+0  00000+0 0  9996
2 37869  64.7972 106.3694 0022417 249.1569 309.7677  2.13101968 92754
BEIDOU-2 IGSO-5         
1 37948U 11073A   23278.48873877 -.00000130  00000+0  00000+0 0  9990
2 37948  49.4791 283.5948 0095002 220.7675 140.8594  1.00265601 43257
LUCH-5A                 
1 37951U 11074B   23278.58817639 -.00000055  00000+0  00000+0 0  9996
2 37951   6.2230  89.1531 0004294  94.6018 208.9150  1.00271406 43164
BEIDOU-2 G5             
1 38091U 12008A   23278.52399461  .00000049  00000+0  00000+0 0  9994
2 38091   1.7837  68.9049 0005531 179.5205  12.8352  1.00271149 42482
BEIDOU-2 M3             
1 38250U 12018A   23277.80489480 -.00000105  00000+0  00000+0 0  9997
2 38250  56.4941 337.8641 0024613 257.0832 102.6988  1.86231200 77577
BEIDOU-2 M4             
1 38251U 12018B   23277.73620596 -.00000104  00000+0  00000+0 0  9994
2 38251  56.4046 337.1572 0015487 257.4638 102.4201  1.86231916 77577
SES-5                   
1 38652U 12036A   23278.29834494  .00000025  00000+0  00000+0 0  9996
2 38652   0.0491 301.9469 0001970 259.2466 284.9096  1.00270782 34601
BEIDOU-2 M6             
1 38775U 12050B   23276.90904099 -.00000004  00000+0  00000+0 0  9991
2 38775  55.7142  95.7754 0010888 340.2373  19.7556  1.86231239 75279
GSAT-10                 
1 38779U 12051B   23278.56368740 -.00000174  00000+0  00000+0 0  9995
2 38779   0.0307 109.6963 0003248 140.4610  49.7616  1.00273192 40230
NAVSTAR 67 (USA 239)    
1 38833U 12053A   23278.12846910 -.00000021  00000+0  00000+0 0  9991
2 38833  53.5105 183.9349 0144021  52.5728 308.7744  2.00567744 79660
GSAT0103 (GALILEO-FM3)  
1 38857U 12055A   23277.25176016  .00000014  00000+0  00000+0 0  9996
2 38857  55.2938 128.6697 0002181 251.5092 108.5516  1.70473729 68325
GSAT0104 (GALILEO-FM4)  
1 38858U 12055B   23277.80775423  .00000015  00000+0  00000+0 0  9996
2 38858  55.2939 128.6559 0000935 142.9915 217.0979  1.70473989 68198
BEIDOU-2 G6             
1 38953U 12059A   23278.56368740 -.00000184  00000+0  00000+0 0  9998
2 38953   1.9048  81.8080 0006752 302.4856 276.6868  1.00271768 40026
LUCH-5B                 
1 38977U 12061A   23278.20257771 -.00000142  00000+0  00000+0 0  9993
2 38977   8.3242  58.8637 0005820 128.7079 242.6908  1.00271508 39738
COSMOS 2485             
1 39155U 13019A   23277.52893339  .00000025  00000+0  00000+0 0  9995
2 39155  64.9420 106.8379 0021795 226.4618 133.4075  2.13101919 81253
NAVSTAR 68 (USA 242)    
1 39166U 13023A   23277.49280280 -.00000051  00000+0  00000+0 0  9993
2 39166  55.3328 308.9062 0114883  41.5862 319.3293  2.00564258 76096
IRNSS-1A                
1 39199U 13034A   23278.52329844  .00000085  00000+0  00000+0 0  9992
2 39199  33.4967  78.2276 0021160 180.0002 359.1458  1.00275560 37481
NAVSTAR 69 (USA 248)    
1 39533U 14008A   23277.99147819 -.00000018  00000+0  00000+0 0  9993
2 39533  53.5972 189.5025 0067096 215.5685 144.0197  2.00553416 69902
ASTRA 5B                
1 39617U 14011B   23278.51703279  .00000127  00000+0  00000+0 0  9997
2 39617   0.0864 299.6749 0003793 274.5717   9.3282  1.00263627 34780
COSMOS 2492             
1 39620U 14012A   23278.42296612 -.00000090  00000+0  00000+0 0  9990
2 39620  65.7584 347.2264 0012348 312.1081  47.8443  2.13103171 74234
IRNSS-1B                
1 39635U 14017A   23278.52329844  .00000100  00000+0  00000+0 0  9997
2 39635  28.6453 257.1420 0018890 190.9377 169.2822  1.00275220 34915
LUCH-5V                 
1 39727U 14023A   23278.60424613 -.00000277  00000+0  00000+0 0  9991
2 39727   2.6528  77.1474 0004112 154.1863  94.9575  1.00270358 34472
NAVSTAR 70 (USA 251)    
1 39741U 14026A   23278.27299780 -.00000112  00000+0  00000+0 0  9996
2 39741  56.6994   9.7909 0029971 309.8030  49.9634  2.00555024 68765
COSMOS 2500             
1 40001U 14032A   23278.13658950 -.00000090  00000+0  00000+0 0  9992
2 40001  65.6966 347.0610 0008501 207.2760 152.7367  2.13105933 72449
NAVSTAR 71 (USA 256)    
1 40105U 14045A   23277.85752831 -.00000001  00000+0  00000+0 0  9994
2 40105  54.8242 127.8520 0026918 114.1301 246.2278  2.00549027 66292
GSAT0201 (GALILEO 5)    
1 40128U 14050A   23278.06566564 -.00000073  00000+0  00000+0 0  9994
2 40128  49.9078 313.3369 1607884 141.5421 231.1042  1.85519413 60022
GSAT0202 (GALILEO 6)    
1 40129U 14050B   23277.24695330 -.00000075  00000+0  00000+0 0  9990
2 40129  49.9275 312.4417 1605797 142.3216 230.1030  1.85520064 62176
IRNSS-1C                
1 40269U 14061A   23278.56368740 -.00000170  00000+0  00000+0 0  9991
2 40269   4.0371 111.7568 0019917   5.8238 182.3487  1.00272537 32803
NAVSTAR 72 (USA 258)    
1 40294U 14068A   23276.73710228 -.00000033  00000+0  00000+0 0  9993
2 40294  56.2040  69.3080 0049113  62.6393 297.8615  2.00573757 65400
COSMOS 2501             
1 40315U 14075A   23277.91756098  .00000022  00000+0  00000+0 0  9998
2 40315  63.6373 224.5941 0019477 210.1200 149.7604  2.13101281 68839
NAVSTAR 73 (USA 260)    
1 40534U 15013A   23278.37131549  .00000014  00000+0  00000+0 0  9994
2 40534  53.4509 245.0038 0081931  25.8286 334.5589  2.00552791 62050
GSAT0203 (GALILEO 7)    
1 40544U 15017A   23272.29929207 -.00000102  00000+0  00000+0 0  9999
2 40544  56.9059   8.5936 0003937 234.5687 125.4158  1.70476049 52956
GSAT0204 (GALILEO 8)    
1 40545U 15017B   23277.24568794 -.00000111  00000+0  00000+0 0  9990
2 40545  56.9135   8.4737 0004250 221.0043 138.9926  1.70475700 15422
IRNSS-1D                
1 40547U 15018A   23278.34910535 -.00000287  00000+0  00000+0 0  9993
2 40547  28.0120 257.1115 0019065 187.8173 166.3002  1.00273897 31091
BEIDOU-3S IGSO-1S       
1 40549U 15019A   23278.53974772 -.00000135  00000+0  00000+0 0  9992
2 40549  51.0430 307.2026 0040941 197.1617 155.1452  1.00250353 31182
NAVSTAR 74 (USA 262)    
1 40730U 15033A   23278.03454805 -.00000046  00000+0  00000+0 0  9996
2 40730  54.8202 307.4837 0086365  13.9542 346.3283  2.00553650 60215
BEIDOU-3S M2S           
1 40748U 15037A   23278.47560906 -.00000102  00000+0  00000+0 0  9990
2 40748  55.6436 335.7126 0012381 245.5909 114.3363  1.86233176 55761
BEIDOU-3S M1S           
1 40749U 15037B   23277.67185551 -.00000103  00000+0  00000+0 0  9992
2 40749  55.6471 335.7261 0004456 295.3923  64.6184  1.86232937 55755
GSAT0205 (GALILEO 9)    
1 40889U 15045A   23278.18681648  .00000009  00000+0  00000+0 0  9995
2 40889  55.3485 248.8439 0004039   4.1141 355.8614  1.70473137 50208
GSAT0206 (GALILEO 10)   
1 40890U 15045B   23276.64772219  .00000009  00000+0  00000+0 0  9991
2 40890  55.3484 248.8819 0002621 336.6508  23.3033  1.70473149 50201
BEIDOU-3S IGSO-2S       
1 40938U 15053A   23277.95800727 -.00000120  00000+0  00000+0 0  9999
2 40938  50.7636 270.3866 0047848 194.5439 349.9293  1.00276285 29462
NAVSTAR 75 (USA 265)    
1 41019U 15062A   23277.58752359 -.00000029  00000+0  00000+0 0  9994
2 41019  56.1879  69.1253 0090459 221.2278 138.0907  2.00562313 58047
GSAT-15                 
1 41028U 15065A   23278.60556885 -.00000268  00000+0  00000+0 0  9992
2 41028   0.0288 108.2435 0002393  80.3011 136.9843  1.00273852 28910
GSAT0209 (GALILEO 12)   
1 41174U 15079A   23277.40597112  .00000015  00000+0  00000+0 0  9993
2 41174  55.3119 128.3727 0002271 342.3418  17.7341  1.70474172 48536
GSAT0208 (GALILEO 11)   
1 41175U 15079B   23277.03901922  .00000015  00000+0  00000+0 0  9991
2 41175  55.3101 128.3808 0001827 353.1930   6.8897  1.70474087 48364
IRNSS-1E                
1 41241U 16003A   23278.57815912 -.00000293  00000+0  00000+0 0  9995
2 41241  31.0492  77.3227 0020959 179.6661  76.9850  1.00277316 28194
NAVSTAR 76 (USA 266)    
1 41328U 16007A   23277.67750212 -.00000001  00000+0  00000+0 0  9993
2 41328  55.0274 128.6444 0071856 233.6182 125.7928  2.00574311 56057
COSMOS 2514             
1 41330U 16008A   23277.89901112 -.00000089  00000+0  00000+0 0  9994
2 41330  65.4936 346.6428 0012361 212.7675 147.2135  2.13102609 59609
IRNSS-1F                
1 41384U 16015A   23278.51877325  .00000151  00000+0  00000+0 0  9998
2 41384   2.9965 128.3449 0018970 173.3309 291.5777  1.00264956 27780
BEIDOU-2 IGSO-6         
1 41434U 16021A   23278.31696778 -.00000158  00000+0  00000+0 0  9998
2 41434  58.8014  47.9504 0048203 218.7974 317.9151  1.00277002 27597
IRNSS-1G                
1 41469U 16027A   23278.56816693 -.00000342  00000+0  00000+0 0  9994
2 41469   2.8855 129.9343 0001411 355.4151 222.7432  1.00274946 27291
GSAT0211 (GALILEO 14)   
1 41549U 16030A   23277.15999922  .00000009  00000+0  00000+0 0  9997
2 41549  55.4954 248.8513 0004014 318.1246  41.8129  1.70473239 45844
GSAT0210 (GALILEO 13)   
1 41550U 16030B   23278.03807989  .00000009  00000+0  00000+0 0  9998
2 41550  55.4943 248.8283 0003906 283.2677  76.6604  1.70473493 45854
COSMOS 2516             
1 41554U 16032A   23276.60512815  .00000028  00000+0  00000+0 0  9997
2 41554  63.8639 225.0488 0015270 213.8914 145.9993  2.13106361 57182
BEIDOU-2 G7             
1 41586U 16037A   23278.55501942 -.00000362  00000+0  00000+0 0  9994
2 41586   1.9447  68.8310 0006730 338.3141 277.1984  1.00270195 26906
EUTELSAT 117 WEST B     
1 41589U 16038B   23278.64060844 -.00000020  00000+0  00000+0 0  9990
2 41589   0.0044  33.5991 0000126 103.0418 351.0359  1.00271077 26787
GSAT0207 (GALILEO 15)   
1 41859U 16069A   23277.69979114  .00000014  00000+0  00000+0 0  9999
2 41859  54.9751 128.4288 0002080 314.2677  45.7982  1.70474180 42589
GSAT0212 (GALILEO 16)   
1 41860U 16069B   23276.96783936  .00000014  00000+0  00000+0 0  9995
2 41860  54.9723 128.4461 0001957  19.1169 340.9759  1.70474298 42821
GSAT0213 (GALILEO 17)   
1 41861U 16069C   23277.92071572  .00000014  00000+0  00000+0 0  9999
2 41861  54.9750 128.4257 0001978 268.6838  91.3761  1.70473009 42708
GSAT0214 (GALILEO 18)   
1 41862U 16069D   23278.06798333  .00000015  00000+0  00000+0 0  9998
2 41862  54.9730 128.4155 0001008 272.4261  87.6447  1.70472886 42836
SES-15                  
1 42709U 17026A   23278.63301133  .00000051  00000+0  00000+0 0  9994
2 42709   0.0360  23.3899 0000296 192.3698 257.0339  1.00265756 24267
QZS-2 (MICHIBIKI-2)     
1 42738U 17028A   23278.25544279 -.00000192  00000+0  00000+0 0  9993
2 42738  40.9957 257.4265 0747733 270.5036  77.4630  1.00256668 23258
QZS-3 (MICHIBIKI-3)     
1 42917U 17048A   23278.56570694 -.00000357  00000+0  00000+0 0  9991
2 42917   0.0771 138.5397 0002076  79.1492 126.9267  1.00267507 22378
COSMOS 2522             
1 42939U 17055A   23278.20987225  .00000021  00000+0  00000+0 0  9993
2 42939  64.0979 225.5277 0008811 242.8606 117.0416  2.13102032 46969
QZS-4 (MICHIBIKI-4)     
1 42965U 17062A   23278.54181354 -.00000349  00000+0  00000+0 0  9990
2 42965  40.6229 356.0483 0749820 269.8921  82.6476  1.00272471 21939
BEIDOU-3 M1             
1 43001U 17069A   23277.21229996 -.00000003  00000+0  00000+0 0  9994
2 43001  55.8660  95.8275 0007182 298.9210  61.0419  1.86231598 40227
BEIDOU-3 M2             
1 43002U 17069B   23276.07518326 -.00000004  00000+0  00000+0 0  9997
2 43002  55.8643  95.9023 0005496 333.9207  26.0884  1.86231183 40196
GSAT0215 (GALILEO 19)   
1 43055U 17079A   23276.79666467  .00000009  00000+0  00000+0 0  9999
2 43055  55.4721 248.6867 0003417 277.0840  82.8438  1.70473895 36159
GSAT0216 (GALILEO 20)   
1 43056U 17079B   23278.26173872  .00000009  00000+0  00000+0 0  9997
2 43056  55.4718 248.6463 0004971 281.4744  78.4421  1.70474054 36191
GSAT0217 (GALILEO 21)   
1 43057U 17079C   23276.72234319  .00000009  00000+0  00000+0 0  9991
2 43057  55.4705 248.6877 0004466 292.9432  66.9760  1.70473990 36159
GSAT0218 (GALILEO 22)   
1 43058U 17079D   23278.11557241  .00000009  00000+0  00000+0 0  9999
2 43058  55.4699 248.6469 0005404 277.8551  82.0553  1.70473981 36201
BEIDOU-3 M7             
1 43107U 18003A   23277.43676819 -.00000105  00000+0  00000+0 0  9997
2 43107  55.1006 336.4512 0002846  74.1800 285.9076  1.86232475 38970
BEIDOU-3 M8             
1 43108U 18003B   23277.37511888 -.00000105  00000+0  00000+0 0  9995
2 43108  55.0937 336.4402 0004595 248.7637 111.2435  1.86230938 38984
BEIDOU-3 M4             
1 43207U 18018A   23276.20641779 -.00000004  00000+0  00000+0 0  9993
2 43207  55.8241  95.9591 0004343  20.2189 339.8349  1.86231496 38344
BEIDOU-3 M3             
1 43208U 18018B   23277.88393316  .00000001  00000+0  00000+0 0  9996
2 43208  55.8247  95.9075 0005100 317.7734  42.2226  1.86231514 38373
BEIDOU-3 M9             
1 43245U 18029A   23277.03277858 -.00000102  00000+0  00000+0 0  9991
2 43245  54.9938 334.1959 0001861 235.6030 124.4365  1.86232692 37517
BEIDOU-3 M10            
1 43246U 18029B   23278.03665515 -.00000101  00000+0  00000+0 0  9993
2 43246  54.9906 334.1903 0002956 343.2820  16.7645  1.86232944 37526
IRNSS-1I                
1 43286U 18035A   23277.96485806  .00000092  00000+0  00000+0 0  9996
2 43286  29.3222  89.6999 0021139 176.4274 149.6494  1.00271969 20185
COSMOS 2527             
1 43508U 18053A   23278.16860302  .00000029  00000+0  00000+0 0  9994
2 43508  65.1041 106.9152 0007507 213.5881 146.4152  2.13102485 41262
BEIDOU-2 IGSO-7         
1 43539U 18057A   23278.62243543 -.00000145  00000+0  00000+0 0  9995
2 43539  55.1179 171.5851 0063923 230.4322 309.9764  1.00274236 19262
GSAT0221 (GALILEO 25)   
1 43564U 18060A   23273.32270937 -.00000104  00000+0  00000+0 0  9991
2 43564  57.2877   8.5008 0003568 254.1728 105.8116  1.70476119 32274
GSAT0222 (GALILEO 26)   
1 43565U 18060B   23277.64693084 -.00000111  00000+0  00000+0 0  9991
2 43565  57.2917   8.3852 0004153 222.8064 137.1905  1.70475954 32394
GSAT0219 (GALILEO 23)   
1 43566U 18060C   23276.10946754 -.00000110  00000+0  00000+0 0  9996
2 43566  57.2907   8.4289 0003079 258.3568 101.6372  1.70476034 32347
GSAT0220 (GALILEO 24)   
1 43567U 18060D   23269.87746300 -.00000095  00000+0  00000+0 0  9990
2 43567  57.2899   8.5973 0002790 251.5228 108.4649  1.70475635 32221
BEIDOU-3 M5             
1 43581U 18062A   23277.71992307  .00000003  00000+0  00000+0 0  9998
2 43581  54.1714 215.8767 0004343 289.2108  70.7356  1.86231957 35261
BEIDOU-3 M6             
1 43582U 18062B   23277.58618638  .00000004  00000+0  00000+0 0  9997
2 43582  54.1711 215.8708 0005503   7.1764 352.8247  1.86229844 35263
BEIDOU-3 M12            
1 43602U 18067A   23278.05915785 -.00000002  00000+0  00000+0 0  9990
2 43602  54.2586 214.5130 0007362  16.7046 343.3152  1.86231507 34758
BEIDOU-3 M11            
1 43603U 18067B   23278.19298751 -.00000003  00000+0  00000+0 0  9994
2 43603  54.2556 214.4742 0004342   4.6304 355.3694  1.86231473 34781
BEIDOU-3 M13            
1 43622U 18072A   23278.15194436  .00000002  00000+0  00000+0 0  9990
2 43622  55.7950  95.4339 0003979 292.1781  67.8146  1.86231555 34297
BEIDOU-3 M14            
1 43623U 18072B   23278.55435189  .00000006  00000+0  00000+0 0  9992
2 43623  55.7974  95.4132 0002335 350.2060   9.8250  1.86231562 34296
BEIDOU-3 M16            
1 43647U 18078A   23278.18060946 -.00000101  00000+0  00000+0 0  9995
2 43647  54.8895 334.2768 0005997   3.1612 356.8988  1.86227324 33795
BEIDOU-3 M15            
1 43648U 18078B   23277.23649870 -.00000102  00000+0  00000+0 0  9991
2 43648  54.8858 334.3130 0002752   8.7113 351.3503  1.86232284 33796
BEIDOU-3 G1             
1 43683U 18085A   23278.58104920 -.00000287  00000+0  00000+0 0  9993
2 43683   1.5826 122.2531 0002035   7.7538 233.1832  1.00267951 18174
COSMOS 2529             
1 43687U 18086A   23278.26787566  .00000022  00000+0  00000+0 0  9992
2 43687  64.3132 225.9695 0010490 263.6146  96.2577  2.13102039 38276
BEIDOU-3 M17            
1 43706U 18093A   23276.84742785  .00000010  00000+0  00000+0 0  9995
2 43706  54.2541 215.8259 0009494 283.7160  76.1698  1.86232001 33150
BEIDOU-3 M18            
1 43707U 18093B   23278.32459413 -.00000004  00000+0  00000+0 0  9998
2 43707  54.2546 215.7674 0008003 311.8892  48.0367  1.86229896 33177
NAVSTAR 77 (USA 289)    
1 43873U 18109A   23277.99429934 -.00000002  00000+0  00000+0 0  9995
2 43873  55.2025 131.1531 0026225 190.0709 293.4605  2.00569998 35290
BEIDOU-3 IGSO-1         
1 44204U 19023A   23277.93513216 -.00000213  00000+0  00000+0 0  9995
2 44204  57.2676  47.9208 0023970 195.9306 226.0683  1.00273465 16476
BEIDOU-2 G8             
1 44231U 19027A   23278.57465612 -.00000255  00000+0  00000+0 0  9992
2 44231   2.0349  80.9960 0006965 135.1018 149.2998  1.00274443 16195
COSMOS 2534             
1 44299U 19030A   23278.32660455  .00000021  00000+0  00000+0 0  9995
2 44299  64.3860 225.8967 0012781 283.4575 255.7320  2.13101935 33914
BEIDOU-3 IGSO-2         
1 44337U 19035A   23278.62474148 -.00000145  00000+0  00000+0 0  9996
2 44337  55.1518 167.5169 0032894 195.7509 354.9759  1.00265053 15780
NAVSTAR 78 (USA 293)    
1 44506U 19056A   23276.49299999 -.00000110  00000+0  00000+0 0  9991
2 44506  55.8248  10.2866 0037838 186.7662 191.8053  2.00566064 30268
BEIDOU-3 M24            
1 44542U 19061A   23277.32215420  .00000007  00000+0  00000+0 0  9991
2 44542  54.4812 216.0458 0008510 347.0468  12.9236  1.86231512 27413
BEIDOU-3 M23            
1 44543U 19061B   23277.77040833  .00000003  00000+0  00000+0 0  9991
2 44543  54.4799 215.9995 0005711 333.3633 239.0679  1.86231872 27427
BEIDOU-3 IGSO-3         
1 44709U 19073A   23277.44012052 -.00000166  00000+0  00000+0 0  9995
2 44709  56.4857 291.4341 0035011 190.8259 169.1133  1.00272968 14564
BEIDOU-3 M22            
1 44793U 19078A   23278.24145370 -.00000101  00000+0  00000+0 0  9991
2 44793  54.7378 334.2380 0004765  10.6670 349.3991  1.86232249 26281
BEIDOU-3 M21            
1 44794U 19078B   23277.83499715 -.00000102  00000+0  00000+0 0  9992
2 44794  54.7118 334.2336 0002852 355.7733   4.2803  1.86232677 26287
COSMOS 2544             
1 44850U 19088A   23277.17384479  .00000023  00000+0  00000+0 0  9994
2 44850  65.0898 106.7909 0011127 248.7409 111.1910  2.13102225 29684
BEIDOU-3 M19            
1 44864U 19090A   23278.62625188  .00000006  00000+0  00000+0 0  9999
2 44864  55.7300  95.6026 0015163 274.0852  90.1865  1.86231873 25881
BEIDOU-3 M20            
1 44865U 19090B   23278.14799010  .00000002  00000+0  00000+0 0  9999
2 44865  55.7313  95.6513 0012891 289.4247 203.9752  1.86231813 25850
BEIDOU-3 G2             
1 45344U 20017A   23278.45663910 -.00000150  00000+0  00000+0 0  9991
2 45344   2.0686  17.8181 0003299 183.9684  56.5199  1.00272704 13374
COSMOS 2545             
1 45358U 20018A   23277.83994769 -.00000090  00000+0  00000+0 0  9990
2 45358  64.8339 346.8650 0011047 241.1094 118.8370  2.13102588 27643
BEIDOU-3 G3             
1 45807U 20040A   23278.55492726 -.00000363  00000+0  00000+0 0  9993
2 45807   0.5948 350.5778 0007756 316.6715  17.0758  1.00273456 12189
NAVSTAR 79 (USA 304)    
1 45854U 20041A   23278.54697372 -.00000027  00000+0  00000+0 0  9996
2 45854  55.9106  67.4917 0037359 187.0433 177.7442  2.00562816 24278
GALAXY 30 (G-30)        
1 46114U 20056C   23278.55655125  .00000028  00000+0  00000+0 0  9993
2 46114   0.0163 235.1075 0002616 326.2021 248.0336  1.00271287 11402
COSMOS 2547             
1 46805U 20075A   23277.55949793  .00000026  00000+0  00000+0 0  9995
2 46805  64.6135 225.4879 0007879 243.6122 116.2978  2.13102834 22886
NAVSTAR 80 (USA 309)    
1 46826U 20078A   23278.33622226  .00000017  00000+0  00000+0 0  9997
2 46826  54.2977 250.8043 0036643 194.8979 353.3563  2.00562844 21735
NAVSTAR 81 (USA 319)    
1 48859U 21054A   23278.12447740 -.00000112  00000+0  00000+0 0  9990
2 48859  55.3434  11.9932 0013197 214.5604   4.0153  2.00571965 16979
QZS-1R                  
1 49336U 21096A   23278.51988981 -.00000255  00000+0  00000+0 0  9995
2 49336  35.4180  94.4346 0745351 269.8649 331.6229  1.00282422  7124
GSAT0223 (GALILEO 27)   
1 49809U 21116A   23277.29379497 -.00000111  00000+0  00000+0 0  9994
2 49809  57.2820   8.2923 0003651 199.0596 122.7870  1.70476230 11351
GSAT0224 (GALILEO 28)   
1 49810U 21116B   23278.28085889 -.00000111  00000+0  00000+0 0  9995
2 49810  57.2828   8.2640 0002887 188.8831 131.2355  1.70476412 11394
COSMOS 2557             
1 52984U 22075A   23278.19152774 -.00000093  00000+0  00000+0 0  9993
2 52984  64.7515 349.0088 0012769 275.2602  84.6495  2.13102282  9702
COSMOS 2559             
1 54031U 22130A   23278.13361014 -.00000093  00000+0  00000+0 0  9993
2 54031  64.7227 349.1372 0007685 222.6384 137.3571  2.13101525  7672
COSMOS 2564             
1 54377U 22161A   23277.38802263  .00000027  00000+0  00000+0 0  9998
2 54377  64.7544 225.5520 0010021 224.4058 135.5043  2.13102191  6601
NAVSTAR 82 (USA 343)    
1 55268U 23009A   23275.90277778  .00000007  00000+0  00000+0 0  9991
2 55268  55.0856 187.2999 0003759  90.8584   3.1568  2.00557648  5410
BEIDOU-3 G4             
1 56564U 23066A   23278.50759972 -.00000122  00000+0  00000+0 0  9993
2 56564   2.7676 288.6847 0006114 223.2886 204.7278  1.00272156  1513
IRNSS-1J (NVS-01)       
1 56759U 23076A   23278.56550714 -.00000349  00000+0  00000+0 0  9990
2 56759   4.6601 271.4771 0007246 347.1663  88.5279  1.00272167  1230
