NAVSTAR 43 (USA 132)    
1 24876U 97035A   23252.58230731 -.00000037  00000+0  00000+0 0  9993
2 24876  55.5881 138.1398 0072793  52.4427 308.2797  2.00564154191662
NAVSTAR 47 (USA 150)    
1 26360U 00025A   23252.49167782 -.00000035  00000+0  00000+0 0  9999
2 26360  54.4374  60.3909 0041517 199.4999 184.9072  2.00570499170983
NAVSTAR 51 (USA 166)    
1 27663U 03005A   23252.61534677  .00000044  00000+0  00000+0 0  9991
2 27663  55.2436 255.1999 0132019  44.7039  48.6437  2.00565773151020
NAVSTAR 52 (USA 168)    
1 27704U 03010A   23252.19965891 -.00000116  00000+0  00000+0 0  9993
2 27704  55.1156   5.1749 0248815 318.8479  52.7887  2.00575218149819
NAVSTAR 54 (USA 177)    
1 28190U 04009A   23252.32931100 -.00000064  00000+0  00000+0 0  9995
2 28190  55.6863 316.2711 0092853 138.9325 264.2931  2.00567257142653
NAVSTAR 56 (USA 180)    
1 28474U 04045A   23252.19555640 -.00000115  00000+0  00000+0 0  9993
2 28474  55.4426   5.4980 0162063 282.4101  79.8020  2.00555144138133
ANIK F1R                
1 28868U 05036A   23252.55564498 -.00000086  00000+0  00000+0 0  9999
2 28868   1.7010  88.9698 0002459  42.8160 309.2691  1.00272278 36303
NAVSTAR 57 (USA 183)    
1 28874U 05038A   23252.24395149 -.00000059  00000+0  00000+0 0  9999
2 28874  55.7377 313.7266 0139663 279.5781  83.6746  2.00575240131543
INMARSAT 4-F2           
1 28899U 05044A   23252.08399453 -.00000001  00000+0  00000+0 0  9994
2 28899   3.8622  40.7070 0002743 143.8799 257.4283  1.00271929 65377
NAVSTAR 58 (USA 190)    
1 29486U 06042A   23252.60647375 -.00000028  00000+0  00000+0 0  9992
2 29486  54.6844 191.4468 0103243  32.2377 134.3547  2.00569496124108
NAVSTAR 59 (USA 192)    
1 29601U 06052A   23252.29601048  .00000046  00000+0  00000+0 0  9993
2 29601  55.2647 254.1721 0083310  79.4082 281.5526  2.00549899123119
NAVSTAR 60 (USA 196)    
1 32260U 07047A   23252.61060146 -.00000026  00000+0  00000+0 0  9996
2 32260  53.4669 121.9221 0151590  70.7607 290.9527  2.00551280116526
COSMOS 2433             
1 32275U 07052A   23251.72505616 -.00000101  00000+0  00000+0 0  9999
2 32275  66.0207 349.7896 0003874 220.4555 139.5432  2.13104219123481
COSMOS 2432             
1 32276U 07052B   23252.20980116 -.00000100  00000+0  00000+0 0  9995
2 32276  66.0349 349.8823 0008289 319.0431 359.8834  2.13103339123512
NAVSTAR 61 (USA 199)    
1 32384U 07062A   23252.43301771 -.00000060  00000+0  00000+0 0  9990
2 32384  55.8696 314.5409 0024854 150.6457 211.5243  2.00559124115225
COSMOS 2434             
1 32393U 07065A   23250.74110035  .00000062  00000+0  00000+0 0  9997
2 32393  64.3369 226.1897 0000277  79.2763 137.0472  2.13103099122173
COSMOS 2436             
1 32395U 07065C   23252.39109439  .00000045  00000+0  00000+0 0  9999
2 32395  64.3454 226.1954 0015784 353.0063 184.6566  2.13102812122162
NAVSTAR 62 (USA 201)    
1 32711U 08012A   23252.02592174 -.00000025  00000+0  00000+0 0  9995
2 32711  54.4518 190.2998 0177569 235.8813 122.4076  2.00557428113455
NAVSTAR 64 (USA 206)    
1 35752U 09043A   23252.51548061 -.00000022  00000+0  00000+0 0  9995
2 35752  55.4383  67.5101 0058327  69.1572 301.0133  2.00557743103072
COSMOS 2456             
1 36111U 09070A   23252.35207531  .00000013  00000+0  00000+0 0  9990
2 36111  64.4924 105.6339 0002032 336.0163 195.3110  2.13099291106866
COSMOS 2457             
1 36112U 09070B   23252.18955294  .00000011  00000+0  00000+0 0  9996
2 36112  64.4761 105.5047 0005822 147.0801  30.3907  2.13101451106864
COSMOS 2460             
1 36402U 10007C   23252.55954449 -.00000099  00000+0  00000+0 0  9999
2 36402  65.8828 348.4765 0001526 180.9476 268.8225  2.13106399105171
NAVSTAR 65 (USA 213)    
1 36585U 10022A   23252.60371701  .00000042  00000+0  00000+0 0  9995
2 36585  54.5639 249.3736 0109360  59.6681 130.8171  2.00562290 97305
BEIDOU-2 IGSO-1         
1 36828U 10036A   23252.34398442 -.00000161  00000+0  00000+0 0  9995
2 36828  54.2361 172.1269 0036642 188.8786 217.6710  1.00252136 48067
QZS-1 (MICHIBIKI-1)     
1 37158U 10045A   23249.68402778 -.00000039  00000+0  00000+0 0  9997
2 37158  43.0227 127.4265 0003098 164.9546  55.5572  0.87715049 47490
BEIDOU-2 G4             
1 37210U 10057A   23252.50813240 -.00000125  00000+0  00000+0 0  9990
2 37210   1.1871  61.1019 0006315 155.2465 114.7825  1.00271685 47148
BEIDOU-2 IGSO-2         
1 37256U 10068A   23252.52273493 -.00000161  00000+0  00000+0 0  9994
2 37256  49.3988 284.2406 0032545 212.1992 148.1958  1.00282732 46659
BEIDOU-2 IGSO-3         
1 37384U 11013A   23252.37912873 -.00000156  00000+0  00000+0 0  9996
2 37384  60.9480  49.8445 0027927 174.4664   8.4618  1.00280856 45519
GSAT-8                  
1 37605U 11022A   23252.51220414  .00000072  00000+0  00000+0 0  9997
2 37605   0.0165 119.1726 0005293 130.2142 338.3731  1.00273603 43078
NAVSTAR 66 (USA 232)    
1 37753U 11036A   23252.21802986 -.00000109  00000+0  00000+0 0  9995
2 37753  56.7445  11.2782 0127046  56.3395 301.7335  2.00568687 88976
BEIDOU-2 IGSO-4         
1 37763U 11038A   23252.27446713 -.00000151  00000+0  00000+0 0  9993
2 37763  54.5101 174.6698 0112066 228.1336 139.6268  1.00273254 44508
GSAT0101 (GALILEO-PFM)  
1 37846U 11060A   23252.57600091 -.00000108  00000+0  00000+0 0  9996
2 37846  57.1103   9.1576 0001488  75.9740 284.0446  1.70476040 73870
GSAT0102 (GALILEO-FM2)  
1 37847U 11060B   23251.31835299 -.00000108  00000+0  00000+0 0  9998
2 37847  57.1107   9.1916 0001180 338.2683  16.1685  1.70475403 73852
COSMOS 2476             
1 37867U 11064A   23252.41158042  .00000013  00000+0  00000+0 0  9994
2 37867  64.7719 107.1611 0021198 232.1331 254.1983  2.13101828 92201
COSMOS 2477             
1 37868U 11064B   23252.29662427  .00000012  00000+0  00000+0 0  9997
2 37868  64.7790 107.2345 0018402 232.4334 343.5909  2.13101720 92196
COSMOS 2475             
1 37869U 11064C   23251.42332236  .00000001  00000+0  00000+0 0  9992
2 37869  64.7857 107.2764 0022556 250.8199 333.7216  2.13102077 92181
BEIDOU-2 IGSO-5         
1 37948U 11073A   23252.54702084 -.00000114  00000+0  00000+0 0  9992
2 37948  49.5241 283.9086 0095199 220.3383 136.9782  1.00271843 42983
LUCH-5A                 
1 37951U 11074B   23252.58195806 -.00000059  00000+0  00000+0 0  9997
2 37951   6.1554  89.6025 0004478  72.2774 203.0955  1.00269010 42908
BEIDOU-2 G5             
1 38091U 12008A   23252.51290032  .00000045  00000+0  00000+0 0  9995
2 38091   1.7213  68.5064 0003475 174.3826 348.7409  1.00274824 42229
BEIDOU-2 M3             
1 38250U 12018A   23251.49402748 -.00000116  00000+0  00000+0 0  9998
2 38250  56.5087 338.7374 0023609 255.5606 104.2157  1.86231235 77088
BEIDOU-2 M4             
1 38251U 12018B   23251.42544843 -.00000115  00000+0  00000+0 0  9994
2 38251  56.4194 338.0324 0014461 255.2163 104.6625  1.86231922 77083
SES-5                   
1 38652U 12036A   23252.28726759  .00000021  00000+0  00000+0 0  9997
2 38652   0.0540 308.9307 0001767 225.0929 282.4378  1.00270350 34341
BEIDOU-2 M6             
1 38775U 12050B   23252.20929685 -.00000010  00000+0  00000+0 0  9993
2 38775  55.6944  96.6035 0011546 340.0825  19.9520  1.86231356 74465
GSAT-10                 
1 38779U 12051B   23252.62177522 -.00000177  00000+0  00000+0 0  9993
2 38779   0.0492 270.6642 0002126 342.6116  41.9671  1.00270931 39971
NAVSTAR 67 (USA 239)    
1 38833U 12053A   23252.20293575 -.00000034  00000+0  00000+0 0  9999
2 38833  53.5126 184.9941 0142295  52.0271 309.2361  2.00567312 79146
GSAT0103 (GALILEO-FM3)  
1 38857U 12055A   23252.02859947 -.00000020  00000+0  00000+0 0  9993
2 38857  55.2836 129.3638 0002660 264.8241  95.2220  1.70473794 67752
GSAT0104 (GALILEO-FM4)  
1 38858U 12055B   23251.99804904 -.00000020  00000+0  00000+0 0  9992
2 38858  55.2838 129.3662 0000289 186.1837 173.8924  1.70474047 67750
BEIDOU-2 G6             
1 38953U 12059A   23252.59771792 -.00000186  00000+0  00000+0 0  9990
2 38953   1.8383  81.9263 0006968 310.1781 255.3905  1.00268637 39769
LUCH-5B                 
1 38977U 12061A   23252.28291646 -.00000145  00000+0  00000+0 0  9995
2 38977   8.2662  59.0812 0005742 112.6368 261.9102  1.00273396 39475
COSMOS 2485             
1 39155U 13019A   23252.18890853  .00000010  00000+0  00000+0 0  9992
2 39155  64.9320 107.6933 0021716 228.0813 131.8166  2.13102028 80710
NAVSTAR 68 (USA 242)    
1 39166U 13023A   23252.56387011 -.00000049  00000+0  00000+0 0  9991
2 39166  55.3525 309.9074 0114299  41.7018 319.2299  2.00564364 75592
IRNSS-1A                
1 39199U 13034A   23252.08242812  .00000073  00000+0  00000+0 0  9991
2 39199  33.4344  78.6203 0020346 176.5021 177.7262  1.00280977 37216
NAVSTAR 69 (USA 248)    
1 39533U 14008A   23252.06405513 -.00000026  00000+0  00000+0 0  9991
2 39533  53.5998 190.5580 0067213 215.7442 143.7882  2.00551985 69380
ASTRA 5B                
1 39617U 14011B   23252.50585149  .00000125  00000+0  00000+0 0  9990
2 39617   0.0848 301.2968 0003236 255.4490 357.1368  1.00270324 34526
COSMOS 2492             
1 39620U 14012A   23250.73657357 -.00000100  00000+0  00000+0 0  9993
2 39620  65.7669 348.1554 0011405 316.0607  43.8781  2.13103190 73646
IRNSS-1B                
1 39635U 14017A   23252.08234111  .00000117  00000+0  00000+0 0  9990
2 39635  28.6964 257.5856 0019733 192.3701 342.6547  1.00276093 34643
LUCH-5V                 
1 39727U 14023A   23252.59216083 -.00000280  00000+0  00000+0 0  9995
2 39727   2.5864  77.2640 0003703 136.1996  82.8011  1.00269651 34219
NAVSTAR 70 (USA 251)    
1 39741U 14026A   23252.34560379 -.00000110  00000+0  00000+0 0  9999
2 39741  56.6971  10.7956 0029133 310.7334  49.0212  2.00556902 68244
COSMOS 2500             
1 40001U 14032A   23252.32758119 -.00000099  00000+0  00000+0 0  9992
2 40001  65.7046 347.9291 0008113 199.2193 160.7802  2.13106005 71894
NAVSTAR 71 (USA 256)    
1 40105U 14045A   23251.93037647 -.00000036  00000+0  00000+0 0  9994
2 40105  54.8141 128.8884 0025032 113.2284 247.1065  2.00578080 65777
GSAT0201 (GALILEO 5)    
1 40128U 14050A   23252.19393666 -.00000075  00000+0  00000+0 0  9993
2 40128  49.9307 314.3729 1608764 140.5614 232.3476  1.85519362 59541
GSAT0202 (GALILEO 6)    
1 40129U 14050B   23250.83632538 -.00000082  00000+0  00000+0 0  9995
2 40129  49.9511 313.4987 1606699 141.3208 231.3756  1.85520012 61680
IRNSS-1C                
1 40269U 14061A   23252.51777359 -.00000174  00000+0  00000+0 0  9992
2 40269   3.9750 112.5516 0019979  18.1550 126.9893  1.00269903 32545
NAVSTAR 72 (USA 258)    
1 40294U 14068A   23250.81209515 -.00000028  00000+0  00000+0 0  9990
2 40294  56.1807  70.3237 0049133  61.9977 298.5440  2.00572068 64887
COSMOS 2501             
1 40315U 14075A   23252.10827671  .00000046  00000+0  00000+0 0  9994
2 40315  63.6402 225.4931 0019937 211.2658 148.6076  2.13101367 68286
NAVSTAR 73 (USA 260)    
1 40534U 15013A   23252.44411057  .00000039  00000+0  00000+0 0  9996
2 40534  53.4626 246.0780 0080596  25.3450 335.0569  2.00554454 61533
GSAT0203 (GALILEO 7)    
1 40544U 15017A   23251.76887108 -.00000109  00000+0  00000+0 0  9998
2 40544  56.9055   9.1518 0003249 226.7299 133.2456  1.70476382 51949
GSAT0204 (GALILEO 8)    
1 40545U 15017B   23251.43593026 -.00000109  00000+0  00000+0 0  9996
2 40545  56.9115   9.1752 0003558 209.4142 150.5685  1.70475793 14978
IRNSS-1D                
1 40547U 15018A   23252.45172344 -.00000270  00000+0  00000+0 0  9997
2 40547  28.0651 257.5484 0019905 192.9248 172.2309  1.00272063 30848
BEIDOU-3S IGSO-1S       
1 40549U 15019A   23250.70445980 -.00000155  00000+0  00000+0 0  9997
2 40549  51.0922 307.5313 0041048 195.9597 190.1560  1.00255743 30919
NAVSTAR 74 (USA 262)    
1 40730U 15033A   23252.10722572 -.00000049  00000+0  00000+0 0  9998
2 40730  54.8413 308.5375 0085334  13.9563 346.3437  2.00555098 59695
BEIDOU-3S M2S           
1 40748U 15037A   23249.48036030 -.00000116  00000+0  00000+0 0  9990
2 40748  55.6609 336.6952 0011345 241.1649 118.7612  1.86233188 55221
BEIDOU-3S M1S           
1 40749U 15037B   23251.36131331 -.00000115  00000+0  00000+0 0  9990
2 40749  55.6628 336.6177 0003304 299.5102  60.4971  1.86232987 55260
GSAT0205 (GALILEO 9)    
1 40889U 15045A   23252.37704965  .00000039  00000+0  00000+0 0  9999
2 40889  55.3615 249.5565 0003467 358.4311   1.5787  1.70473430 49760
GSAT0206 (GALILEO 10)   
1 40890U 15045B   23252.01115170  .00000040  00000+0  00000+0 0  9998
2 40890  55.3605 249.5622 0002393 325.1409  34.8545  1.70473403 49784
BEIDOU-3S IGSO-2S       
1 40938U 15053A   23252.52029830 -.00000087  00000+0  00000+0 0  9995
2 40938  50.8015 270.6825 0048111 194.3184 166.7843  1.00282454 29215
NAVSTAR 75 (USA 265)    
1 41019U 15062A   23252.15974859 -.00000019  00000+0  00000+0 0  9990
2 41019  56.1655  70.1209 0089301 221.0253 138.3465  2.00562373 57538
GSAT-15                 
1 41028U 15065A   23252.51986317 -.00000270  00000+0  00000+0 0  9994
2 41028   0.0513 274.0937 0001827 240.9835 113.8852  1.00272242 28656
GSAT0209 (GALILEO 12)   
1 41174U 15079A   23252.18286187 -.00000019  00000+0  00000+0 0  9993
2 41174  55.3013 129.0665 0002990 332.4568  27.6048  1.70474151 47521
GSAT0208 (GALILEO 11)   
1 41175U 15079B   23251.22929910 -.00000024  00000+0  00000+0 0  9992
2 41175  55.2993 129.0909 0002544 331.7638  28.2972  1.70474006 48088
IRNSS-1E                
1 41241U 16003A   23252.45172344 -.00000301  00000+0  00000+0 0  9999
2 41241  30.9879  77.7173 0020459 175.9703   9.0612  1.00274130 27931
NAVSTAR 76 (USA 266)    
1 41328U 16007A   23252.25141890 -.00000033  00000+0  00000+0 0  9991
2 41328  55.0182 129.6550 0071425 233.8458 125.5623  2.00575508 55546
COSMOS 2514             
1 41330U 16008A   23251.62035627 -.00000100  00000+0  00000+0 0  9990
2 41330  65.5020 347.5331 0011860 207.9753 151.9912  2.13102682 59047
IRNSS-1F                
1 41384U 16015A   23252.50759194  .00000146  00000+0  00000+0 0  9996
2 41384   2.9434 129.5815 0018543 176.8894 256.7358  1.00271965 27522
BEIDOU-2 IGSO-6         
1 41434U 16021A   23252.34088720 -.00000138  00000+0  00000+0 0  9993
2 41434  58.7621  48.2132 0047293 218.0566 301.1018  1.00282431 27330
IRNSS-1G                
1 41469U 16027A   23252.56446213 -.00000348  00000+0  00000+0 0  9999
2 41469   2.8334 131.2372 0002650 354.7400 195.0364  1.00276656 27034
GSAT0211 (GALILEO 14)   
1 41549U 16030A   23250.17706740  .00000042  00000+0  00000+0 0  9991
2 41549  55.5090 249.5934 0003960 309.2510  50.7225  1.70473515 45387
GSAT0210 (GALILEO 13)   
1 41550U 16030B   23252.22835444  .00000040  00000+0  00000+0 0  9993
2 41550  55.5074 249.5382 0004192 275.3917  84.5714  1.70473630 45410
COSMOS 2516             
1 41554U 16032A   23252.20419850  .00000046  00000+0  00000+0 0  9992
2 41554  63.8666 225.8919 0015451 214.5177 145.3742  2.13106461 56668
BEIDOU-2 G7             
1 41586U 16037A   23252.58660355 -.00000366  00000+0  00000+0 0  9997
2 41586   1.8826  68.5119 0006707 343.9116 257.6499  1.00268759 26646
EUTELSAT 117 WEST B     
1 41589U 16038B   23252.55736845 -.00000024  00000+0  00000+0 0  9997
2 41589   0.0280  20.7556 0000312  91.1110 320.1352  1.00272717 26510
GSAT0207 (GALILEO 15)   
1 41859U 16069A   23251.30352736 -.00000024  00000+0  00000+0 0  9996
2 41859  54.9639 129.1617 0003038 308.6250  51.4224  1.70474019 42131
GSAT0212 (GALILEO 16)   
1 41860U 16069B   23251.74478306 -.00000022  00000+0  00000+0 0  9996
2 41860  54.9614 129.1462 0002237   4.7578 355.3200  1.70474211 42393
GSAT0213 (GALILEO 17)   
1 41861U 16069C   23252.11088847 -.00000020  00000+0  00000+0 0  9994
2 41861  54.9639 129.1421 0002344 276.9766  83.0736  1.70472879 42260
GSAT0214 (GALILEO 18)   
1 41862U 16069D   23251.08494650 -.00000025  00000+0  00000+0 0  9998
2 41862  54.9621 129.1643 0001721 286.6121  73.4432  1.70472699 42377
SES-15                  
1 42709U 17026A   23252.62361014  .00000048  00000+0  00000+0 0  9995
2 42709   0.0275  37.1642 0000387 170.9228 235.6667  1.00269592 23990
QZS-2 (MICHIBIKI-2)     
1 42738U 17028A   23252.34367895 -.00000150  00000+0  00000+0 0  9996
2 42738  41.0367 257.7947 0751430 270.1547  84.9076  1.00263685 23004
QZS-3 (MICHIBIKI-3)     
1 42917U 17048A   23252.52757650 -.00000360  00000+0  00000+0 0  9992
2 42917   0.0568 194.2385 0002227   1.4614 109.5821  1.00270031 22111
COSMOS 2522             
1 42939U 17055A   23252.40063005  .00000045  00000+0  00000+0 0  9994
2 42939  64.1006 226.4118 0009708 243.3629 116.5299  2.13102001 46411
QZS-4 (MICHIBIKI-4)     
1 42965U 17062A   23251.63597397 -.00000352  00000+0  00000+0 0  9993
2 42965  40.6339 356.3908 0748424 269.3664  90.1422  1.00280047 21667
BEIDOU-3 M1             
1 43001U 17069A   23251.97563293 -.00000012  00000+0  00000+0 0  9990
2 43001  55.8457  96.6704 0007660 302.3933  57.6112  1.86231760 39758
BEIDOU-3 M2             
1 43002U 17069B   23251.91236878 -.00000013  00000+0  00000+0 0  9992
2 43002  55.8448  96.7089 0006153 334.7129  25.3355  1.86231257 39749
GSAT0215 (GALILEO 19)   
1 43055U 17079A   23251.57360538  .00000041  00000+0  00000+0 0  9994
2 43055  55.4848 249.3810 0003709 269.7678  90.2004  1.70474163 35729
GSAT0216 (GALILEO 20)   
1 43056U 17079B   23251.86552145  .00000041  00000+0  00000+0 0  9994
2 43056  55.4848 249.3728 0005272 275.5305  84.4201  1.70474271 35710
GSAT0217 (GALILEO 21)   
1 43057U 17079C   23250.32612422  .00000042  00000+0  00000+0 0  9991
2 43057  55.4838 249.4142 0004644 286.6111  73.3466  1.70474247 35703
GSAT0218 (GALILEO 22)   
1 43058U 17079D   23251.71934705  .00000041  00000+0  00000+0 0  9996
2 43058  55.4833 249.3734 0005730 272.4851  87.4600  1.70474229 35757
BEIDOU-3 M7             
1 43107U 18003A   23251.12620309 -.00000117  00000+0  00000+0 0  9991
2 43107  55.1161 337.3544 0003433  78.5203 281.5570  1.86232559 38496
BEIDOU-3 M8             
1 43108U 18003B   23252.13824932 -.00000113  00000+0  00000+0 0  9998
2 43108  55.1085 337.3066 0004093 243.4437 116.5546  1.86230982 38517
BEIDOU-3 M4             
1 43207U 18018A   23250.96973864 -.00000023  00000+0  00000+0 0  9992
2 43207  55.8035  96.8027 0004940  14.9554 345.1348  1.86231652 37878
BEIDOU-3 M3             
1 43208U 18018B   23252.11030290 -.00000011  00000+0  00000+0 0  9996
2 43208  55.8039  96.7691 0005689 320.6139  39.4240  1.86231594 37897
BEIDOU-3 M9             
1 43245U 18029A   23251.79614873 -.00000112  00000+0  00000+0 0  9999
2 43245  55.0096 335.0645 0001481 216.6216 143.4107  1.86232851 37049
BEIDOU-3 M10            
1 43246U 18029B   23252.26312042 -.00000110  00000+0  00000+0 0  9994
2 43246  55.0068 335.0773 0002698 354.4752   5.5650  1.86233046 37035
IRNSS-1I                
1 43286U 18035A   23251.15048234  .00000076  00000+0  00000+0 0  9991
2 43286  29.2594  90.1283 0019615 176.0284 190.0286  1.00273478 19928
COSMOS 2527             
1 43508U 18053A   23251.89010728  .00000007  00000+0  00000+0 0  9990
2 43508  65.0933 107.7969 0007341 218.1653 141.8652  2.13102508 40708
BEIDOU-2 IGSO-7         
1 43539U 18057A   23251.41904691 -.00000166  00000+0  00000+0 0  9994
2 43539  55.1204 171.8234 0064416 231.2087 208.4896  1.00282582 18995
GSAT0221 (GALILEO 25)   
1 43564U 18060A   23252.20566576 -.00000108  00000+0  00000+0 0  9996
2 43564  57.2858   9.0692 0002924 253.6036 106.3666  1.70476219 31916
GSAT0222 (GALILEO 26)   
1 43565U 18060B   23252.42375827 -.00000108  00000+0  00000+0 0  9998
2 43565  57.2895   9.0646 0003499 212.1864 147.7945  1.70475994 31967
GSAT0219 (GALILEO 23)   
1 43566U 18060C   23251.47291571 -.00000108  00000+0  00000+0 0  9996
2 43566  57.2886   9.0923 0001930 255.3957 104.5855  1.70476197 31929
GSAT0220 (GALILEO 24)   
1 43567U 18060D   23250.52017087 -.00000108  00000+0  00000+0 0  9990
2 43567  57.2882   9.1176 0002355 249.4676 110.5101  1.70476080 31899
BEIDOU-3 M5             
1 43581U 18062A   23252.48337319  .00000011  00000+0  00000+0 0  9990
2 43581  54.1775 216.7366 0005211 281.1115  78.8015  1.86232015 34791
BEIDOU-3 M6             
1 43582U 18062B   23252.34935139  .00000013  00000+0  00000+0 0  9992
2 43582  54.1772 216.7307 0005075 356.2864   3.6817  1.86229843 34798
BEIDOU-3 M12            
1 43602U 18067A   23252.28560224  .00000012  00000+0  00000+0 0  9991
2 43602  54.2644 215.3889 0007015  12.5698 347.4191  1.86231554 34272
BEIDOU-3 M11            
1 43603U 18067B   23251.88248154  .00000017  00000+0  00000+0 0  9997
2 43603  54.2614 215.3682 0004127 357.1899   2.7803  1.86231505 34292
BEIDOU-3 M13            
1 43622U 18072A   23251.84137977 -.00000014  00000+0  00000+0 0  9998
2 43622  55.7738  96.3140 0004403 299.0686  60.9652  1.86231696 33802
BEIDOU-3 M14            
1 43623U 18072B   23250.09597505 -.00000030  00000+0  00000+0 0  9990
2 43623  55.7742  96.3652 0003053 348.3049  11.7615  1.86231645 33769
BEIDOU-3 M16            
1 43647U 18078A   23252.40630371 -.00000109  00000+0  00000+0 0  9995
2 43647  54.9056 335.1658 0005915   8.7978 351.2558  1.86227395 33317
BEIDOU-3 M15            
1 43648U 18078B   23251.99983121 -.00000111  00000+0  00000+0 0  9996
2 43648  54.9013 335.1837 0002775  21.2702 338.7838  1.86232384 33322
BEIDOU-3 G1             
1 43683U 18085A   23252.52201920 -.00000291  00000+0  00000+0 0  9992
2 43683   1.5250 124.0174 0002995 351.1391 201.0141  1.00277919 17919
COSMOS 2529             
1 43687U 18086A   23251.98936089  .00000051  00000+0  00000+0 0  9990
2 43687  64.3160 226.8627 0011376 262.4117  97.4527  2.13102087 37710
BEIDOU-3 M17            
1 43706U 18093A   23252.14783445  .00000016  00000+0  00000+0 0  9996
2 43706  54.2599 216.6657 0010303 280.4888  79.3676  1.86232099 32692
BEIDOU-3 M18            
1 43707U 18093B   23252.01385002  .00000017  00000+0  00000+0 0  9991
2 43707  54.2608 216.6618 0008514 305.3861  54.5072  1.86229906 32687
NAVSTAR 77 (USA 289)    
1 43873U 18109A   23251.14706225 -.00000042  00000+0  00000+0 0  9999
2 43873  55.1937 132.2145 0025650 190.9887 346.8688  2.00569076 34752
BEIDOU-3 IGSO-1         
1 44204U 19023A   23251.83521787 -.00000195  00000+0  00000+0 0  9997
2 44204  57.2278  48.1940 0023498 194.5007 165.4286  1.00281536 16189
BEIDOU-2 G8             
1 44231U 19027A   23252.56886611 -.00000259  00000+0  00000+0 0  9993
2 44231   1.9685  81.1153 0006600 132.2072 124.3567  1.00270575 15936
COSMOS 2534             
1 44299U 19030A   23252.55707316  .00000044  00000+0  00000+0 0  9995
2 44299  64.3887 226.7701 0013524 281.3378 288.3374  2.13102039 33369
BEIDOU-3 IGSO-2         
1 44337U 19035A   23252.19411882 -.00000176  00000+0  00000+0 0  9990
2 44337  55.1530 167.7497 0032968 197.0390 172.8356  1.00273335 15529
NAVSTAR 78 (USA 293)    
1 44506U 19056A   23252.53018111 -.00000110  00000+0  00000+0 0  9995
2 44506  55.8222  11.2350 0037081 185.4393 170.6659  2.00565903 29778
BEIDOU-3 M24            
1 44542U 19061A   23252.08552643  .00000017  00000+0  00000+0 0  9999
2 44542  54.4871 216.8988 0008415 339.7625  20.1769  1.86231527 26946
BEIDOU-3 M23            
1 44543U 19061B   23252.46910616  .00000012  00000+0  00000+0 0  9995
2 44543  54.4856 216.8547 0005904 323.1506 205.8587  1.86231923 26957
BEIDOU-3 IGSO-3         
1 44709U 19073A   23251.51249523 -.00000152  00000+0  00000+0 0  9995
2 44709  56.5270 291.7082 0035180 190.0653 169.9550  1.00280917 14302
BEIDOU-3 M22            
1 44793U 19078A   23251.93089384 -.00000111  00000+0  00000+0 0  9991
2 44793  54.7541 335.1489 0004777  17.7680 342.2911  1.86232360 25798
BEIDOU-3 M21            
1 44794U 19078B   23252.06145049 -.00000111  00000+0  00000+0 0  9998
2 44794  54.7279 335.1264 0002745   8.7744 351.2730  1.86232790 25800
COSMOS 2544             
1 44850U 19088A   23250.42605579 -.00000008  00000+0  00000+0 0  9994
2 44850  65.0785 107.6889 0011319 251.9509 108.0045  2.13102234 29118
BEIDOU-3 M19            
1 44864U 19090A   23251.41429343 -.00000019  00000+0  00000+0 0  9997
2 44864  55.7079  96.5145 0015343 276.0008 203.9440  1.86231942 25375
BEIDOU-3 M20            
1 44865U 19090B   23252.47085582 -.00000007  00000+0  00000+0 0  9995
2 44865  55.7105  96.5119 0013251 291.4205 266.6841  1.86231945 25377
BEIDOU-3 G2             
1 45344U 20017A   23252.51716443 -.00000152  00000+0  00000+0 0  9992
2 45344   2.0511  16.4593 0003134 161.5413  76.5152  1.00272852 13110
COSMOS 2545             
1 45358U 20018A   23250.15356583 -.00000100  00000+0  00000+0 0  9994
2 45358  64.8427 347.8255 0010024 237.3585 122.5749  2.13102611 27053
BEIDOU-3 G3             
1 45807U 20040A   23252.58660355 -.00000366  00000+0  00000+0 0  9996
2 45807   0.6115 344.7845 0006008 329.7677 355.5736  1.00273539 11926
NAVSTAR 79 (USA 304)    
1 45854U 20041A   23250.62856571 -.00000032  00000+0  00000+0 0  9999
2 45854  55.8859  68.5926 0036170 186.1132 180.2875  2.00563597 23714
GALAXY 30 (G-30)        
1 46114U 20056C   23252.62465497  .00000025  00000+0  00000+0 0  9991
2 46114   0.0235 140.6536 0002628  47.0214 260.6080  1.00271836 11146
COSMOS 2547             
1 46805U 20075A   23252.21957697  .00000048  00000+0  00000+0 0  9997
2 46805  64.6159 226.3392 0008498 244.0235 115.8818  2.13102939 22345
NAVSTAR 80 (USA 309)    
1 46826U 20078A   23252.37863762  .00000043  00000+0  00000+0 0  9994
2 46826  54.3103 251.8587 0036084 194.7985 330.7372  2.00562932 21214
NAVSTAR 81 (USA 319)    
1 48859U 21054A   23252.41054478 -.00000109  00000+0  00000+0 0  9992
2 48859  55.3397  13.0233 0012354 211.7541 159.2974  2.00573581 16461
QZS-1R                  
1 49336U 21096A   23223.77030010 -.00000338  00000+0  00000+0 0  9996
2 49336  35.3027  95.2768 0759716 272.3783 359.4413  1.00237636  6587
GSAT0223 (GALILEO 27)   
1 49809U 21116A   23252.13829663 -.00000108  00000+0  00000+0 0  9991
2 49809  57.2797   8.9701 0003492 181.1419 182.1976  1.70476404 10937
GSAT0224 (GALILEO 28)   
1 49810U 21116B   23252.23793753 -.00000108  00000+0  00000+0 0  9994
2 49810  57.2805   8.9656 0002780 171.6730   5.3004  1.70476391 10952
COSMOS 2557             
1 52984U 22075A   23252.38215308 -.00000101  00000+0  00000+0 0  9999
2 52984  64.7588 349.9069 0011949 275.4244  84.4670  2.13102401  9158
COSMOS 2559             
1 54031U 22130A   23252.32414422 -.00000101  00000+0  00000+0 0  9998
2 54031  64.7301 350.0363 0007206 217.5074 142.4699  2.13101612  7129
COSMOS 2564             
1 54377U 22161A   23252.04800530  .00000050  00000+0  00000+0 0  9995
2 54377  64.7567 226.3988 0010823 226.3126 133.5910  2.13102199  6069
NAVSTAR 82 (USA 343)    
1 55268U 23009A   23251.83705304 -.00000025  00000+0  00000+0 0  9999
2 55268  55.0887 188.2376 0004370  91.5234 266.5614  2.00555512  4935
BEIDOU-3 G4             
1 56564U 23066A   23252.49815226 -.00000124  00000+0  00000+0 0  9990
2 56564   2.8323 288.7775 0006702 214.3476 184.4801  1.00273218  1250
IRNSS-1J (NVS-01)       
1 56759U 23076A   23252.45537837 -.00000351  00000+0  00000+0 0  9994
2 56759   4.7271 271.9665 0006156 336.1796  33.5235  1.00271829   971
