NAVSTAR 43 (USA 132)    
1 24876U 97035A   23210.20298880  .00000001  00000+0  00000+0 0  9995
2 24876  55.5810 139.7957 0070784  51.5107 309.1083  2.00563876190617
NAVSTAR 47 (USA 150)    
1 26360U 00025A   23210.58395282 -.00000031  00000+0  00000+0 0  9997
2 26360  54.3995  62.1082 0041121 198.2713 165.3221  2.00573220170136
NAVSTAR 51 (USA 166)    
1 27663U 03005A   23210.80743417  .00000072  00000+0  00000+0 0  9991
2 27663  55.2631 256.8648 0131249  44.5999 100.7668  2.00568082150170
NAVSTAR 52 (USA 168)    
1 27704U 03010A   23210.86645378 -.00000070  00000+0  00000+0 0  9995
2 27704  55.1142   6.8415 0248146 317.9204  87.5609  2.00573098148973
NAVSTAR 54 (USA 177)    
1 28190U 04009A   23212.40063309 -.00000056  00000+0  00000+0 0  9998
2 28190  55.7184 317.8580 0093153 136.8270 235.3737  2.00568180141884
NAVSTAR 56 (USA 180)    
1 28474U 04045A   23212.04810428 -.00000073  00000+0  00000+0 0  9994
2 28474  55.4411   7.1033 0161433 281.6959 249.9739  2.00578562137312
ANIK F1R                
1 28868U 05036A   23212.63454091 -.00000077  00000+0  00000+0 0  9991
2 28868   1.5989  89.5047 0003162  19.8000 320.8022  1.00271224 65613
NAVSTAR 57 (USA 183)    
1 28874U 05038A   23211.09853344 -.00000054  00000+0  00000+0 0  9998
2 28874  55.7716 315.3608 0138593 279.1423 253.2200  2.00577789130705
INMARSAT 4-F2           
1 28899U 05044A   23209.78607429  .00000019  00000+0  00000+0 0  9996
2 28899   3.8429  40.6166 0002865  93.0381 159.4111  1.00270841 64928
NAVSTAR 58 (USA 190)    
1 29486U 06042A   23212.02374583  .00000065  00000+0  00000+0 0  9992
2 29486  54.6878 193.0546 0102406  30.9651 351.6846  2.00571887123449
NAVSTAR 59 (USA 192)    
1 29601U 06052A   23210.41706668  .00000073  00000+0  00000+0 0  9995
2 29601  55.2829 255.8376 0084361  79.1918 281.8440  2.00575679122311
NAVSTAR 60 (USA 196)    
1 32260U 07047A   23211.72495170 -.00000016  00000+0  00000+0 0  9991
2 32260  53.4509 123.6182 0149866  69.7096 291.9057  2.00553159115724
COSMOS 2433             
1 32275U 07052A   23212.30730660 -.00000061  00000+0  00000+0 0  9994
2 32275  66.0318 351.0979 0002480 200.2914 159.6991  2.13104026122689
COSMOS 2432             
1 32276U 07052B   23212.83559141 -.00000062  00000+0  00000+0 0  9997
2 32276  66.0459 351.1886 0007854 331.3902  21.0558  2.13103176122683
NAVSTAR 61 (USA 199)    
1 32384U 07062A   23212.05777568 -.00000053  00000+0  00000+0 0  9997
2 32384  55.9017 316.1385 0024961 147.4043 222.7244  2.00556865114478
COSMOS 2434             
1 32393U 07065A   23212.96118020  .00000095  00000+0  00000+0 0  9997
2 32393  64.3382 227.4747 0000330 193.7783 198.8958  2.13103087121406
COSMOS 2436             
1 32395U 07065C   23212.24350573  .00000104  00000+0  00000+0 0  9992
2 32395  64.3469 227.5604 0015405 351.2533 346.3962  2.13102865121318
NAVSTAR 62 (USA 201)    
1 32711U 08012A   23212.13839487  .00000062  00000+0  00000+0 0  9994
2 32711  54.4547 191.8895 0177112 235.5509 122.7485  2.00556226112656
NAVSTAR 64 (USA 206)    
1 35752U 09043A   23210.64052413 -.00000026  00000+0  00000+0 0  9998
2 35752  55.4009  69.1841 0058466  67.5582 307.5244  2.00559943102216
COSMOS 2456             
1 36111U 09070A   23211.48076455 -.00000004  00000+0  00000+0 0  9999
2 36111  64.4765 107.0385 0003506 321.3499 175.2970  2.13099199106039
COSMOS 2457             
1 36112U 09070B   23211.39786880 -.00000004  00000+0  00000+0 0  9990
2 36112  64.4604 106.9075 0004431 156.4153  47.1417  2.13101348106031
COSMOS 2460             
1 36402U 10007C   23213.25574235 -.00000063  00000+0  00000+0 0  9995
2 36402  65.8947 349.7878 0001877 120.5922  56.2648  2.13106207104420
NAVSTAR 65 (USA 213)    
1 36585U 10022A   23212.68861834  .00000069  00000+0  00000+0 0  9999
2 36585  54.5798 250.9873 0108583  59.6946 110.2828  2.00560130 96492
BEIDOU-2 IGSO-1         
1 36828U 10036A   23211.86155705 -.00000118  00000+0  00000+0 0  9992
2 36828  54.2380 172.4925 0037038 190.6560   4.2679  1.00263712 47673
QZS-1 (MICHIBIKI-1)     
1 37158U 10045A   23207.91293981  .00000017  00000+0  00000+0 0  9996
2 37158  42.7673 127.8413 0408044 269.8132 316.8783  0.93974245    12
BEIDOU-2 G4             
1 37210U 10057A   23212.83108632 -.00000116  00000+0  00000+0 0  9994
2 37210   1.1015  59.1000 0004460 139.9094 209.3085  1.00269653 46747
BEIDOU-2 IGSO-2         
1 37256U 10068A   23213.15867233 -.00000170  00000+0  00000+0 0  9991
2 37256  49.4693 284.7212 0031988 210.6050 337.4671  1.00294653 46246
BEIDOU-2 IGSO-3         
1 37384U 11013A   23211.57059662 -.00000158  00000+0  00000+0 0  9993
2 37384  60.8845  50.2421 0027191 173.6655  36.1901  1.00290578 45118
GSAT-8                  
1 37605U 11022A   23209.01176854  .00000097  00000+0  00000+0 0  9999
2 37605   0.0199  64.0301 0002484  29.7547 270.9760  1.00277662 44660
NAVSTAR 66 (USA 232)    
1 37753U 11036A   23211.29775900 -.00000063  00000+0  00000+0 0  9992
2 37753  56.7378  12.8629 0127361  55.9949 275.1199  2.00568144 88158
BEIDOU-2 IGSO-4         
1 37763U 11038A   23212.88771737 -.00000034  00000+0  00000+0 0  9993
2 37763  54.5122 175.0204 0112167 228.4643 320.4154  1.00280929 44090
GSAT0101 (GALILEO-PFM)  
1 37846U 11060A   23211.51512875 -.00000069  00000+0  00000+0 0  9993
2 37846  57.1045  10.2672 0003038  65.2876 294.7550  1.70475857 73307
GSAT0102 (GALILEO-FM2)  
1 37847U 11060B   23210.85747266 -.00000067  00000+0  00000+0 0  9992
2 37847  57.1054  10.2851 0002137  21.9041 340.8720  1.70475266 73293
COSMOS 2476             
1 37867U 11064A   23213.01587316  .00000006  00000+0  00000+0 0  9999
2 37867  64.7579 108.5000 0021723 235.9775 267.3615  2.13101685 91410
COSMOS 2477             
1 37868U 11064B   23212.35700836  .00000002  00000+0  00000+0 0  9996
2 37868  64.7648 108.5914 0018983 236.9585 298.8204  2.13101606 91355
COSMOS 2475             
1 37869U 11064C   23211.47185507 -.00000004  00000+0  00000+0 0  9994
2 37869  64.7718 108.6333 0023521 253.9701 281.1803  2.13102021 91344
BEIDOU-2 IGSO-5         
1 37948U 11073A   23212.67489823 -.00000127  00000+0  00000+0 0  9999
2 37948  49.5950 284.3938 0094384 219.8120 143.5561  1.00280436 42862
LUCH-5A                 
1 37951U 11074B   23211.65869725 -.00000051  00000+0  00000+0 0  9990
2 37951   6.0516  90.3193 0005535  33.2130 228.5577  1.00270666 42639
BEIDOU-2 G5             
1 38091U 12008A   23212.66766354  .00000055  00000+0  00000+0 0  9993
2 38091   1.6284  67.7993 0000495 199.1534 341.0659  1.00271960 41936
BEIDOU-2 M3             
1 38250U 12018A   23212.83314104 -.00000084  00000+0  00000+0 0  9995
2 38250  56.5309 340.0183 0021913 255.0929 104.6674  1.86231011 76706
BEIDOU-2 M4             
1 38251U 12018B   23212.22776607 -.00000083  00000+0  00000+0 0  9998
2 38251  56.4422 339.3341 0012773 254.7400 105.1218  1.86231735 76694
SES-5                   
1 38652U 12036A   23212.87196663  .00000032  00000+0  00000+0 0  9995
2 38652   0.0558 283.6962 0002420 202.2983 142.1100  1.00275437 40523
BEIDOU-2 M6             
1 38775U 12050B   23211.40088716 -.00000021  00000+0  00000+0 0  9993
2 38775  55.6639  97.9734 0012941 336.4195  23.5815  1.86231182 74055
GSAT-10                 
1 38779U 12051B   23211.90661661 -.00000163  00000+0  00000+0 0  9996
2 38779   0.0407 258.2647 0000152  30.1043  69.2915  1.00271146 39747
NAVSTAR 67 (USA 239)    
1 38833U 12053A   23213.31463089  .00000043  00000+0  00000+0 0  9996
2 38833  53.5153 186.5824 0139812  51.3204 309.8902  2.00566577 79254
GSAT0103 (GALILEO-FM3)  
1 38857U 12055A   23210.38093310 -.00000004  00000+0  00000+0 0  9992
2 38857  55.2703 130.5099 0004062 273.4664  86.4802  1.70473615 67180
GSAT0104 (GALILEO-FM4)  
1 38858U 12055B   23212.11019728 -.00000010  00000+0  00000+0 0  9994
2 38858  55.2708 130.4639 0001581 277.8901  82.0880  1.70473885 67187
BEIDOU-2 G6             
1 38953U 12059A   23211.90552529 -.00000175  00000+0  00000+0 0  9993
2 38953   1.9402  82.2833 0009069 322.7986 313.2189  1.00271850 39499
LUCH-5B                 
1 38977U 12061A   23212.86769554 -.00000142  00000+0  00000+0 0  9990
2 38977   8.1788  59.4209 0005897  85.8659 100.0126  1.00271081 39638
COSMOS 2485             
1 39155U 13019A   23212.77099548  .00000005  00000+0  00000+0 0  9999
2 39155  64.9183 109.0244 0022154 231.9030 127.9534  2.13101910 79878
NAVSTAR 68 (USA 242)    
1 39166U 13023A   23211.68034403 -.00000047  00000+0  00000+0 0  9991
2 39166  55.3865 311.5475 0114050  41.7944 319.1058  2.00564242 74761
IRNSS-1A                
1 39199U 13034A   23205.71504288  .00000072  00000+0  00000+0 0  9996
2 39199  33.3288  79.3134 0019283 180.1083 355.4143  1.00280533 36759
NAVSTAR 69 (USA 248)    
1 39533U 14008A   23210.18104681  .00000084  00000+0  00000+0 0  9993
2 39533  53.6027 192.2632 0067246 215.6837 143.8625  2.00549676 69092
ASTRA 5B                
1 39617U 14011B   23212.87563609  .00000134  00000+0  00000+0 0  9993
2 39617   0.0627 303.8073 0002781 205.2611 138.8671  1.00269755 34323
COSMOS 2492             
1 39620U 14012A   23211.78793128 -.00000060  00000+0  00000+0 0  9997
2 39620  65.7789 349.4604 0010827 324.7277  35.2016  2.13103052 72816
IRNSS-1B                
1 39635U 14017A   23200.71716126  .00000125  00000+0  00000+0 0  9993
2 39635  28.7936 258.4524 0021578 190.3137 161.9039  1.00278125 34125
LUCH-5V                 
1 39727U 14023A   23212.77889072 -.00000273  00000+0  00000+0 0  9997
2 39727   2.4875  77.4171 0002649  93.1678 153.6504  1.00274281551963
NAVSTAR 70 (USA 251)    
1 39741U 14026A   23212.45782662 -.00000068  00000+0  00000+0 0  9990
2 39741  56.6918  12.3403 0028497 312.6889  47.0858  2.00559598 67436
COSMOS 2500             
1 40001U 14032A   23212.44094739 -.00000062  00000+0  00000+0 0  9992
2 40001  65.7172 349.2686 0007109 188.0093 171.9798  2.13105866 71045
NAVSTAR 71 (USA 256)    
1 40105U 14045A   23212.04661395 -.00000010  00000+0  00000+0 0  9998
2 40105  54.8023 130.4832 0023402 112.9761 247.2731  2.00575246 65865
GSAT0201 (GALILEO 5)    
1 40128U 14050A   23212.30831881 -.00000069  00000+0  00000+0 0  9991
2 40128  49.9672 315.9689 1610413 139.0369 234.2791  1.85519013 60740
GSAT0202 (GALILEO 6)    
1 40129U 14050B   23208.79487664 -.00000078  00000+0  00000+0 0  9996
2 40129  49.9900 315.1803 1608285 139.7148 233.4140  1.85519682 60900
IRNSS-1C                
1 40269U 14061A   23211.90541795 -.00000164  00000+0  00000+0 0  9992
2 40269   3.8811 113.8145 0020858  12.7600 230.6667  1.00271669 32272
NAVSTAR 72 (USA 258)    
1 40294U 14068A   23210.42841647 -.00000025  00000+0  00000+0 0  9998
2 40294  56.1442  71.9082 0048584  60.3717 300.1890  2.00569259 64057
COSMOS 2501             
1 40315U 14075A   23211.28279821  .00000113  00000+0  00000+0 0  9991
2 40315  63.6418 226.9174 0020237 211.6322 148.3078  2.13101394 67418
NAVSTAR 73 (USA 260)    
1 40534U 15013A   23213.05515126  .00000066  00000+0  00000+0 0  9992
2 40534  53.4784 247.7122 0079066  25.0051 335.4563  2.00556756 61164
GSAT0203 (GALILEO 7)    
1 40544U 15017A   23211.29466112 -.00000069  00000+0  00000+0 0  9995
2 40544  56.8998  10.2512 0001972 216.4613 143.5370  1.70475903 51912
GSAT0204 (GALILEO 8)    
1 40545U 15017B   23212.13476929 -.00000071  00000+0  00000+0 0  9990
2 40545  56.9064  10.2425 0002394 192.8475 167.1552  1.70475544 51930
IRNSS-1D                
1 40547U 15018A   23211.54336016 -.00000245  00000+0  00000+0 0  9992
2 40547  28.1424 258.2436 0021633 190.8362 166.1982  1.00267903 30685
BEIDOU-3S IGSO-1S       
1 40549U 15019A   23212.11578797 -.00000176  00000+0  00000+0 0  9996
2 40549  51.1643 307.9879 0040256 194.2413 303.6759  1.00263350 30532
NAVSTAR 74 (USA 262)    
1 40730U 15033A   23209.72631886 -.00000051  00000+0  00000+0 0  9998
2 40730  54.8773 310.2583 0084440  14.1065 346.1613  2.00557183 58861
BEIDOU-3S M2S           
1 40748U 15037A   23212.43085331 -.00000083  00000+0  00000+0 0  9996
2 40748  55.6837 337.9485 0009689 238.1362 121.7741  1.86233056 54539
BEIDOU-3S M1S           
1 40749U 15037B   23212.16395432 -.00000083  00000+0  00000+0 0  9993
2 40749  55.6869 337.9436 0002371 330.6111  29.3798  1.86232784 54523
GSAT0205 (GALILEO 9)    
1 40889U 15045A   23211.90277271  .00000071  00000+0  00000+0 0  9994
2 40889  55.3803 250.6767 0003083   0.7123 359.3833  1.70473574 49077
GSAT0206 (GALILEO 10)   
1 40890U 15045B   23206.84417983  .00000055  00000+0  00000+0 0  9991
2 40890  55.3819 250.8120 0001892 322.7980  37.2703  1.70473746 49018
BEIDOU-3S IGSO-2S       
1 40938U 15053A   23211.63225258 -.00000083  00000+0  00000+0 0  9990
2 40938  50.8626 271.1622 0047575 193.5684 165.2572  1.00290956 28794
NAVSTAR 75 (USA 265)    
1 41019U 15062A   23212.27299690 -.00000018  00000+0  00000+0 0  9991
2 41019  56.1298  71.6851 0087798 221.1866 138.2277  2.00562177 56732
GSAT-15                 
1 41028U 15065A   23212.89323720 -.00000260  00000+0  00000+0 0  9993
2 41028   0.0218 291.3369 0002982 177.4195 255.5489  1.00270721 28329
GSAT0209 (GALILEO 12)   
1 41174U 15079A   23212.29501094 -.00000010  00000+0  00000+0 0  9999
2 41174  55.2884 130.1638 0004114 318.4351  41.5311  1.70473797 47425
GSAT0208 (GALILEO 11)   
1 41175U 15079B   23208.40851929  .00000006  00000+0  00000+0 0  9997
2 41175  55.2851 130.2689 0003482 318.9010  41.0701  1.70473809 47197
IRNSS-1E                
1 41241U 16003A   23212.59106757 -.00000314  00000+0  00000+0 0  9999
2 41241  30.8970  78.3257 0019483 176.7375  18.2977  1.00266114 27659
NAVSTAR 76 (USA 266)    
1 41328U 16007A   23210.36998242 -.00000010  00000+0  00000+0 0  9993
2 41328  55.0074 131.3198 0071553 234.8615 124.4661  2.00551762 54749
COSMOS 2514             
1 41330U 16008A   23210.79461164 -.00000059  00000+0  00000+0 0  9995
2 41330  65.5150 348.9145 0010516 201.1511 158.8090  2.13102576 58172
IRNSS-1F                
1 41384U 16015A   23211.92492267  .00000158  00000+0  00000+0 0  9995
2 41384   2.8626 131.5361 0017842 181.2956   0.8495  1.00273528 27104
BEIDOU-2 IGSO-6         
1 41434U 16021A   23212.29861303 -.00000135  00000+0  00000+0 0  9996
2 41434  58.6987  48.6218 0046287 217.9929 244.6696  1.00289424 26922
IRNSS-1G                
1 41469U 16027A   23212.86690002 -.00000340  00000+0  00000+0 0  9997
2 41469   2.7593 133.2515 0005193 345.4729 272.0445  1.00265818 26636
GSAT0211 (GALILEO 14)   
1 41549U 16030A   23209.70279444  .00000070  00000+0  00000+0 0  9991
2 41549  55.5280 250.7092 0003663 305.6521  54.4056  1.70473723 44674
GSAT0210 (GALILEO 13)   
1 41550U 16030B   23211.16751926  .00000073  00000+0  00000+0 0  9999
2 41550  55.5262 250.6700 0004113 269.6119  90.4363  1.70473817 44691
COSMOS 2516             
1 41554U 16032A   23213.25664521  .00000090  00000+0  00000+0 0  9990
2 41554  63.8681 227.2398 0015529 214.7699 145.1812  2.13106429 55837
BEIDOU-2 G7             
1 41586U 16037A   23212.79390064 -.00000357  00000+0  00000+0 0  9993
2 41586   1.7895  67.9302 0008167 350.9722 286.5458  1.00275583 26246
EUTELSAT 117 WEST B     
1 41589U 16038B   23212.63262330 -.00000013  00000+0  00000+0 0  9993
2 41589   0.0093 209.9266 0000259  86.9906 122.8004  1.00269686 26169
GSAT0207 (GALILEO 15)   
1 41859U 16069A   23212.00229430 -.00000010  00000+0  00000+0 0  9999
2 41859  54.9509 130.2524 0004220 303.4559  56.4996  1.70473778 41687
GSAT0212 (GALILEO 16)   
1 41860U 16069B   23212.44358446 -.00000010  00000+0  00000+0 0  9999
2 41860  54.9486 130.2372 0003075 333.5701  26.4119  1.70473968 41724
GSAT0213 (GALILEO 17)   
1 41861U 16069C   23209.28984767  .00000001  00000+0  00000+0 0  9998
2 41861  54.9499 130.3307 0004276 281.5514  78.3954  1.70472740 41669
GSAT0214 (GALILEO 18)   
1 41862U 16069D   23211.19681587 -.00000008  00000+0  00000+0 0  9994
2 41862  54.9488 130.2718 0003239 287.1367  72.8216  1.70472585 41699
SES-15                  
1 42709U 17026A   23212.11427918  .00000059  00000+0  00000+0 0  9993
2 42709   0.0179  35.4773 0001292 171.4856  13.5140  1.00283520 23635
QZS-2 (MICHIBIKI-2)     
1 42738U 17028A   23212.43554670 -.00000093  00000+0  00000+0 0  9997
2 42738  41.0976 258.3648 0755946 269.6319  79.2560  1.00274056 22593
QZS-3 (MICHIBIKI-3)     
1 42917U 17048A   23211.89056454 -.00000346  00000+0  00000+0 0  9995
2 42917   0.0624 206.1512 0001918 296.4084 253.3246  1.00267875 21819
COSMOS 2522             
1 42939U 17055A   23213.45222472  .00000088  00000+0  00000+0 0  9998
2 42939  64.1023 227.7485 0010215 242.6535 117.2950  2.13101939 45582
QZS-4 (MICHIBIKI-4)     
1 42965U 17062A   23212.75793940 -.00000318  00000+0  00000+0 0  9997
2 42965  40.6496 356.8847 0746117 268.6953  94.5497  1.00290077 21268
BEIDOU-3 M1             
1 43001U 17069A   23212.24118286 -.00000016  00000+0  00000+0 0  9999
2 43001  55.8158  97.9999 0009227 302.5360  57.4395  1.86231388 39019
BEIDOU-3 M2             
1 43002U 17069B   23212.17783227 -.00000016  00000+0  00000+0 0  9995
2 43002  55.8154  98.0377 0007663 329.7260  30.2941  1.86231065 39007
GSAT0215 (GALILEO 19)   
1 43055U 17079A   23209.92632489  .00000071  00000+0  00000+0 0  9996
2 43055  55.5043 250.5295 0004281 266.2443  93.7991  1.70474238 35014
GSAT0216 (GALILEO 20)   
1 43056U 17079B   23210.80485521  .00000073  00000+0  00000+0 0  9991
2 43056  55.5038 250.5051 0005192 271.1490  88.8862  1.70474498 35018
GSAT0217 (GALILEO 21)   
1 43057U 17079C   23212.19836611  .00000071  00000+0  00000+0 0  9994
2 43057  55.5014 250.4659 0004628 281.9472  78.0955  1.70474329 35059
GSAT0218 (GALILEO 22)   
1 43058U 17079D   23212.41841644  .00000069  00000+0  00000+0 0  9999
2 43058  55.5014 250.4573 0006091 269.2394  90.7849  1.70474318 35054
BEIDOU-3 M7             
1 43107U 18003A   23211.92881540 -.00000084  00000+0  00000+0 0  9994
2 43107  55.1397 338.6974 0004419  76.9994 283.0540  1.86232362 37767
BEIDOU-3 M8             
1 43108U 18003B   23212.40357934 -.00000084  00000+0  00000+0 0  9994
2 43108  55.1325 338.6683 0003092 238.9707 121.0032  1.86230819 37777
BEIDOU-3 M4             
1 43207U 18018A   23211.23527391 -.00000021  00000+0  00000+0 0  9997
2 43207  55.7740  98.1339 0005701 359.1430   0.9152  1.86231352 37139
BEIDOU-3 M3             
1 43208U 18018B   23209.69103831 -.00000028  00000+0  00000+0 0  9991
2 43208  55.7723  98.1903 0007365 316.8473  43.1485  1.86231292 37101
BEIDOU-3 M9             
1 43245U 18029A   23211.52490234 -.00000082  00000+0  00000+0 0  9995
2 43245  55.0359 336.4488 0000898 166.7497 193.2582  1.86232379 36299
BEIDOU-3 M10            
1 43246U 18029B   23212.52889706 -.00000083  00000+0  00000+0 0  9994
2 43246  55.0322 336.4427 0003016  13.0637 346.9501  1.86232807 36304
IRNSS-1I                
1 43286U 18035A   23204.80327170  .00000087  00000+0  00000+0 0  9992
2 43286  29.1518  90.8785 0018661 181.1278  13.5807  1.00269587 19459
COSMOS 2527             
1 43508U 18053A   23211.06447019 -.00000006  00000+0  00000+0 0  9992
2 43508  65.0792 109.1672 0007719 230.1972 129.7829  2.13102362 39836
BEIDOU-2 IGSO-7         
1 43539U 18057A   23211.84972152 -.00000120  00000+0  00000+0 0  9994
2 43539  55.1227 172.1697 0065017 231.9286 321.3775  1.00294304 18607
GSAT0221 (GALILEO 25)   
1 43564U 18060A   23212.31795902 -.00000071  00000+0  00000+0 0  9990
2 43564  57.2808  10.1426 0001605 264.6562  95.3333  1.70475803 31242
GSAT0222 (GALILEO 26)   
1 43565U 18060B   23209.60308336 -.00000064  00000+0  00000+0 0  9992
2 43565  57.2836  10.2164 0001790 200.7548 159.2542  1.70475645 31239
GSAT0219 (GALILEO 23)   
1 43566U 18060C   23209.82546737 -.00000064  00000+0  00000+0 0  9996
2 43566  57.2831  10.2129 0000736 295.2982  64.7099  1.70475855 31214
GSAT0220 (GALILEO 24)   
1 43567U 18060D   23211.21901741 -.00000068  00000+0  00000+0 0  9997
2 43567  57.2829  10.1760 0000935 265.6735  94.3276  1.70475501 31214
BEIDOU-3 M5             
1 43581U 18062A   23212.21244157  .00000093  00000+0  00000+0 0  9994
2 43581  54.1837 218.1108 0005784 273.6644  86.3027  1.86231817 34042
BEIDOU-3 M6             
1 43582U 18062B   23212.61489232  .00000087  00000+0  00000+0 0  9997
2 43582  54.1832 218.0864 0004576 346.3580  13.6598  1.86229535 34052
BEIDOU-3 M12            
1 43602U 18067A   23212.55153030  .00000087  00000+0  00000+0 0  9992
2 43602  54.2705 216.7406 0006650   9.1804 350.8595  1.86231572 33539
BEIDOU-3 M11            
1 43603U 18067B   23211.61145929  .00000100  00000+0  00000+0 0  9993
2 43603  54.2679 216.7383 0003883 350.5270   9.5000  1.86231501 33541
BEIDOU-3 M13            
1 43622U 18072A   23212.10695830 -.00000017  00000+0  00000+0 0  9994
2 43622  55.7441  97.6455 0005871 302.1376  57.8698  1.86231617 33064
BEIDOU-3 M14            
1 43623U 18072B   23211.43545965 -.00000020  00000+0  00000+0 0  9997
2 43623  55.7454  97.6605 0004337 336.3857  23.6553  1.86231619 33057
BEIDOU-3 M16            
1 43647U 18078A   23212.67088497 -.00000083  00000+0  00000+0 0  9997
2 43647  54.9309 336.5343 0006368  16.5523 343.4744  1.86227169 32587
BEIDOU-3 M15            
1 43648U 18078B   23212.26548102 -.00000083  00000+0  00000+0 0  9997
2 43648  54.9269 336.5523 0003511  35.0318 324.9970  1.86232158 32598
BEIDOU-3 G1             
1 43683U 18085A   23211.89953149 -.00000278  00000+0  00000+0 0  9999
2 43683   1.4389 126.9179 0003529 342.1107 303.1043  1.00268660 17509
COSMOS 2529             
1 43687U 18086A   23213.04094751  .00000094  00000+0  00000+0 0  9993
2 43687  64.3175 228.1888 0011809 261.1481  98.7743  2.13102070 36884
BEIDOU-3 M17            
1 43706U 18093A   23211.87691248  .00000097  00000+0  00000+0 0  9999
2 43706  54.2662 218.0369 0010822 276.6827  83.2295  1.86231913 31925
BEIDOU-3 M18            
1 43707U 18093B   23212.27940280  .00000092  00000+0  00000+0 0  9993
2 43707  54.2668 218.0147 0008779 299.7453  60.1999  1.86229705 31948
NAVSTAR 77 (USA 289)    
1 43873U 18109A   23212.03663323 -.00000008  00000+0  00000+0 0  9997
2 43873  55.1841 133.7612 0025073 192.7422 184.6916  2.00567143 33928
BEIDOU-3 IGSO-1         
1 44204U 19023A   23212.48015292 -.00000196  00000+0  00000+0 0  9995
2 44204  57.1647  48.6097 0022829 193.8945 357.4589  1.00292623 15813
BEIDOU-2 G8             
1 44231U 19027A   23212.76307464 -.00000251  00000+0  00000+0 0  9997
2 44231   1.8688  81.2452 0005467 120.4850 166.6221  1.00271840 15532
COSMOS 2534             
1 44299U 19030A   23212.36252154  .00000103  00000+0  00000+0 0  9991
2 44299  64.3899 228.1352 0013834 279.8848  53.8756  2.13101993 32511
BEIDOU-3 IGSO-2         
1 44337U 19035A   23211.77292785 -.00000132  00000+0  00000+0 0  9990
2 44337  55.1548 168.1053 0033300 198.3717 338.8614  1.00285597 15141
NAVSTAR 78 (USA 293)    
1 44506U 19056A   23210.88305122 -.00000064  00000+0  00000+0 0  9996
2 44506  55.8148  12.8830 0035347 183.3048 341.3758  2.00564890 28930
BEIDOU-3 M24            
1 44542U 19061A   23212.35139949  .00000092  00000+0  00000+0 0  9998
2 44542  54.4934 218.2434 0008157 333.3219  26.6690  1.86231341 26207
BEIDOU-3 M23            
1 44543U 19061B   23212.46022345  .00000090  00000+0  00000+0 0  9990
2 44543  54.4918 218.2091 0005907 314.3912  30.4099  1.86231634 26209
BEIDOU-3 IGSO-3         
1 44709U 19073A   23211.62756599 -.00000173  00000+0  00000+0 0  9992
2 44709  56.5924 292.1286 0034972 187.8875 172.1555  1.00293089 13884
BEIDOU-3 M22            
1 44793U 19078A   23212.73350726 -.00000084  00000+0  00000+0 0  9996
2 44793  54.7796 336.5036 0005356  26.1242 333.9089  1.86232111 25073
BEIDOU-3 M21            
1 44794U 19078B   23212.32720944 -.00000083  00000+0  00000+0 0  9994
2 44794  54.7534 336.5005 0003242  24.2726 335.7485  1.86232553 25067
COSMOS 2544             
1 44850U 19088A   23212.88521337  .00000006  00000+0  00000+0 0  9998
2 44850  65.0658 108.9496 0012315 257.3690 102.5506  2.13102140 28298
BEIDOU-3 M19            
1 44864U 19090A   23212.30138604 -.00000016  00000+0  00000+0 0  9996
2 44864  55.6785  97.8280 0016527 277.7782 258.8085  1.86231633 24633
BEIDOU-3 M20            
1 44865U 19090B   23211.86218896 -.00000018  00000+0  00000+0 0  9991
2 44865  55.6800  97.8756 0014602 292.2688  39.6483  1.86231577 24611
BEIDOU-3 G2             
1 45344U 20017A   23212.67193462 -.00000142  00000+0  00000+0 0  9994
2 45344   2.0284  14.3698 0003557 127.1235 129.4501  1.00269883 12721
COSMOS 2545             
1 45358U 20018A   23213.08197917 -.00000064  00000+0  00000+0 0  9998
2 45358  64.8546 349.1101 0008381 234.9883 124.9333  2.13102478 26265
BEIDOU-3 G3             
1 45807U 20040A   23212.79379296 -.00000354  00000+0  00000+0 0  9993
2 45807   0.6502 336.9639 0004994  14.7783 353.6570  1.00267945 11548
NAVSTAR 79 (USA 304)    
1 45854U 20041A   23211.50054381 -.00000021  00000+0  00000+0 0  9990
2 45854  55.8503  70.1393 0034540 185.8576   8.1644  2.00564285 22912
GALAXY 30 (G-30)        
1 46114U 20056C   23212.63105432  .00000035  00000+0  00000+0 0  9999
2 46114   0.0162  60.0031 0002306  71.0394 280.1138  1.00271270 10860
COSMOS 2547             
1 46805U 20075A   23211.39426790  .00000114  00000+0  00000+0 0  9990
2 46805  64.6172 227.7134 0008831 243.6375 116.3354  2.13103012 21477
NAVSTAR 80 (USA 309)    
1 46826U 20078A   23211.31754839  .00000074  00000+0  00000+0 0  9991
2 46826  54.3283 253.5293 0034776 193.9775 203.3363  2.00562654 20383
NAVSTAR 81 (USA 319)    
1 48859U 21054A   23211.26144948 -.00000064  00000+0  00000+0 0  9992
2 48859  55.3314  14.6712 0010717 208.2502 329.5649  2.00575602 15622
QZS-1R                  
1 49336U 21096A   23211.64661596 -.00000286  00000+0  00000+0 0  9990
2 49336  35.2777  95.4671 0759308 272.1453 304.4892  1.00241660  6451
GSAT0223 (GALILEO 27)   
1 49809U 21116A   23212.81076728 -.00000073  00000+0  00000+0 0  9999
2 49809  57.2749  10.0292 0002896 150.4398 196.7081  1.70475625 10252
GSAT0224 (GALILEO 28)   
1 49810U 21116B   23211.48696500 -.00000069  00000+0  00000+0 0  9994
2 49810  57.2757  10.0634 0002780 140.5385 226.6427  1.70475691 10251
COSMOS 2557             
1 52984U 22075A   23213.43347383 -.00000065  00000+0  00000+0 0  9990
2 52984  64.7699 351.2607 0010840 278.4817  81.3953  2.13102151  8301
COSMOS 2559             
1 54031U 22130A   23212.43680364 -.00000063  00000+0  00000+0 0  9993
2 54031  64.7412 351.4241 0006163 211.4261 148.5380  2.13101346  6277
COSMOS 2564             
1 54377U 22161A   23212.16103662  .00000106  00000+0  00000+0 0  9998
2 54377  64.7579 227.7342 0011310 226.5426 133.4239  2.13102135  5217
NAVSTAR 82 (USA 343)    
1 55268U 23009A   23211.64166038  .00000066  00000+0  00000+0 0  9993
2 55268  55.0936 189.8131 0004050  95.3981  40.4786  2.00557949  4128
BEIDOU-3 G4             
1 56564U 23066A   23212.61614913 -.00000111  00000+0  00000+0 0  9996
2 56564   2.9304 288.9643 0007504 200.3735 201.3850  1.00269711   862
IRNSS-1J (NVS-01)       
1 56759U 23076A   23211.89076466 -.00000330  00000+0  00000+0 0  9990
2 56759   4.8303 272.7361 0004172 329.8538 155.7737  1.00263079   656
