NAVSTAR 43 (USA 132)    
1 24876U 97035A   23237.12633733 -.00000006  00000+0  00000+0 0  9991
2 24876  55.5851 138.7440 0072092  52.1027 308.5908  2.00563944191357
NAVSTAR 47 (USA 150)    
1 26360U 00025A   23237.43673285 -.00000014  00000+0  00000+0 0  9993
2 26360  54.4234  61.0078 0041372 198.8957 114.6585  2.00571394170679
NAVSTAR 51 (USA 166)    
1 27663U 03005A   23237.61093662  .00000082  00000+0  00000+0 0  9990
2 27663  55.2508 255.7976 0131629  44.6430  14.6050  2.00566546150720
NAVSTAR 52 (USA 168)    
1 27704U 03010A   23237.14463913 -.00000075  00000+0  00000+0 0  9993
2 27704  55.1155   5.7823 0248454 318.5118 342.0636  2.00574348149509
NAVSTAR 54 (USA 177)    
1 28190U 04009A   23237.35234786 -.00000046  00000+0  00000+0 0  9997
2 28190  55.6983 316.8668 0093020 138.1631 250.7701  2.00567546142355
NAVSTAR 56 (USA 180)    
1 28474U 04045A   23236.72720830 -.00000074  00000+0  00000+0 0  9993
2 28474  55.4424   6.1170 0161976 282.2767  70.2622  2.00579514137812
ANIK F1R                
1 28868U 05036A   23237.44076927 -.00000071  00000+0  00000+0 0  9999
2 28868   1.6602  89.1734 0002617  43.9931 251.6522  1.00272034 36153
NAVSTAR 57 (USA 183)    
1 28874U 05038A   23237.35578845 -.00000041  00000+0  00000+0 0  9991
2 28874  55.7498 314.3185 0139268 279.3825 133.2528  2.00576085131247
INMARSAT 4-F2           
1 28899U 05044A   23237.09632753  .00000014  00000+0  00000+0 0  9994
2 28899   3.8526  40.6340 0002961 117.0642 273.9918  1.00273480 65227
NAVSTAR 58 (USA 190)    
1 29486U 06042A   23237.59545052  .00000046  00000+0  00000+0 0  9991
2 29486  54.6861 192.0415 0102905  31.7343  95.7521  2.00570314123806
NAVSTAR 59 (USA 192)    
1 29601U 06052A   23237.33858228  .00000082  00000+0  00000+0 0  9995
2 29601  55.2716 254.7669 0084178  79.3443 281.6542  2.00577072122815
NAVSTAR 60 (USA 196)    
1 32260U 07047A   23237.15379959 -.00000010  00000+0  00000+0 0  9996
2 32260  53.4603 122.5635 0150959  70.3593 291.3286  2.00551882116219
COSMOS 2433             
1 32275U 07052A   23236.70877741 -.00000062  00000+0  00000+0 0  9997
2 32275  66.0251 350.2885 0003358 213.1048 146.8963  2.13104097123167
COSMOS 2432             
1 32276U 07052B   23237.21107431 -.00000063  00000+0  00000+0 0  9998
2 32276  66.0391 350.3804 0007978 323.4145   9.0281  2.13103216123198
NAVSTAR 61 (USA 199)    
1 32384U 07062A   23237.47163003 -.00000042  00000+0  00000+0 0  9991
2 32384  55.8814 315.1334 0024937 149.5590 210.0407  2.00558207114910
COSMOS 2434             
1 32393U 07065A   23235.55138370  .00000104  00000+0  00000+0 0  9998
2 32393  64.3379 226.7060 0000118 182.2537 260.9649  2.13103105121854
COSMOS 2436             
1 32395U 07065C   23237.24168622  .00000106  00000+0  00000+0 0  9993
2 32395  64.3465 226.7102 0015609 351.7382  83.7604  2.13102802121845
NAVSTAR 62 (USA 201)    
1 32711U 08012A   23237.06812365  .00000050  00000+0  00000+0 0  9996
2 32711  54.4532 190.8958 0177448 235.7742 122.5187  2.00556953113152
NAVSTAR 64 (USA 206)    
1 35752U 09043A   23237.33419126 -.00000006  00000+0  00000+0 0  9999
2 35752  55.4244  68.1169 0058449  68.6326 140.1935  2.00558461102760
COSMOS 2456             
1 36111U 09070A   23236.39467535  .00000012  00000+0  00000+0 0  9997
2 36111  64.4856 106.1824 0002547 329.5935 199.9167  2.13099212106528
COSMOS 2457             
1 36112U 09070B   23237.41229903  .00000015  00000+0  00000+0 0  9990
2 36112  64.4698 106.0130 0005324 149.2846 211.6099  2.13101372106556
COSMOS 2460             
1 36402U 10007C   23236.95702336 -.00000063  00000+0  00000+0 0  9992
2 36402  65.8876 348.9975 0001544 154.5398 205.3597  2.13106275104835
NAVSTAR 65 (USA 213)    
1 36585U 10022A   23237.46277796  .00000085  00000+0  00000+0 0  9998
2 36585  54.5702 249.9856 0108942  59.6616 358.3462  2.00561431 97001
BEIDOU-2 IGSO-1         
1 36828U 10036A   23237.40490904 -.00000128  00000+0  00000+0 0  9994
2 36828  54.2370 172.2625 0036752 189.4890 225.1965  1.00256226 47912
QZS-1 (MICHIBIKI-1)     
1 37158U 10045A   23235.98548465 -.00000031  00000+0  00000+0 0  9991
2 37158  42.8909 127.5505 0036254  12.7354 203.3381  0.88330244 47378
BEIDOU-2 G4             
1 37210U 10057A   23237.52936032 -.00000109  00000+0  00000+0 0  9992
2 37210   1.1529  60.3485 0005413 145.7393 117.9475  1.00271580 46990
BEIDOU-2 IGSO-2         
1 37256U 10068A   23237.59262625 -.00000161  00000+0  00000+0 0  9999
2 37256  49.4267 284.4250 0032334 212.2754 157.8510  1.00287028 46500
BEIDOU-2 IGSO-3         
1 37384U 11013A   23237.29033831 -.00000151  00000+0  00000+0 0  9993
2 37384  60.9236  49.9931 0027971 174.0901 321.5313  1.00284191 45368
GSAT-8                  
1 37605U 11022A   23237.10188468  .00000090  00000+0  00000+0 0  9997
2 37605   0.0437 289.3042 0003768 319.3355 176.2126  1.00270958 42911
NAVSTAR 66 (USA 232)    
1 37753U 11036A   23237.21281042 -.00000067  00000+0  00000+0 0  9995
2 37753  56.7424  11.8597 0127217  56.2626 267.1119  2.00568406 88670
BEIDOU-2 IGSO-4         
1 37763U 11038A   23237.29237071 -.00000056  00000+0  00000+0 0  9997
2 37763  54.5109 174.8038 0112034 228.2621 131.0030  1.00276094 44350
GSAT0101 (GALILEO-PFM)  
1 37846U 11060A   23237.32482163 -.00000072  00000+0  00000+0 0  9990
2 37846  57.1085   9.5702 0002130  74.1643 285.8663  1.70475867 73610
GSAT0102 (GALILEO-FM2)  
1 37847U 11060B   23237.24061309 -.00000072  00000+0  00000+0 0  9997
2 37847  57.1093   9.5724 0001306   4.7520 349.8930  1.70475273 73610
COSMOS 2476             
1 37867U 11064A   23237.44964824  .00000015  00000+0  00000+0 0  9995
2 37867  64.7659 107.6696 0021327 233.4756 294.5920  2.13101718 91881
COSMOS 2477             
1 37868U 11064B   23235.39400253  .00000011  00000+0  00000+0 0  9995
2 37868  64.7725 107.8090 0018588 234.3028 334.6361  2.13101662 91831
COSMOS 2475             
1 37869U 11064C   23237.28799365  .00000014  00000+0  00000+0 0  9994
2 37869  64.7803 107.7566 0022820 251.9090 288.4968  2.13102010 91886
BEIDOU-2 IGSO-5         
1 37948U 11073A   23237.01858858 -.00000118  00000+0  00000+0 0  9992
2 37948  49.5528 284.0996 0094948 220.3629 291.3128  1.00274979 42834
LUCH-5A                 
1 37951U 11074B   23237.44779167 -.00000046  00000+0  00000+0 0  9999
2 37951   6.1155  89.8694 0005131  50.3642 161.4184  1.00273530 42753
BEIDOU-2 G5             
1 38091U 12008A   23237.10188468  .00000062  00000+0  00000+0 0  9991
2 38091   1.6836  68.2285 0002207 164.2741 195.9691  1.00269625 42067
BEIDOU-2 M3             
1 38250U 12018A   23237.53316023 -.00000081  00000+0  00000+0 0  9998
2 38250  56.5168 339.2006 0022963 255.1517 104.6254  1.86231068 76822
BEIDOU-2 M4             
1 38251U 12018B   23237.46463863 -.00000080  00000+0  00000+0 0  9995
2 38251  56.4278 338.4966 0013785 254.6380 105.2419  1.86231793 76829
SES-5                   
1 38652U 12036A   23237.11785476  .00000039  00000+0  00000+0 0  9992
2 38652   0.0530 299.4804 0002155 206.6004 234.4510  1.00271528 34182
BEIDOU-2 M6             
1 38775U 12050B   23236.10073132 -.00000005  00000+0  00000+0 0  9995
2 38775  55.6817  97.1441 0012045 338.8777  21.1569  1.86231239 74162
GSAT-10                 
1 38779U 12051B   23236.10723709 -.00000158  00000+0  00000+0 0  9991
2 38779   0.0870 272.6580 0000826 333.1431 207.9393  1.00273162 39800
NAVSTAR 67 (USA 239)    
1 38833U 12053A   23237.24591429  .00000039  00000+0  00000+0 0  9999
2 38833  53.5139 185.6050 0141321  51.7388 309.5078  2.00566992 78840
GSAT0103 (GALILEO-FM3)  
1 38857U 12055A   23236.19078294  .00000004  00000+0  00000+0 0  9992
2 38857  55.2779 129.7998 0003127 269.8942  90.1316  1.70473657 67481
GSAT0104 (GALILEO-FM4)  
1 38858U 12055B   23236.74682990  .00000002  00000+0  00000+0 0  9996
2 38858  55.2780 129.7862 0000750 276.1978  83.8539  1.70474012 67496
BEIDOU-2 G6             
1 38953U 12059A   23237.58691052 -.00000173  00000+0  00000+0 0  9998
2 38953   1.7987  81.9754 0007923 316.9483 230.0185  1.00270685 39618
LUCH-5B                 
1 38977U 12061A   23236.37828340 -.00000131  00000+0  00000+0 0  9999
2 38977   8.2292  59.2131 0005869  98.5498 294.5439  1.00271878 39317
COSMOS 2485             
1 39155U 13019A   23237.17257195  .00000014  00000+0  00000+0 0  9994
2 39155  64.9261 108.2005 0021819 229.4033 130.4890  2.13101931 80399
NAVSTAR 68 (USA 242)    
1 39166U 13023A   23237.60649190 -.00000033  00000+0  00000+0 0  9991
2 39166  55.3649 310.5081 0114142  41.7650 319.1635  2.00564226 75291
IRNSS-1A                
1 39199U 13034A   23234.16657309  .00000084  00000+0  00000+0 0  9993
2 39199  33.3930  78.8870 0019847 176.2146 190.0723  1.00275588 37040
NAVSTAR 69 (USA 248)    
1 39533U 14008A   23237.10588550  .00000048  00000+0  00000+0 0  9995
2 39533  53.6012 191.1670 0067262 215.7910 143.7418  2.00551103 69083
ASTRA 5B                
1 39617U 14011B   23237.37896772  .00000141  00000+0  00000+0 0  9993
2 39617   0.0806 299.0166 0002691 230.1421 324.1428  1.00269207 34374
COSMOS 2492             
1 39620U 14012A   23236.18949685 -.00000062  00000+0  00000+0 0  9991
2 39620  65.7716 348.6432 0011058 318.9041  41.0368  2.13103101 73335
IRNSS-1B                
1 39635U 14017A   23236.02996104  .00000136  00000+0  00000+0 0  9994
2 39635  28.7263 257.8540 0020177 191.3452 308.6730  1.00271050 34481
LUCH-5V                 
1 39727U 14023A   23237.56715911 -.00000267  00000+0  00000+0 0  9994
2 39727   2.5475  77.3090 0002871 115.1758  79.9723  1.00274549 34067
NAVSTAR 70 (USA 251)    
1 39741U 14026A   23237.38762243 -.00000068  00000+0  00000+0 0  9992
2 39741  56.6954  11.3752 0028763 311.4664  48.2991  2.00557845 67946
COSMOS 2500             
1 40001U 14032A   23237.31144125 -.00000064  00000+0  00000+0 0  9992
2 40001  65.7094 348.4338 0007771 194.7646 165.2359  2.13105887 71576
NAVSTAR 71 (USA 256)    
1 40105U 14045A   23236.97404300 -.00000008  00000+0  00000+0 0  9994
2 40105  54.8091 129.4867 0024447 113.0391 247.2760  2.00576987 65479
GSAT0201 (GALILEO 5)    
1 40128U 14050A   23237.10209032 -.00000057  00000+0  00000+0 0  9990
2 40128  49.9444 314.9771 1609344 139.9857 233.0807  1.85519072 59265
GSAT0202 (GALILEO 6)    
1 40129U 14050B   23237.36151587 -.00000054  00000+0  00000+0 0  9997
2 40129  49.9636 314.0381 1607219 140.8063 232.0349  1.85519702 61438
IRNSS-1C                
1 40269U 14061A   23237.09077334 -.00000160  00000+0  00000+0 0  9999
2 40269   3.9393 113.0290 0020209  16.2746 319.4910  1.00272407 32381
NAVSTAR 72 (USA 258)    
1 40294U 14068A   23236.85237782 -.00000005  00000+0  00000+0 0  9990
2 40294  56.1675  70.8714 0049006  61.5035 299.0562  2.00571102 64604
COSMOS 2501             
1 40315U 14075A   23237.09200158  .00000104  00000+0  00000+0 0  9995
2 40315  63.6411 226.0167 0020182 211.6446 148.2501  2.13101349 67960
NAVSTAR 73 (USA 260)    
1 40534U 15013A   23237.48622410  .00000085  00000+0  00000+0 0  9991
2 40534  53.4690 246.6985 0079936  25.1474 335.2789  2.00555277 61234
GSAT0203 (GALILEO 7)    
1 40544U 15017A   23234.75797804 -.00000073  00000+0  00000+0 0  9991
2 40544  56.9037   9.6141 0002636 220.6603 139.3273  1.70476174 51658
GSAT0204 (GALILEO 8)    
1 40545U 15017B   23236.77132544 -.00000072  00000+0  00000+0 0  9999
2 40545  56.9097   9.5738 0003200 203.2923 156.7011  1.70475543 14736
IRNSS-1D                
1 40547U 15018A   23236.87747240 -.00000249  00000+0  00000+0 0  9994
2 40547  28.0936 257.8117 0020546 191.4043 311.3073  1.00268363 30943
BEIDOU-3S IGSO-1S       
1 40549U 15019A   23236.19330503 -.00000158  00000+0  00000+0 0  9991
2 40549  51.1206 307.7053 0040648 195.4159 353.1874  1.00258511 30760
NAVSTAR 74 (USA 262)    
1 40730U 15033A   23236.65061754 -.00000035  00000+0  00000+0 0  9993
2 40730  54.8543 309.1656 0084924  14.0108 346.2874  2.00555786 59383
BEIDOU-3S M2S           
1 40748U 15037A   23237.13053377 -.00000080  00000+0  00000+0 0  9992
2 40748  55.6685 337.1134 0010779 239.7430 120.1844  1.86233086 54998
BEIDOU-3S M1S           
1 40749U 15037B   23236.86367058 -.00000080  00000+0  00000+0 0  9996
2 40749  55.6716 337.1088 0002779 306.8343  53.1744  1.86232832 54983
GSAT0205 (GALILEO 9)    
1 40889U 15045A   23236.53927474  .00000073  00000+0  00000+0 0  9999
2 40889  55.3692 249.9948 0003323 357.2511   2.7901  1.70473430 49495
GSAT0206 (GALILEO 10)   
1 40890U 15045B   23235.58678725  .00000069  00000+0  00000+0 0  9992
2 40890  55.3688 250.0167 0002288 321.6410  38.3831  1.70473517 49505
BEIDOU-3S IGSO-2S       
1 40938U 15053A   23237.04768692 -.00000082  00000+0  00000+0 0  9996
2 40938  50.8254 270.8658 0047726 194.5057 340.5082  1.00285513 29056
NAVSTAR 75 (USA 265)    
1 41019U 15062A   23235.20788423 -.00000013  00000+0  00000+0 0  9991
2 41019  56.1502  70.7854 0088591 221.0512 138.3426  2.00562202 57199
GSAT-15                 
1 41028U 15065A   23237.58847057 -.00000255  00000+0  00000+0 0  9994
2 41028   0.0854 273.9818 0002312 201.7455 163.2184  1.00271287 28502
GSAT0209 (GALILEO 12)   
1 41174U 15079A   23236.93165042  .00000002  00000+0  00000+0 0  9995
2 41174  55.2959 129.4863 0003365 326.1166  33.9224  1.70473869 47266
GSAT0208 (GALILEO 11)   
1 41175U 15079B   23237.15126477  .00000001  00000+0  00000+0 0  9999
2 41175  55.2943 129.4784 0002660 331.8640  28.1817  1.70473780 47681
IRNSS-1E                
1 41241U 16003A   23237.49424302 -.00000301  00000+0  00000+0 0  9990
2 41241  30.9533  77.9445 0019825 173.7380  11.5571  1.00269840 27781
NAVSTAR 76 (USA 266)    
1 41328U 16007A   23236.79633901 -.00000007  00000+0  00000+0 0  9992
2 41328  55.0135 130.2697 0071712 234.5775 124.8073  2.00550667 55239
COSMOS 2514             
1 41330U 16008A   23237.54251685 -.00000065  00000+0  00000+0 0  9999
2 41330  65.5066 348.0099 0011428 205.1915 154.7760  2.13102526 58749
IRNSS-1F                
1 41384U 16015A   23237.09424465  .00000162  00000+0  00000+0 0  9991
2 41384   2.9120 130.3095 0018153 177.0782  91.9961  1.00265973 27363
BEIDOU-2 IGSO-6         
1 41434U 16021A   23237.39556993 -.00000130  00000+0  00000+0 0  9995
2 41434  58.7375  48.3675 0047091 217.7348 305.8437  1.00284820 27182
IRNSS-1G                
1 41469U 16027A   23237.55049618 -.00000333  00000+0  00000+0 0  9993
2 41469   2.8050 132.0034 0003822 356.0159 173.2835  1.00268638 26885
GSAT0211 (GALILEO 14)   
1 41549U 16030A   23237.27223125  .00000076  00000+0  00000+0 0  9995
2 41549  55.5151 249.9492 0003918 307.0377  52.9715  1.70473531 45160
GSAT0210 (GALILEO 13)   
1 41550U 16030B   23235.80400540  .00000071  00000+0  00000+0 0  9997
2 41550  55.5153 249.9908 0004222 272.8261  87.1666  1.70473648 45137
COSMOS 2516             
1 41554U 16032A   23237.18827344  .00000105  00000+0  00000+0 0  9999
2 41554  63.8676 226.4114 0015522 214.7675 145.1478  2.13106415 56345
BEIDOU-2 G7             
1 41586U 16037A   23237.55604751 -.00000352  00000+0  00000+0 0  9990
2 41586   1.8458  68.2876 0007874 348.1330 227.8201  1.00276228 26498
EUTELSAT 117 WEST B     
1 41589U 16038B   23237.28174392 -.00000007  00000+0  00000+0 0  9994
2 41589   0.0052 325.6953 0000271 305.6069  46.4074  1.00272740 26363
GSAT0207 (GALILEO 15)   
1 41859U 16069A   23237.22550055  .00000000  00000+0  00000+0 0  9998
2 41859  54.9585 129.5526 0003353 306.9773  53.0517  1.70473827 41896
GSAT0212 (GALILEO 16)   
1 41860U 16069B   23237.08017750  .00000001  00000+0  00000+0 0  9995
2 41860  54.9560 129.5535 0002541 349.0650  10.9893  1.70474010 42144
GSAT0213 (GALILEO 17)   
1 41861U 16069C   23234.51323833  .00000009  00000+0  00000+0 0  9991
2 41861  54.9575 129.6307 0003187 280.2221  79.8081  1.70472742 41968
GSAT0214 (GALILEO 18)   
1 41862U 16069D   23237.00681060  .00000001  00000+0  00000+0 0  9990
2 41862  54.9569 129.5555 0002178 288.8087  71.2276  1.70472546 42133
SES-15                  
1 42709U 17026A   23237.58899171  .00000064  00000+0  00000+0 0  9991
2 42709   0.0211  40.6305 0000514  87.1548 288.6775  1.00268574 23842
QZS-2 (MICHIBIKI-2)     
1 42738U 17028A   23237.38255135 -.00000086  00000+0  00000+0 0  9994
2 42738  41.0593 258.0072 0753223 269.9476  84.5691  1.00267617 22857
QZS-3 (MICHIBIKI-3)     
1 42917U 17048A   23237.05119031 -.00000343  00000+0  00000+0 0  9999
2 42917   0.0716 142.2650 0002739  18.7196 317.4867  1.00267317 21963
COSMOS 2522             
1 42939U 17055A   23235.03807713  .00000101  00000+0  00000+0 0  9999
2 42939  64.1019 227.0074 0010105 243.2406 116.6696  2.13101996 46041
QZS-4 (MICHIBIKI-4)     
1 42965U 17062A   23236.63735201 -.00000302  00000+0  00000+0 0  9999
2 42965  40.6404 356.5830 0747005 269.0965  75.6045  1.00283789 21509
BEIDOU-3 M1             
1 43001U 17069A   23236.94098618 -.00000002  00000+0  00000+0 0  9993
2 43001  55.8336  97.1742 0008174 302.1682  57.8369  1.86231530 39472
BEIDOU-3 M2             
1 43002U 17069B   23236.87769543 -.00000002  00000+0  00000+0 0  9998
2 43002  55.8331  97.2117 0006684 333.2468  26.8032  1.86231118 39460
GSAT0215 (GALILEO 19)   
1 43055U 17079A   23236.32247788  .00000073  00000+0  00000+0 0  9996
2 43055  55.4919 249.8015 0003769 267.4808  92.5182  1.70474215 35467
GSAT0216 (GALILEO 20)   
1 43056U 17079B   23236.02781840  .00000072  00000+0  00000+0 0  9995
2 43056  55.4925 249.8095 0005309 272.9611  87.0195  1.70474391 35477
GSAT0217 (GALILEO 21)   
1 43057U 17079C   23235.66158619  .00000070  00000+0  00000+0 0  9995
2 43057  55.4921 249.8185 0004688 284.8876  75.1008  1.70474332 35452
GSAT0218 (GALILEO 22)   
1 43058U 17079D   23237.05481251  .00000075  00000+0  00000+0 0  9997
2 43058  55.4902 249.7777 0005778 270.5115  89.4665  1.70474264 35504
BEIDOU-3 M7             
1 43107U 18003A   23234.48075335 -.00000083  00000+0  00000+0 0  9996
2 43107  55.1261 337.9254 0003870  78.7242 281.3542  1.86232528 38179
BEIDOU-3 M8             
1 43108U 18003B   23235.49265739 -.00000082  00000+0  00000+0 0  9997
2 43108  55.1186 337.8778 0003659 240.8599 119.1381  1.86230922 38207
BEIDOU-3 M4             
1 43207U 18018A   23237.00899589 -.00000002  00000+0  00000+0 0  9990
2 43207  55.7924  97.2713 0005091   9.3124 350.7815  1.86231459 37618
BEIDOU-3 M3             
1 43208U 18018B   23237.07564368 -.00000001  00000+0  00000+0 0  9991
2 43208  55.7919  97.2735 0006208 318.6446  41.3929  1.86231330 37618
BEIDOU-3 M9             
1 43245U 18029A   23237.29850388 -.00000079  00000+0  00000+0 0  9993
2 43245  55.0194 335.5642 0001178 199.0952 160.9360  1.86232524 36775
BEIDOU-3 M10            
1 43246U 18029B   23236.15466312 -.00000080  00000+0  00000+0 0  9990
2 43246  55.0170 335.6315 0002734   3.1527 356.8856  1.86232903 36733
IRNSS-1I                
1 43286U 18035A   23235.67175032  .00000085  00000+0  00000+0 0  9997
2 43286  29.2209  90.3812 0019476 177.8711   0.4886  1.00278616 19761
COSMOS 2527             
1 43508U 18053A   23235.46601853  .00000011  00000+0  00000+0 0  9995
2 43508  65.0870 108.3483 0007399 222.7352 137.2907  2.13102455 40350
BEIDOU-2 IGSO-7         
1 43539U 18057A   23236.74563203 -.00000128  00000+0  00000+0 0  9991
2 43539  55.1212 171.9524 0064575 231.4917 310.6186  1.00286873 18846
GSAT0221 (GALILEO 25)   
1 43564U 18060A   23236.36791073 -.00000071  00000+0  00000+0 0  9996
2 43564  57.2843   9.4959 0002293 253.2125 106.7703  1.70476019 31648
GSAT0222 (GALILEO 26)   
1 43565U 18060B   23235.99939588 -.00000071  00000+0  00000+0 0  9990
2 43565  57.2877   9.5069 0003024 205.1952 154.7981  1.70475775 31689
GSAT0219 (GALILEO 23)   
1 43566U 18060C   23237.39490994 -.00000072  00000+0  00000+0 0  9991
2 43566  57.2871   9.4713 0001383 257.3703 102.6212  1.70475976 31680
GSAT0220 (GALILEO 24)   
1 43567U 18060D   23236.44214631 -.00000071  00000+0  00000+0 0  9998
2 43567  57.2864   9.4981 0001616 250.2487 109.7418  1.70475852 31656
BEIDOU-3 M5             
1 43581U 18062A   23237.44888512  .00000087  00000+0  00000+0 0  9998
2 43581  54.1802 217.2498 0005532 278.4026  81.5288  1.86231836 34513
BEIDOU-3 M6             
1 43582U 18062B   23237.31468822  .00000088  00000+0  00000+0 0  9994
2 43582  54.1798 217.2440 0004927 351.6467   8.3394  1.86229631 34510
BEIDOU-3 M12            
1 43602U 18067A   23237.25108398  .00000087  00000+0  00000+0 0  9993
2 43602  54.2672 215.9002 0006877  10.7631 349.2444  1.86231531 33992
BEIDOU-3 M11            
1 43603U 18067B   23235.77405956  .00000092  00000+0  00000+0 0  9995
2 43603  54.2646 215.9162 0004030 353.3974   6.5889  1.86231504 33992
BEIDOU-3 M13            
1 43622U 18072A   23236.26979564 -.00000004  00000+0  00000+0 0  9992
2 43622  55.7616  96.8358 0004899 300.8395  59.1965  1.86231642 33516
BEIDOU-3 M14            
1 43623U 18072B   23237.20915559 -.00000001  00000+0  00000+0 0  9999
2 43623  55.7641  96.7970 0003455 344.3954  15.6787  1.86231632 33524
BEIDOU-3 M16            
1 43647U 18078A   23236.29736119 -.00000080  00000+0  00000+0 0  9999
2 43647  54.9159 335.7213 0006008  12.1214 347.9292  1.86227264 33019
BEIDOU-3 M15            
1 43648U 18078B   23236.42827234 -.00000080  00000+0  00000+0 0  9994
2 43648  54.9114 335.7207 0003001  28.1592 331.8932  1.86232227 33030
BEIDOU-3 G1             
1 43683U 18085A   23237.51768123 -.00000275  00000+0  00000+0 0  9999
2 43683   1.4911 125.0988 0003313 346.3623 188.5034  1.00270984 17763
COSMOS 2529             
1 43687U 18086A   23235.56532078  .00000104  00000+0  00000+0 0  9995
2 43687  64.3171 227.4216 0011718 261.7887  98.0940  2.13102084 37363
BEIDOU-3 M17            
1 43706U 18093A   23237.11334845  .00000089  00000+0  00000+0 0  9992
2 43706  54.2626 217.1779 0010587 279.1580  80.7166  1.86231936 32411
BEIDOU-3 M18            
1 43707U 18093B   23236.97918702  .00000090  00000+0  00000+0 0  9998
2 43707  54.2634 217.1741 0008713 303.0515  56.8592  1.86229749 32408
NAVSTAR 77 (USA 289)    
1 43873U 18109A   23237.17300046 -.00000007  00000+0  00000+0 0  9998
2 43873  55.1898 132.7678 0025454 191.5471 336.0532  2.00568387 34474
BEIDOU-3 IGSO-1         
1 44204U 19023A   23237.32418420 -.00000188  00000+0  00000+0 0  9996
2 44204  57.2035  48.3491 0023472 194.0247 327.1115  1.00285363 16041
BEIDOU-2 G8             
1 44231U 19027A   23237.51906664 -.00000244  00000+0  00000+0 0  9996
2 44231   1.9289  81.1646 0005831 122.8182 100.9114  1.00274549 15781
COSMOS 2534             
1 44299U 19030A   23237.50760201  .00000105  00000+0  00000+0 0  9993
2 44299  64.3894 227.2810 0013760 280.6127 263.6165  2.13101922 33049
BEIDOU-3 IGSO-2         
1 44337U 19035A   23237.41452593 -.00000144  00000+0  00000+0 0  9997
2 44337  55.1538 167.8804 0033065 197.4486 236.9959  1.00277699 15370
NAVSTAR 78 (USA 293)    
1 44506U 19056A   23236.57370208 -.00000068  00000+0  00000+0 0  9991
2 44506  55.8196  11.8674 0036459 184.3629 170.3164  2.00565367 29458
BEIDOU-3 M24            
1 44542U 19061A   23236.51404091  .00000093  00000+0  00000+0 0  9996
2 44542  54.4901 217.4256 0008345 336.4706  23.4857  1.86231450 26658
BEIDOU-3 M23            
1 44543U 19061B   23237.45425641  .00000088  00000+0  00000+0 0  9999
2 44543  54.4882 217.3633 0006006 320.1971 222.0122  1.86231709 26672
BEIDOU-3 IGSO-3         
1 44709U 19073A   23237.55228081 -.00000154  00000+0  00000+0 0  9991
2 44709  56.5493 291.8552 0035277 189.2326 170.8160  1.00285198 14164
BEIDOU-3 M22            
1 44793U 19078A   23236.35933914 -.00000080  00000+0  00000+0 0  9992
2 44793  54.7642 335.6878 0004952  21.5844 338.4727  1.86232234 25508
BEIDOU-3 M21            
1 44794U 19078B   23235.41603950 -.00000081  00000+0  00000+0 0  9994
2 44794  54.7387 335.7027 0002888  16.8666 343.1801  1.86232681 25497
COSMOS 2544             
1 44850U 19088A   23237.28677428  .00000015  00000+0  00000+0 0  9992
2 44850  65.0736 108.1303 0011625 253.9899 105.9647  2.13102174 28830
BEIDOU-3 M19            
1 44864U 19090A   23235.46739953 -.00000006  00000+0  00000+0 0  9991
2 44864  55.6949  97.0507 0015770 276.6142 311.6962  1.86231873 25073
BEIDOU-3 M20            
1 44865U 19090B   23237.30332671  .00000000  00000+0  00000+0 0  9996
2 44865  55.6982  97.0220 0013689 291.4390 177.5604  1.86231702 25095
BEIDOU-3 G2             
1 45344U 20017A   23237.43035368 -.00000137  00000+0  00000+0 0  9999
2 45344   2.0420  15.6226 0003381 142.1649  50.6201  1.00270795 12967
COSMOS 2545             
1 45358U 20018A   23235.60649589 -.00000063  00000+0  00000+0 0  9996
2 45358  64.8475 348.3301 0009385 235.9059 124.0303  2.13102577 26741
BEIDOU-3 G3             
1 45807U 20040A   23237.59374757 -.00000349  00000+0  00000+0 0  9999
2 45807   0.6251 341.5375 0004714 350.7784 325.5098  1.00266202 11775
NAVSTAR 79 (USA 304)    
1 45854U 20041A   23236.59887083 -.00000008  00000+0  00000+0 0  9994
2 45854  55.8725  69.1480 0035670 185.9885 130.2955  2.00563795 23426
GALAXY 30 (G-30)        
1 46114U 20056C   23237.59185859  .00000040  00000+0  00000+0 0  9998
2 46114   0.0103 131.5940 0002259  21.8283 268.2395  1.00272187 10999
COSMOS 2547             
1 46805U 20075A   23237.20336467  .00000107  00000+0  00000+0 0  9991
2 46805  64.6169 226.8443 0008715 244.0359 115.8921  2.13102940 22029
NAVSTAR 80 (USA 309)    
1 46826U 20078A   23237.41970990  .00000082  00000+0  00000+0 0  9997
2 46826  54.3172 252.4679 0035575 194.7046 329.7156  2.00562706 20914
NAVSTAR 81 (USA 319)    
1 48859U 21054A   23237.44292272 -.00000068  00000+0  00000+0 0  9998
2 48859  55.3369  13.6237 0011721 209.6885 153.4807  2.00574141 16165
QZS-1R                  
1 49336U 21096A   23223.74525463 -.00000331  00000+0  00000+0 0  9997
2 49336  35.3005  95.2790 0740332 268.7858 355.3268  1.00301615  6575
GSAT0223 (GALILEO 27)   
1 49809U 21116A   23237.47886017 -.00000073  00000+0  00000+0 0  9998
2 49809  57.2778   9.3660 0003228 167.9966 198.5186  1.70475931 10681
GSAT0224 (GALILEO 28)   
1 49810U 21116B   23237.29094565 -.00000072  00000+0  00000+0 0  9998
2 49810  57.2789   9.3694 0002846 156.8115 206.8586  1.70475986 10700
COSMOS 2557             
1 52984U 22075A   23236.89654192 -.00000064  00000+0  00000+0 0  9993
2 52984  64.7635 350.4455 0011461 276.2247  83.6668  2.13102250  8821
COSMOS 2559             
1 54031U 22130A   23236.83847841 -.00000064  00000+0  00000+0 0  9999
2 54031  64.7346 350.5756 0006828 214.7749 145.2025  2.13101473  6797
COSMOS 2564             
1 54377U 22161A   23237.03172958  .00000107  00000+0  00000+0 0  9996
2 54377  64.7575 226.9012 0011154 226.8150 133.1096  2.13102160  5745
NAVSTAR 82 (USA 343)    
1 55268U 23009A   23237.14007773  .00000047  00000+0  00000+0 0  9995
2 55268  55.0917 188.8138 0004218  92.0378  94.4629  2.00556354  4644
BEIDOU-3 G4             
1 56564U 23066A   23237.52474900 -.00000107  00000+0  00000+0 0  9998
2 56564   2.8710 288.8387 0007363 206.2695 187.2560  1.00273081  1102
IRNSS-1J (NVS-01)       
1 56759U 23076A   23237.55049618 -.00000332  00000+0  00000+0 0  9992
2 56759   4.7671 272.2546 0005657 338.8538  50.0764  1.00266035   823
