NAVSTAR 43 (USA 132)    
1 24876U 97035A   23227.15472251 -.00000028  00000+0  00000+0 0  9993
2 24876  55.5835 139.1335 0071633  51.8714 308.7897  2.00564040190958
NAVSTAR 47 (USA 150)    
1 26360U 00025A   23228.51993958 -.00000038  00000+0  00000+0 0  9990
2 26360  54.4156  61.3728 0041264 198.6290 156.2720  2.00572197170490
NAVSTAR 51 (USA 166)    
1 27663U 03005A   23228.18495205  .00000035  00000+0  00000+0 0  9999
2 27663  55.2550 256.1728 0131450  44.6329  48.4544  2.00567205150520
NAVSTAR 52 (USA 168)    
1 27704U 03010A   23228.77519637 -.00000100  00000+0  00000+0 0  9996
2 27704  55.1153   6.1196 0248337 318.3238  58.7858  2.00574182149330
NAVSTAR 54 (USA 177)    
1 28190U 04009A   23229.07418057 -.00000064  00000+0  00000+0 0  9992
2 28190  55.7048 317.1957 0093090 137.7363  33.8374  2.00567980142210
NAVSTAR 56 (USA 180)    
1 28474U 04045A   23228.24941484 -.00000101  00000+0  00000+0 0  9992
2 28474  55.4423   6.4557 0161776 282.0727  68.6117  2.00579416137647
ANIK F1R                
1 28868U 05036A   23229.04630359 -.00000078  00000+0  00000+0 0  9998
2 28868   1.6400  89.2941 0002606  31.7389 113.4834  1.00272579 65775
NAVSTAR 57 (USA 183)    
1 28874U 05038A   23229.40067078 -.00000059  00000+0  00000+0 0  9998
2 28874  55.7562 314.6344 0139034 279.2939 148.9950  2.00576812131076
INMARSAT 4-F2           
1 28899U 05044A   23228.77694760  .00000007  00000+0  00000+0 0  9997
2 28899   3.8500  40.6305 0002571 115.6304 152.2356  1.00271058 65118
NAVSTAR 58 (USA 190)    
1 29486U 06042A   23229.44021810  .00000018  00000+0  00000+0 0  9996
2 29486  54.6868 192.3647 0102744  31.4767 327.2881  2.00570939123783
NAVSTAR 59 (USA 192)    
1 29601U 06052A   23227.36767570  .00000040  00000+0  00000+0 0  9990
2 29601  55.2759 255.1631 0084216  79.3138 281.7004  2.00576655122652
NAVSTAR 60 (USA 196)    
1 32260U 07047A   23227.18169216 -.00000028  00000+0  00000+0 0  9990
2 32260  53.4563 122.9770 0150581  70.0998 291.5650  2.00552524116036
COSMOS 2433             
1 32275U 07052A   23228.26210483 -.00000084  00000+0  00000+0 0  9997
2 32275  66.0274 350.5687 0003057 208.5273 151.4623  2.13104282123025
COSMOS 2432             
1 32276U 07052B   23228.56763174 -.00000082  00000+0  00000+0 0  9999
2 32276  66.0416 350.6669 0007872 326.1384 215.3644  2.13103418123027
NAVSTAR 61 (USA 199)    
1 32384U 07062A   23228.51275934 -.00000062  00000+0  00000+0 0  9995
2 32384  55.8883 315.4878 0024991 148.7887 222.2569  2.00557973114803
COSMOS 2434             
1 32393U 07065A   23228.62649050  .00000052  00000+0  00000+0 0  9992
2 32393  64.3381 226.9415 0000212 200.8045 329.8383  2.13103174121732
COSMOS 2436             
1 32395U 07065C   23228.46526029  .00000052  00000+0  00000+0 0  9996
2 32395  64.3467 227.0085 0015541 351.3844 191.1058  2.13102916121668
NAVSTAR 62 (USA 201)    
1 32711U 08012A   23228.59199513  .00000009  00000+0  00000+0 0  9991
2 32711  54.4539 191.2337 0177358 235.7072 122.5654  2.00556826112989
NAVSTAR 64 (USA 206)    
1 35752U 09043A   23227.36298191 -.00000029  00000+0  00000+0 0  9993
2 35752  55.4157  68.5151 0058504  68.2433 141.0444  2.00559197102543
COSMOS 2456             
1 36111U 09070A   23229.13313317  .00000017  00000+0  00000+0 0  9994
2 36111  64.4827 106.4318 0002816 327.5830  31.1894  2.13099333106403
COSMOS 2457             
1 36112U 09070B   23229.22257976  .00000017  00000+0  00000+0 0  9993
2 36112  64.4667 106.2944 0005048 150.7732  47.2624  2.13101492106416
COSMOS 2460             
1 36402U 10007C   23228.93745597 -.00000080  00000+0  00000+0 0  9996
2 36402  65.8901 349.2650 0001627 142.1202 185.3630  2.13106462104751
NAVSTAR 65 (USA 213)    
1 36585U 10022A   23228.65978168  .00000035  00000+0  00000+0 0  9995
2 36585  54.5736 250.3413 0108760  59.6861 122.1590  2.00561095 96816
BEIDOU-2 IGSO-1         
1 36828U 10036A   23228.83210586 -.00000145  00000+0  00000+0 0  9996
2 36828  54.2373 172.3393 0036727 190.1461  10.2969  1.00259174 47847
QZS-1 (MICHIBIKI-1)     
1 37158U 10045A   23224.51019722 -.00000072  00000+0  00000+0 0  9992
2 37158  42.7913 127.6971 0037647 277.2224 272.4955  0.88387770 47281
BEIDOU-2 G4             
1 37210U 10057A   23228.74112817 -.00000117  00000+0  00000+0 0  9992
2 37210   1.1350  59.9521 0005165 147.3563 184.2849  1.00272714 46901
BEIDOU-2 IGSO-2         
1 37256U 10068A   23228.58741814 -.00000162  00000+0  00000+0 0  9991
2 37256  49.4418 284.5328 0032331 210.9854 147.8233  1.00290623 46403
BEIDOU-2 IGSO-3         
1 37384U 11013A   23229.46633627 -.00000152  00000+0  00000+0 0  9993
2 37384  60.9125  50.0675 0027501 173.8767  17.0549  1.00286899 45296
GSAT-8                  
1 37605U 11022A   23229.48730102  .00000082  00000+0  00000+0 0  9998
2 37605   0.0156 108.3753 0003960 141.8046 305.9032  1.00273978 44865
NAVSTAR 66 (USA 232)    
1 37753U 11036A   23227.77338488 -.00000097  00000+0  00000+0 0  9995
2 37753  56.7408  12.2250 0127263  56.1748 291.3513  2.00568548 88481
BEIDOU-2 IGSO-4         
1 37763U 11038A   23228.78705924 -.00000091  00000+0  00000+0 0  9997
2 37763  54.5116 174.8789 0112102 228.4338 300.3532  1.00278274 44253
GSAT0101 (GALILEO-PFM)  
1 37846U 11060A   23227.93945678 -.00000093  00000+0  00000+0 0  9994
2 37846  57.1070   9.8235 0002448  70.7383 289.2828  1.70476154 73580
GSAT0102 (GALILEO-FM2)  
1 37847U 11060B   23227.56753872 -.00000094  00000+0  00000+0 0  9998
2 37847  57.1081   9.8335 0001538  13.6502 164.4319  1.70475537 73574
COSMOS 2476             
1 37867U 11064A   23229.45998677  .00000018  00000+0  00000+0 0  9993
2 37867  64.7630 107.9410 0021415 234.3197 284.3621  2.13101844 91766
COSMOS 2477             
1 37868U 11064B   23228.32210729  .00000012  00000+0  00000+0 0  9998
2 37868  64.7700 108.0490 0018665 235.1228 308.5103  2.13101763 91698
COSMOS 2475             
1 37869U 11064C   23229.29717942  .00000018  00000+0  00000+0 0  9991
2 37869  64.7775 108.0280 0022995 252.5777 277.5500  2.13102147 91728
BEIDOU-2 IGSO-5         
1 37948U 11073A   23228.12271455 -.00000117  00000+0  00000+0 0  9995
2 37948  49.5674 284.2056 0094830 219.9070 320.3262  1.00277705 43012
LUCH-5A                 
1 37951U 11074B   23229.52478139 -.00000050  00000+0  00000+0 0  9999
2 37951   6.0963  90.0083 0005023  47.6282 183.8692  1.00273393 42810
BEIDOU-2 G5             
1 38091U 12008A   23229.43769031  .00000055  00000+0  00000+0 0  9991
2 38091   1.6664  68.1132 0002083 169.9972 303.7752  1.00268120 42107
BEIDOU-2 M3             
1 38250U 12018A   23228.98214648 -.00000099  00000+0  00000+0 0  9996
2 38250  56.5156 339.4832 0022041 254.9461 131.8464  1.86231174 77015
BEIDOU-2 M4             
1 38251U 12018B   23228.87336358 -.00000099  00000+0  00000+0 0  9998
2 38251  56.4327 338.7818 0013493 254.4243 105.4486  1.86232035 77013
SES-5                   
1 38652U 12036A   23229.06861778  .00000030  00000+0  00000+0 0  9998
2 38652   0.0170 306.0292 0001873 193.8223 215.0202  1.00269878 40684
BEIDOU-2 M6             
1 38775U 12050B   23229.12036781 -.00000005  00000+0  00000+0 0  9998
2 38775  55.6765  97.3783 0012313 338.4600  21.5829  1.86231386 74384
GSAT-10                 
1 38779U 12051B   23228.67896528 -.00000169  00000+0  00000+0 0  9996
2 38779   0.1040 271.8377 0001012   3.9362  16.4260  1.00270761 39907
NAVSTAR 67 (USA 239)    
1 38833U 12053A   23227.27452570 -.00000006  00000+0  00000+0 0  9999
2 38833  53.5147 186.0122 0140668  51.5487 309.6633  2.00566936 79538
GSAT0103 (GALILEO-FM3)  
1 38857U 12055A   23228.56511751 -.00000014  00000+0  00000+0 0  9996
2 38857  55.2758 130.0095 0004459 271.6353  88.3610  1.70473920 67497
GSAT0104 (GALILEO-FM4)  
1 38858U 12055B   23227.36148357 -.00000023  00000+0  00000+0 0  9992
2 38858  55.2753 130.0442 0000134 273.3140  86.7221  1.70473971 67449
BEIDOU-2 G6             
1 38953U 12059A   23228.72604865 -.00000180  00000+0  00000+0 0  9998
2 38953   1.7777  82.0202 0008134 315.5754 272.6942  1.00273119 39669
LUCH-5B                 
1 38977U 12061A   23229.35107670 -.00000137  00000+0  00000+0 0  9991
2 38977   8.2147  59.2766 0005648  97.4019 278.8956  1.00272912 39805
COSMOS 2485             
1 39155U 13019A   23227.78736511  .00000008  00000+0  00000+0 0  9997
2 39155  64.9229 108.5173 0021906 230.3863 129.5035  2.13102071 80195
NAVSTAR 68 (USA 242)    
1 39166U 13023A   23228.13348765 -.00000056  00000+0  00000+0 0  9998
2 39166  55.3725 310.8879 0114094  41.8011 319.1249  2.00564449 75098
IRNSS-1A                
1 39199U 13034A   23228.64878218  .00000079  00000+0  00000+0 0  9997
2 39199  33.3802  78.9699 0019671 176.3822 357.9572  1.00273899 37268
NAVSTAR 69 (USA 248)    
1 39533U 14008A   23228.13092420  .00000005  00000+0  00000+0 0  9997
2 39533  53.6020 191.5323 0067269 215.7870 143.7233  2.00550723 69456
ASTRA 5B                
1 39617U 14011B   23229.06369013  .00000133  00000+0  00000+0 0  9994
2 39617   0.0618 302.0624 0003064 233.5575 195.9601  1.00271996 34499
COSMOS 2492             
1 39620U 14012A   23229.15057589 -.00000079  00000+0  00000+0 0  9991
2 39620  65.7737 348.8789 0010932 320.6570  39.2742  2.13103289 73187
IRNSS-1B                
1 39635U 14017A   23228.64878218  .00000123  00000+0  00000+0 0  9994
2 39635  28.7425 257.9790 0020571 192.3597 163.1292  1.00276187 34403
LUCH-5V                 
1 39727U 14023A   23228.83962400 -.00000272  00000+0  00000+0 0  9997
2 39727   2.5264  77.3700 0003193 115.4126 169.1532  1.00269504552128
NAVSTAR 70 (USA 251)    
1 39741U 14026A   23228.91145199 -.00000093  00000+0  00000+0 0  9994
2 39741  56.6944  11.7032 0028652 311.8428  47.9154  2.00558719 67767
COSMOS 2500             
1 40001U 14032A   23228.39559640 -.00000083  00000+0  00000+0 0  9993
2 40001  65.7122 348.7331 0007573 192.3615 167.6287  2.13106091 71387
NAVSTAR 71 (USA 256)    
1 40105U 14045A   23228.00019993 -.00000017  00000+0  00000+0 0  9999
2 40105  54.8064 129.8454 0024057 112.9243 247.3722  2.00576526 66183
GSAT0201 (GALILEO 5)    
1 40128U 14050A   23225.24419721 -.00000093  00000+0  00000+0 0  9990
2 40128  49.9549 315.4514 1609829 139.5351 233.6460  1.85519277 60984
GSAT0202 (GALILEO 6)    
1 40129U 14050B   23229.27661642 -.00000076  00000+0  00000+0 0  9990
2 40129  49.9710 314.3614 1607575 140.4974 232.4232  1.85519996 61255
IRNSS-1C                
1 40269U 14061A   23229.08413312 -.00000166  00000+0  00000+0 0  9995
2 40269   3.9204 113.2786 0020474  14.8409 310.3553  1.00273751 32441
NAVSTAR 72 (USA 258)    
1 40294U 14068A   23226.88111350 -.00000026  00000+0  00000+0 0  9997
2 40294  56.1588  71.2621 0048903  61.0790 299.4908  2.00570554 64380
COSMOS 2501             
1 40315U 14075A   23229.11458842  .00000051  00000+0  00000+0 0  9995
2 40315  63.6416 226.2950 0020202 211.7149 148.1764  2.13101448 67792
NAVSTAR 73 (USA 260)    
1 40534U 15013A   23227.01573757  .00000041  00000+0  00000+0 0  9990
2 40534  53.4731 247.1327 0079513  25.0791 335.3592  2.00556065 61440
GSAT0203 (GALILEO 7)    
1 40544U 15017A   23229.47871379 -.00000088  00000+0  00000+0 0  9990
2 40544  56.9027   9.7574 0002462 219.5346 140.4437  1.70476343 52223
GSAT0204 (GALILEO 8)    
1 40545U 15017B   23229.14570497 -.00000089  00000+0  00000+0 0  9993
2 40545  56.9088   9.7806 0002936 200.0189 159.9655  1.70475888 52225
IRNSS-1D                
1 40547U 15018A   23229.01814937 -.00000263  00000+0  00000+0 0  9996
2 40547  28.1091 257.9462 0020703 191.1298 354.4137  1.00272017 30865
BEIDOU-3S IGSO-1S       
1 40549U 15019A   23228.72578977 -.00000155  00000+0  00000+0 0  9997
2 40549  51.1332 307.7919 0040679 194.7172 178.5591  1.00260709 30703
NAVSTAR 74 (USA 262)    
1 40730U 15033A   23228.17444329 -.00000054  00000+0  00000+0 0  9995
2 40730  54.8612 309.5096 0084719  14.0642 346.2336  2.00556446 59238
BEIDOU-3S M2S           
1 40748U 15037A   23227.46543799 -.00000106  00000+0  00000+0 0  9998
2 40748  55.6744 337.4403 0010427 238.9018 121.0146  1.86233320 54816
BEIDOU-3S M1S           
1 40749U 15037B   23226.66160607 -.00000110  00000+0  00000+0 0  9998
2 40749  55.6779 337.4536 0002500 315.8904  44.1052  1.86233080 54795
GSAT0205 (GALILEO 9)    
1 40889U 15045A   23227.15393443  .00000050  00000+0  00000+0 0  9995
2 40889  55.3734 250.2542 0003205 356.8713   3.1900  1.70473692 49332
GSAT0206 (GALILEO 10)   
1 40890U 15045B   23226.20146281  .00000051  00000+0  00000+0 0  9999
2 40890  55.3731 250.2761 0002087 320.3523  39.6989  1.70473689 49344
BEIDOU-3S IGSO-2S       
1 40938U 15053A   23229.46120234 -.00000088  00000+0  00000+0 0  9993
2 40938  50.8360 270.9529 0047939 193.9505 122.0305  1.00287762 28978
NAVSTAR 75 (USA 265)    
1 41019U 15062A   23227.23054426 -.00000025  00000+0  00000+0 0  9997
2 41019  56.1430  71.0981 0088275 221.0902 138.3189  2.00562346 57034
GSAT-15                 
1 41028U 15065A   23229.44456806 -.00000260  00000+0  00000+0 0  9994
2 41028   0.1043 272.7768 0002106 191.5796 114.7273  1.00271983 28489
GSAT0209 (GALILEO 12)   
1 41174U 15079A   23226.37309140 -.00000030  00000+0  00000+0 0  9993
2 41174  55.2925 129.7766 0003648 324.4560  35.5505  1.70474001 47660
GSAT0208 (GALILEO 11)   
1 41175U 15079B   23227.17928180 -.00000024  00000+0  00000+0 0  9997
2 41175  55.2911 129.7526 0003197 324.7074  35.3084  1.70474019 47672
IRNSS-1E                
1 41241U 16003A   23229.01806220 -.00000297  00000+0  00000+0 0  9996
2 41241  30.9337  78.0741 0019505 173.8395 191.5943  1.00273935 27823
NAVSTAR 76 (USA 266)    
1 41328U 16007A   23226.82411027 -.00000032  00000+0  00000+0 0  9996
2 41328  55.0112 130.6660 0071608 234.6871 124.6750  2.00551238 55077
COSMOS 2514             
1 41330U 16008A   23228.62653973 -.00000082  00000+0  00000+0 0  9993
2 41330  65.5094 348.3114 0011162 203.7240 156.2346  2.13102786 58555
IRNSS-1F                
1 41384U 16015A   23229.21746604  .00000155  00000+0  00000+0 0  9990
2 41384   2.8965 130.6935 0017991 177.9550 127.4296  1.00267837 27284
BEIDOU-2 IGSO-6         
1 41434U 16021A   23228.42132984 -.00000130  00000+0  00000+0 0  9999
2 41434  58.7242  48.4569 0046626 218.0185 305.5776  1.00287313 27097
IRNSS-1G                
1 41469U 16027A   23229.45180272 -.00000337  00000+0  00000+0 0  9999
2 41469   2.7899 132.4172 0003986 351.4172 133.9829  1.00272938 26791
GSAT0211 (GALILEO 14)   
1 41549U 16030A   23229.06004660  .00000050  00000+0  00000+0 0  9996
2 41549  55.5171 250.1754 0003804 306.2120  53.8065  1.70473706 45003
GSAT0210 (GALILEO 13)   
1 41550U 16030B   23227.59184767  .00000050  00000+0  00000+0 0  9991
2 41550  55.5188 250.2170 0004141 271.2850  88.7289  1.70473760 44972
COSMOS 2516             
1 41554U 16032A   23229.21104377  .00000052  00000+0  00000+0 0  9999
2 41554  63.8680 226.6873 0015531 214.8077 145.1042  2.13106522 56178
BEIDOU-2 G7             
1 41586U 16037A   23229.47002517 -.00000356  00000+0  00000+0 0  9998
2 41586   1.8276  68.1871 0007134 349.4610 187.6380  1.00267800 26402
EUTELSAT 117 WEST B     
1 41589U 16038B   23229.04438597 -.00000015  00000+0  00000+0 0  9998
2 41589   0.0133 249.0575 0000354 215.7790 119.2972  1.00272493 26323
GSAT0207 (GALILEO 15)   
1 41859U 16069A   23229.01331696 -.00000011  00000+0  00000+0 0  9997
2 41859  54.9557 129.7803 0003589 306.6215  53.3965  1.70473971 41973
GSAT0212 (GALILEO 16)   
1 41860U 16069B   23227.10822444 -.00000025  00000+0  00000+0 0  9998
2 41860  54.9528 129.8301 0002743 342.0190  18.0072  1.70474206 41973
GSAT0213 (GALILEO 17)   
1 41861U 16069C   23228.06074292 -.00000018  00000+0  00000+0 0  9997
2 41861  54.9555 129.8097 0003288 280.9624  79.0441  1.70472832 41984
GSAT0214 (GALILEO 18)   
1 41862U 16069D   23228.20796334 -.00000017  00000+0  00000+0 0  9991
2 41862  54.9536 129.7997 0002530 289.0178  70.9995  1.70472626 41980
SES-15                  
1 42709U 17026A   23228.68362848  .00000055  00000+0  00000+0 0  9998
2 42709   0.0182  40.0132 0000290 130.7816 270.9638  1.00269878 23801
QZS-2 (MICHIBIKI-2)     
1 42738U 17028A   23229.40465882 -.00000125  00000+0  00000+0 0  9994
2 42738  41.0718 258.1218 0754207 269.8475  84.7899  1.00269673 22766
QZS-3 (MICHIBIKI-3)     
1 42917U 17048A   23228.48330446 -.00000353  00000+0  00000+0 0  9992
2 42917   0.0626 155.8326 0002491   4.9083 104.8987  1.00272525 21980
COSMOS 2522             
1 42939U 17055A   23229.40697237  .00000053  00000+0  00000+0 0  9997
2 42939  64.1021 227.2005 0010155 243.1382 116.7719  2.13102048 45929
QZS-4 (MICHIBIKI-4)     
1 42965U 17062A   23229.23672946 -.00000331  00000+0  00000+0 0  9995
2 42965  40.6431 356.6757 0747081 268.9930 283.8326  1.00286580 21420
BEIDOU-3 M1             
1 43001U 17069A   23228.88673108 -.00000005  00000+0  00000+0 0  9993
2 43001  55.8276  97.4427 0008487 303.8176  56.1957  1.86231847 39321
BEIDOU-3 M2             
1 43002U 17069B   23228.82341817 -.00000006  00000+0  00000+0 0  9998
2 43002  55.8270  97.4809 0006999 332.5976  27.4595  1.86231287 39319
GSAT0215 (GALILEO 19)   
1 43055U 17079A   23227.52376008  .00000050  00000+0  00000+0 0  9991
2 43055  55.4959 250.0440 0003725 265.2975  94.7212  1.70474401 35319
GSAT0216 (GALILEO 20)   
1 43056U 17079B   23228.40226960  .00000050  00000+0  00000+0 0  9991
2 43056  55.4956 250.0195 0005266 271.9404  88.0561  1.70474509 35319
GSAT0217 (GALILEO 21)   
1 43057U 17079C   23228.62261595  .00000050  00000+0  00000+0 0  9999
2 43057  55.4946 250.0126 0004578 282.8838  77.1207  1.70474506 35335
GSAT0218 (GALILEO 22)   
1 43058U 17079D   23227.66951068  .00000050  00000+0  00000+0 0  9994
2 43058  55.4925 250.0363 0005726 270.2331  89.7618  1.70474462 35315
BEIDOU-3 M7             
1 43107U 18003A   23228.57428778 -.00000102  00000+0  00000+0 0  9994
2 43107  55.1297 338.1274 0003993  78.5352 281.5313  1.86232647 38078
BEIDOU-3 M8             
1 43108U 18003B   23228.51223396 -.00000102  00000+0  00000+0 0  9998
2 43108  55.1228 338.1167 0003486 240.0439 119.9431  1.86231116 38078
BEIDOU-3 M4             
1 43207U 18018A   23228.95473757 -.00000005  00000+0  00000+0 0  9992
2 43207  55.7865  97.5401 0005464   6.7805 353.3211  1.86231775 37463
BEIDOU-3 M3             
1 43208U 18018B   23228.48442886 -.00000008  00000+0  00000+0 0  9993
2 43208  55.7857  97.5602 0006598 320.1445  39.9000  1.86231638 37450
BEIDOU-3 M9             
1 43245U 18029A   23228.17035666 -.00000101  00000+0  00000+0 0  9990
2 43245  55.0249 335.8771 0001102 192.1994 167.8214  1.86232944 36601
BEIDOU-3 M10            
1 43246U 18029B   23226.48956846 -.00000110  00000+0  00000+0 0  9995
2 43246  55.0233 335.9634 0002815   7.5820 352.4393  1.86233120 36565
IRNSS-1I                
1 43286U 18035A   23227.71677240  .00000077  00000+0  00000+0 0  9992
2 43286  29.2045  90.5070 0019380 177.3858   9.0801  1.00276586 19674
COSMOS 2527             
1 43508U 18053A   23227.48860435  .00000006  00000+0  00000+0 0  9995
2 43508  65.0841 108.6158 0007451 225.1599 134.8617  2.13102523 40187
BEIDOU-2 IGSO-7         
1 43539U 18057A   23227.75839334 -.00000155  00000+0  00000+0 0  9993
2 43539  55.1222 172.0304 0064789 231.8152 305.4762  1.00289979 18760
GSAT0221 (GALILEO 25)   
1 43564U 18060A   23227.56912937 -.00000094  00000+0  00000+0 0  9997
2 43564  57.2833   9.7324 0002030 255.4647 104.5073  1.70476217 31509
GSAT0222 (GALILEO 26)   
1 43565U 18060B   23227.20060338 -.00000095  00000+0  00000+0 0  9999
2 43565  57.2865   9.7433 0002748 202.0027 157.9802  1.70475974 31536
GSAT0219 (GALILEO 23)   
1 43566U 18060C   23228.00954641 -.00000093  00000+0  00000+0 0  9996
2 43566  57.2860   9.7237 0001116 264.7199  95.2619  1.70476211 31521
GSAT0220 (GALILEO 24)   
1 43567U 18060D   23228.22994831 -.00000092  00000+0  00000+0 0  9995
2 43567  57.2856   9.7181 0001530 254.4320 105.5457  1.70476209 31507
BEIDOU-3 M5             
1 43581U 18062A   23229.39466607  .00000035  00000+0  00000+0 0  9993
2 43581  54.1816 217.5242 0005708 276.5571  83.3607  1.86232069 34364
BEIDOU-3 M6             
1 43582U 18062B   23229.26037395  .00000035  00000+0  00000+0 0  9998
2 43582  54.1813 217.5183 0004817 348.7107  11.2616  1.86229846 34362
BEIDOU-3 M12            
1 43602U 18067A   23229.19684612  .00000034  00000+0  00000+0 0  9997
2 43602  54.2684 216.1741 0006797   9.9449 350.0495  1.86231661 33840
BEIDOU-3 M11            
1 43603U 18067B   23228.25677462  .00000030  00000+0  00000+0 0  9995
2 43603  54.2657 216.1718 0003985 352.0456   7.9323  1.86231610 33854
BEIDOU-3 M13            
1 43622U 18072A   23228.21553952 -.00000009  00000+0  00000+0 0  9992
2 43622  55.7557  97.1054 0005191 301.9648  58.0769  1.86231802 33367
BEIDOU-3 M14            
1 43623U 18072B   23229.15490117 -.00000005  00000+0  00000+0 0  9996
2 43623  55.7581  97.0667 0003748 342.0181  18.0634  1.86231816 33382
BEIDOU-3 M16            
1 43647U 18078A   23229.31681341 -.00000096  00000+0  00000+0 0  9997
2 43647  54.9203 335.9616 0006107  13.7885 346.2557  1.86227472 32891
BEIDOU-3 M15            
1 43648U 18078B   23228.97660285 -.00000098  00000+0  00000+0 0  9995
2 43648  54.9157 335.9765 0003275  36.1137   7.9446  1.86232343 32900
BEIDOU-3 G1             
1 43683U 18085A   23229.48110808 -.00000280  00000+0  00000+0 0  9993
2 43683   1.4750 125.6549 0003166 343.2150 169.9701  1.00274803 17678
COSMOS 2529             
1 43687U 18086A   23228.05718428  .00000054  00000+0  00000+0 0  9990
2 43687  64.3174 227.6772 0011800 261.5375  98.3495  2.13102162 37205
BEIDOU-3 M17            
1 43706U 18093A   23229.05913240  .00000034  00000+0  00000+0 0  9998
2 43706  54.2641 217.4515 0010755 278.1427  81.7189  1.86232161 32243
BEIDOU-3 M18            
1 43707U 18093B   23228.92487719  .00000033  00000+0  00000+0 0  9990
2 43707  54.2649 217.4478 0008797 301.6227  58.2755  1.86229964 32259
NAVSTAR 77 (USA 289)    
1 43873U 18109A   23228.11794622 -.00000015  00000+0  00000+0 0  9998
2 43873  55.1873 133.1251 0025191 192.0068 277.2154  2.00568242 34246
BEIDOU-3 IGSO-1         
1 44204U 19023A   23228.52239313 -.00000188  00000+0  00000+0 0  9990
2 44204  57.1906  48.4399 0023021 194.2389  29.1374  1.00288769 15974
BEIDOU-2 G8             
1 44231U 19027A   23228.48828641 -.00000254  00000+0  00000+0 0  9991
2 44231   1.9076  81.2050 0006183 127.9219  75.7001  1.00268177 15686
COSMOS 2534             
1 44299U 19030A   23228.99940191  .00000053  00000+0  00000+0 0  9996
2 44299  64.3900 227.5697 0013867 280.1781 216.8425  2.13102142 32876
BEIDOU-3 IGSO-2         
1 44337U 19035A   23228.72757728 -.00000157  00000+0  00000+0 0  9993
2 44337  55.1542 167.9562 0033029 198.0237 340.3091  1.00280829 15318
NAVSTAR 78 (USA 293)    
1 44506U 19056A   23228.61168969 -.00000096  00000+0  00000+0 0  9997
2 44506  55.8184  12.1817 0036120 184.2175 181.4629  2.00565570 29295
BEIDOU-3 M24            
1 44542U 19061A   23228.99674278  .00000034  00000+0  00000+0 0  9990
2 44542  54.4914 217.6799 0008302 335.1925  24.7519  1.86231513 26512
BEIDOU-3 M23            
1 44543U 19061B   23229.28860366  .00000035  00000+0  00000+0 0  9990
2 44543  54.4897 217.6392 0006009 317.0025 150.4914  1.86231935 26518
BEIDOU-3 IGSO-3         
1 44709U 19073A   23227.58104000 -.00000152  00000+0  00000+0 0  9995
2 44709  56.5660 291.9609 0035080 188.8902 171.1738  1.00288232 14045
BEIDOU-3 M22            
1 44793U 19078A   23228.84203009 -.00000099  00000+0  00000+0 0  9992
2 44793  54.7691 335.9475 0005083  23.6028 336.4463  1.86232439 25378
BEIDOU-3 M21            
1 44794U 19078B   23228.43569217 -.00000101  00000+0  00000+0 0  9998
2 44794  54.7431 335.9439 0003005  18.8104 341.2250  1.86232907 25361
COSMOS 2544             
1 44850U 19088A   23228.37083758  .00000013  00000+0  00000+0 0  9997
2 44850  65.0704 108.4295 0011815 255.2444 104.7110  2.13102298 28626
BEIDOU-3 M19            
1 44864U 19090A   23229.48206545 -.00000004  00000+0  00000+0 0  9990
2 44864  55.6905  97.2508 0015859 277.4453 257.9783  1.86232066 24954
BEIDOU-3 M20            
1 44865U 19090B   23227.23084995 -.00000018  00000+0  00000+0 0  9990
2 44865  55.6910  97.3589 0013958 292.7123 263.1640  1.86232020 24897
BEIDOU-3 G2             
1 45344U 20017A   23229.44195310 -.00000143  00000+0  00000+0 0  9992
2 45344   2.0374  15.2319 0003116 142.2885  47.1926  1.00272429 12896
COSMOS 2545             
1 45358U 20018A   23228.56757518 -.00000083  00000+0  00000+0 0  9997
2 45358  64.8498 348.5738 0009080 235.4069 124.5172  2.13102737 26590
BEIDOU-3 G3             
1 45807U 20040A   23228.47707973 -.00000358  00000+0  00000+0 0  9996
2 45807   0.6330 339.8539 0004983 352.4431 274.6264  1.00271930 11695
NAVSTAR 79 (USA 304)    
1 45854U 20041A   23228.86070398 -.00000024  00000+0  00000+0 0  9996
2 45854  55.8657  69.4526 0035214 185.8330 303.1082  2.00564315 23265
GALAXY 30 (G-30)        
1 46114U 20056C   23229.46565951  .00000034  00000+0  00000+0 0  9993
2 46114   0.0187 120.2201 0002588  44.6585 203.3396  1.00268642 11026
COSMOS 2547             
1 46805U 20075A   23228.75672899  .00000053  00000+0  00000+0 0  9993
2 46805  64.6171 227.1286 0008806 243.9665 115.9596  2.13103049 21849
NAVSTAR 80 (USA 309)    
1 46826U 20078A   23228.44544772  .00000033  00000+0  00000+0 0  9991
2 46826  54.3210 252.8320 0035398 194.4236 330.1137  2.00562866 20726
NAVSTAR 81 (USA 319)    
1 48859U 21054A   23228.46758372 -.00000095  00000+0  00000+0 0  9998
2 48859  55.3355  13.9822 0011462 209.7509 152.4376  2.00575089 15979
QZS-1R                  
1 49336U 21096A   23223.74525463 -.00000331  00000+0  00000+0 0  9997
2 49336  35.3005  95.2790 0740332 268.7858 355.3268  1.00301615  6575
GSAT0223 (GALILEO 27)   
1 49809U 21116A   23227.26194069 -.00000095  00000+0  00000+0 0  9997
2 49809  57.2773   9.6400 0002983 162.4004  53.7536  1.70476369 10497
GSAT0224 (GALILEO 28)   
1 49810U 21116B   23229.07201722 -.00000089  00000+0  00000+0 0  9998
2 49810  57.2785   9.5898 0002680 153.0389 206.4829  1.70476400 10553
COSMOS 2557             
1 52984U 22075A   23228.91909354 -.00000082  00000+0  00000+0 0  9990
2 52984  64.7659 350.7228 0011234 276.7982  83.0827  2.13102405  8639
COSMOS 2559             
1 54031U 22130A   23229.33026523 -.00000080  00000+0  00000+0 0  9990
2 54031  64.7366 350.8367 0006636 213.5820 146.3859  2.13101632  6631
COSMOS 2564             
1 54377U 22161A   23228.11580311  .00000054  00000+0  00000+0 0  9992
2 54377  64.7579 227.1996 0011253 226.8638 133.0619  2.13102231  5552
NAVSTAR 82 (USA 343)    
1 55268U 23009A   23228.64177917  .00000009  00000+0  00000+0 0  9996
2 55268  55.0925 189.1466 0004042  93.1805  77.3088  2.00557136  4461
BEIDOU-3 G4             
1 56564U 23066A   23228.63874014 -.00000117  00000+0  00000+0 0  9991
2 56564   2.8914 288.8762 0007102 205.2775 220.4229  1.00274263  1020
IRNSS-1J (NVS-01)       
1 56759U 23076A   23228.48353524 -.00000342  00000+0  00000+0 0  9999
2 56759   4.7887 272.4193 0005711 341.4419  14.3727  1.00271444   812
