NAVSTAR 43 (USA 132)    
1 24876U 97035A   23276.01552848  .00000009  00000+0  00000+0 0  9991
2 24876  55.5940 137.2238 0073755  52.9515 307.8103  2.00564279192130
NAVSTAR 47 (USA 150)    
1 26360U 00025A   23276.37011801 -.00000053  00000+0  00000+0 0  9992
2 26360  54.4579  59.4140 0041736 200.8170 145.5837  2.00568742171450
NAVSTAR 51 (USA 166)    
1 27663U 03005A   23276.54722598  .00000016  00000+0  00000+0 0  9999
2 27663  55.2316 254.2478 0132874  44.8290  48.6994  2.00564315151500
NAVSTAR 52 (USA 168)    
1 27704U 03010A   23276.63678799 -.00000113  00000+0  00000+0 0  9993
2 27704  55.1153   4.1888 0249580 319.4180  58.0826  2.00576320150308
NAVSTAR 54 (USA 177)    
1 28190U 04009A   23276.27432288 -.00000065  00000+0  00000+0 0  9999
2 28190  55.6680 315.3183 0092559 139.9912 272.9640  2.00566416143132
NAVSTAR 56 (USA 180)    
1 28474U 04045A   23276.12785348 -.00000111  00000+0  00000+0 0  9998
2 28474  55.4427   4.5407 0162890 283.1057  78.6503  2.00555712138611
ANIK F1R                
1 28868U 05036A   23276.59856000 -.00000082  00000+0  00000+0 0  9998
2 28868   1.7636  88.6392 0002079  65.4692 326.1121  1.00272599 36553
NAVSTAR 57 (USA 183)    
1 28874U 05038A   23276.35212441 -.00000060  00000+0  00000+0 0  9992
2 28874  55.7187 312.7680 0140167 280.0019 211.4497  2.00573504132022
INMARSAT 4-F2           
1 28899U 05044A   23276.51886764  .00000003  00000+0  00000+0 0  9995
2 28899   3.8870  40.8917 0003024 168.2543  53.5257  1.00271974 65594
NAVSTAR 58 (USA 190)    
1 29486U 06042A   23276.52841719  .00000002  00000+0  00000+0 0  9998
2 29486  54.6816 190.4991 0103781  33.0924 126.8793  2.00568135124581
NAVSTAR 59 (USA 192)    
1 29601U 06052A   23276.22932741  .00000014  00000+0  00000+0 0  9994
2 29601  55.2535 253.2216 0083658  79.4739 281.4464  2.00551115123594
NAVSTAR 60 (USA 196)    
1 32260U 07047A   23276.04517463  .00000004  00000+0  00000+0 0  9993
2 32260  53.4781 120.9503 0152315  71.3594 290.3656  2.00550104116993
COSMOS 2433             
1 32275U 07052A   23276.12653858 -.00000085  00000+0  00000+0 0  9993
2 32275  66.0137 348.9787 0004636 231.3938 128.6228  2.13104085124008
COSMOS 2432             
1 32276U 07052B   23275.71577241 -.00000084  00000+0  00000+0 0  9998
2 32276  66.0283 349.1015 0009067 314.0821  37.7804  2.13103190124018
NAVSTAR 61 (USA 199)    
1 32384U 07062A   23276.37520682 -.00000062  00000+0  00000+0 0  9995
2 32384  55.8514 313.5925 0024591 151.8915 217.3435  2.00560209115702
COSMOS 2434             
1 32393U 07065A   23276.48963988  .00000028  00000+0  00000+0 0  9991
2 32393  64.3344 225.3154 0001157  68.1258 101.7210  2.13103047122729
COSMOS 2436             
1 32395U 07065C   23276.23242675  .00000028  00000+0  00000+0 0  9999
2 32395  64.3430 225.3861 0016075 355.9225 112.0811  2.13102712122672
NAVSTAR 62 (USA 201)    
1 32711U 08012A   23275.95840161  .00000007  00000+0  00000+0 0  9993
2 32711  54.4495 189.3460 0177695 236.0261 122.3112  2.00558099113930
NAVSTAR 64 (USA 206)    
1 35752U 09043A   23276.42972561 -.00000040  00000+0  00000+0 0  9997
2 35752  55.4594  66.5557 0057912  69.8235 287.0506  2.00556293103540
COSMOS 2456             
1 36111U 09070A   23276.32226682  .00000021  00000+0  00000+0 0  9990
2 36111  64.5026 104.8106 0001484 340.7089 219.4935  2.13099169107376
COSMOS 2457             
1 36112U 09070B   23276.00828352  .00000021  00000+0  00000+0 0  9998
2 36112  64.4867 104.6859 0006387 146.7574 303.5823  2.13101337107374
COSMOS 2460             
1 36402U 10007C   23276.35943948 -.00000086  00000+0  00000+0 0  9991
2 36402  65.8756 347.6815 0001810 216.8426 131.6215  2.13106251105676
NAVSTAR 65 (USA 213)    
1 36585U 10022A   23276.31555479  .00000015  00000+0  00000+0 0  9995
2 36585  54.5535 248.4162 0110263  59.6919 331.9521  2.00563423 97785
BEIDOU-2 IGSO-1         
1 36828U 10036A   23276.63186809 -.00000116  00000+0  00000+0 0  9995
2 36828  54.2342 171.9075 0036674 187.3936 344.7461  1.00245123 48304
QZS-1 (MICHIBIKI-1)     
1 37158U 10045A   23276.36039948 -.00000003  00000+0  00000+0 0  9998
2 37158  42.9086 127.3399 0003474 105.4761 258.5751  0.87715681 47738
BEIDOU-2 G4             
1 37210U 10057A   23276.61952649 -.00000120  00000+0  00000+0 0  9990
2 37210   1.2415  62.1637 0007152 161.4996 171.4170  1.00272718 47385
BEIDOU-2 IGSO-2         
1 37256U 10068A   23276.45603730 -.00000193  00000+0  00000+0 0  9998
2 37256  49.3567 283.9500 0032245 213.2650 147.3130  1.00274444 46893
BEIDOU-2 IGSO-3         
1 37384U 11013A   23276.31245001 -.00000186  00000+0  00000+0 0  9991
2 37384  60.9836  49.6136 0028195 176.0527   6.7857  1.00274241 45756
GSAT-8                  
1 37605U 11022A   23276.08714851  .00000075  00000+0  00000+0 0  9991
2 37605   0.0141 146.3000 0006630 105.1502 206.5593  1.00272206 43313
NAVSTAR 66 (USA 232)    
1 37753U 11036A   23276.18872263 -.00000108  00000+0  00000+0 0  9991
2 37753  56.7471  10.3497 0126867  56.3655 330.0504  2.00568771 89469
BEIDOU-2 IGSO-4         
1 37763U 11038A   23276.17483663 -.00000105  00000+0  00000+0 0  9992
2 37763  54.5078 174.4569 0112017 227.7512 127.6430  1.00268117 44738
GSAT0101 (GALILEO-PFM)  
1 37846U 11060A   23271.93330523 -.00000101  00000+0  00000+0 0  9990
2 37846  57.1117   8.6344 0000827  70.3225 289.7067  1.70475736 74205
GSAT0102 (GALILEO-FM2)  
1 37847U 11060B   23271.94740137 -.00000101  00000+0  00000+0 0  9998
2 37847  57.1126   8.6339 0001562 310.9334 103.9673  1.70475154 74216
COSMOS 2476             
1 37867U 11064A   23275.89638453  .00000023  00000+0  00000+0 0  9991
2 37867  64.7818 106.3632 0021245 230.5733 272.4659  2.13101733 92709
COSMOS 2477             
1 37868U 11064B   23276.41589574  .00000022  00000+0  00000+0 0  9999
2 37868  64.7894 106.4153 0018445 230.6696 128.7925  2.13101618 92701
COSMOS 2475             
1 37869U 11064C   23276.46972267  .00000022  00000+0  00000+0 0  9990
2 37869  64.7964 106.4260 0022417 249.2333 110.0355  2.13101948 92715
BEIDOU-2 IGSO-5         
1 37948U 11073A   23276.48542516 -.00000142  00000+0  00000+0 0  9994
2 37948  49.4824 283.6190 0095056 220.7479 137.7524  1.00265851 43227
LUCH-5A                 
1 37951U 11074B   23276.62348075 -.00000055  00000+0  00000+0 0  9992
2 37951   6.2179  89.1876 0004347  92.6395 221.6192  1.00270905 43142
BEIDOU-2 G5             
1 38091U 12008A   23276.51782337  .00000049  00000+0  00000+0 0  9999
2 38091   1.7789  68.8776 0005415 178.3958   9.7959  1.00270267 42463
BEIDOU-2 M3             
1 38250U 12018A   23276.19403060 -.00000103  00000+0  00000+0 0  9996
2 38250  56.4950 337.9177 0024539 256.9363 102.8488  1.86231125 77546
BEIDOU-2 M4             
1 38251U 12018B   23275.58839655 -.00000100  00000+0  00000+0 0  9999
2 38251  56.4057 337.2287 0015393 257.2088 102.6796  1.86231817 77533
SES-5                   
1 38652U 12036A   23276.36379337  .00000025  00000+0  00000+0 0  9992
2 38652   0.0519 300.2926 0002266 258.8503 308.6195  1.00272695 34584
BEIDOU-2 M6             
1 38775U 12050B   23275.83513945 -.00000004  00000+0  00000+0 0  9998
2 38775  55.7133  95.8114 0010915 340.2510  19.7441  1.86231212 74907
GSAT-10                 
1 38779U 12051B   23276.61692936 -.00000174  00000+0  00000+0 0  9996
2 38779   0.0243 119.8152 0003197 130.3935  66.9482  1.00272234 40219
NAVSTAR 67 (USA 239)    
1 38833U 12053A   23276.13420784  .00000003  00000+0  00000+0 0  9996
2 38833  53.5107 184.0164 0143897  52.5324 308.8145  2.00567677 79628
GSAT0103 (GALILEO-FM3)  
1 38857U 12055A   23274.90544094  .00000024  00000+0  00000+0 0  9991
2 38857  55.2928 128.7343 0002215 252.9056 107.1671  1.70473676 68155
GSAT0104 (GALILEO-FM4)  
1 38858U 12055B   23276.04801371  .00000018  00000+0  00000+0 0  9996
2 38858  55.2932 128.7043 0000902 144.4810 215.6151  1.70473946 68161
BEIDOU-2 G6             
1 38953U 12059A   23276.61614628 -.00000184  00000+0  00000+0 0  9991
2 38953   1.8998  81.8188 0006765 303.6210 292.5060  1.00271855 40005
LUCH-5B                 
1 38977U 12061A   23276.18104983 -.00000142  00000+0  00000+0 0  9994
2 38977   8.3196  58.8810 0005887 127.0331 234.6101  1.00271347 39710
COSMOS 2485             
1 39155U 13019A   23275.65189651  .00000025  00000+0  00000+0 0  9992
2 39155  64.9410 106.9013 0021787 226.5614 133.3118  2.13101879 81214
NAVSTAR 68 (USA 242)    
1 39166U 13023A   23276.49564551 -.00000054  00000+0  00000+0 0  9991
2 39166  55.3336 308.9463 0114843  41.6026 319.3136  2.00564219 76070
IRNSS-1A                
1 39199U 13034A   23276.51721420  .00000082  00000+0  00000+0 0  9992
2 39199  33.4920  78.2573 0021100 179.9287 355.0082  1.00274962 37748
NAVSTAR 69 (USA 248)    
1 39533U 14008A   23275.99707343  .00000005  00000+0  00000+0 0  9990
2 39533  53.5974 189.5838 0067101 215.5795 144.0085  2.00553269 69862
ASTRA 5B                
1 39617U 14011B   23276.22420910  .00000128  00000+0  00000+0 0  9992
2 39617   0.0692 308.9985 0004174 266.5250 260.3713  1.00274183 34767
COSMOS 2492             
1 39620U 14012A   23276.54592765 -.00000086  00000+0  00000+0 0  9994
2 39620  65.7589 347.2895 0012274 312.3273  47.6280  2.13103108 74194
IRNSS-1B                
1 39635U 14017A   23276.51721420  .00000095  00000+0  00000+0 0  9993
2 39635  28.6496 257.1756 0018925 190.9552 165.0468  1.00274592 34885
LUCH-5V                 
1 39727U 14023A   23276.62001966 -.00000277  00000+0  00000+0 0  9993
2 39727   2.6478  77.1566 0004039 152.2319 100.6339  1.00270817 34452
NAVSTAR 70 (USA 251)    
1 39741U 14026A   23276.27857668 -.00000108  00000+0  00000+0 0  9994
2 39741  56.6992   9.8682 0029900 309.8468  49.9198  2.00555068 68728
COSMOS 2500             
1 40001U 14032A   23276.25957481 -.00000085  00000+0  00000+0 0  9998
2 40001  65.6971 347.1242 0008473 206.6030 153.4129  2.13105915 72408
NAVSTAR 71 (USA 256)    
1 40105U 14045A   23275.86307853  .00000010  00000+0  00000+0 0  9992
2 40105  54.8233 127.9317 0026854 114.1005 246.2638  2.00548868 66255
GSAT0201 (GALILEO 5)    
1 40128U 14050A   23274.83169464 -.00000080  00000+0  00000+0 0  9991
2 40128  49.9106 313.4664 1607930 141.4191 231.2561  1.85519265 59961
GSAT0202 (GALILEO 6)    
1 40129U 14050B   23276.16896780 -.00000079  00000+0  00000+0 0  9996
2 40129  49.9284 312.4849 1605829 142.2806 230.1537  1.85519960 62158
IRNSS-1C                
1 40269U 14061A   23276.61494558 -.00000169  00000+0  00000+0 0  9990
2 40269   4.0324 111.8160 0019979   5.6653 198.9731  1.00272852 32789
NAVSTAR 72 (USA 258)    
1 40294U 14068A   23275.73998733 -.00000035  00000+0  00000+0 0  9993
2 40294  56.2031  69.3470 0049130  62.6253 297.8749  2.00573647 65380
COSMOS 2501             
1 40315U 14075A   23276.50977606  .00000027  00000+0  00000+0 0  9997
2 40315  63.6375 224.6431 0019509 210.2079 149.6679  2.13101267 68809
NAVSTAR 73 (USA 260)    
1 40534U 15013A   23276.37689579  .00000013  00000+0  00000+0 0  9992
2 40534  53.4519 245.0864 0081823  25.7817 334.5978  2.00552854 62015
GSAT0203 (GALILEO 7)    
1 40544U 15017A   23272.29929207 -.00000102  00000+0  00000+0 0  9999
2 40544  56.9059   8.5936 0003937 234.5687 125.4158  1.70476049 52956
GSAT0204 (GALILEO 8)    
1 40545U 15017B   23276.07251706 -.00000110  00000+0  00000+0 0  9991
2 40545  56.9134   8.5056 0004227 220.5578 139.4389  1.70475678 15408
IRNSS-1D                
1 40547U 15018A   23276.38493984 -.00000292  00000+0  00000+0 0  9995
2 40547  28.0160 257.1447 0019114 187.8655 177.1712  1.00274840 31089
BEIDOU-3S IGSO-1S       
1 40549U 15019A   23276.53250383 -.00000144  00000+0  00000+0 0  9995
2 40549  51.0464 307.2264 0040984 197.1854 150.6927  1.00250497 31167
NAVSTAR 74 (USA 262)    
1 40730U 15033A   23276.53873611 -.00000053  00000+0  00000+0 0  9997
2 40730  54.8214 307.5446 0086277  13.9592 346.3235  2.00553662 60188
BEIDOU-3S M2S           
1 40748U 15037A   23276.32782001 -.00000102  00000+0  00000+0 0  9994
2 40748  55.6449 335.7855 0012309 245.1993 114.7311  1.86233037 55722
BEIDOU-3S M1S           
1 40749U 15037B   23276.06101117 -.00000101  00000+0  00000+0 0  9998
2 40749  55.6481 335.7809 0004365 295.5780  64.4361  1.86232864 55727
GSAT0205 (GALILEO 9)    
1 40889U 15045A   23275.25385890  .00000005  00000+0  00000+0 0  9996
2 40889  55.3508 248.9248 0003949   3.0678 356.8946  1.70473099 50155
GSAT0206 (GALILEO 10)   
1 40890U 15045B   23276.06113243  .00000007  00000+0  00000+0 0  9991
2 40890  55.3487 248.8981 0002625 336.7343  23.2172  1.70473105 50199
BEIDOU-3S IGSO-2S       
1 40938U 15053A   23276.45360067 -.00000130  00000+0  00000+0 0  9992
2 40938  50.7656 270.4041 0047868 194.5296 166.8463  1.00276486 29450
NAVSTAR 75 (USA 265)    
1 41019U 15062A   23276.59035260 -.00000034  00000+0  00000+0 0  9995
2 41019  56.1870  69.1643 0090394 221.2183 138.0993  2.00562237 58022
GSAT-15                 
1 41028U 15065A   23276.56299353 -.00000267  00000+0  00000+0 0  9998
2 41028   0.0213 120.7003 0002329  66.0569 121.4179  1.00272359 28895
GSAT0209 (GALILEO 12)   
1 41174U 15079A   23276.23281306  .00000017  00000+0  00000+0 0  9990
2 41174  55.3113 128.4050 0002289 341.6064  18.4741  1.70474104 47938
GSAT0208 (GALILEO 11)   
1 41175U 15079B   23275.27928382  .00000022  00000+0  00000+0 0  9992
2 41175  55.3093 128.4292 0001820 352.3139   7.7777  1.70474030 48339
IRNSS-1E                
1 41241U 16003A   23276.38493984 -.00000294  00000+0  00000+0 0  9994
2 41241  31.0440  77.3557 0020913 179.5714   5.2914  1.00278241 28173
NAVSTAR 76 (USA 266)    
1 41328U 16007A   23275.18475831  .00000018  00000+0  00000+0 0  9995
2 41328  55.0264 128.7435 0071813 233.6269 125.7942  2.00574325 56002
COSMOS 2514             
1 41330U 16008A   23276.02197027 -.00000084  00000+0  00000+0 0  9995
2 41330  65.4942 346.7065 0012331 212.4333 147.5507  2.13102525 59567
IRNSS-1F                
1 41384U 16015A   23276.51260200  .00000152  00000+0  00000+0 0  9995
2 41384   2.9922 128.4344 0019327 176.8239 283.8555  1.00282713 27762
BEIDOU-2 IGSO-6         
1 41434U 16021A   23276.22471622 -.00000166  00000+0  00000+0 0  9994
2 41434  58.7982  47.9714 0048108 218.6409 282.7713  1.00277178 27574
IRNSS-1G                
1 41469U 16027A   23276.55902963 -.00000341  00000+0  00000+0 0  9996
2 41469   2.8813 130.0357 0001485 354.0950 218.6651  1.00275884 27273
GSAT0211 (GALILEO 14)   
1 41549U 16030A   23275.98681663  .00000008  00000+0  00000+0 0  9995
2 41549  55.4961 248.8835 0004061 318.5297  41.4025  1.70473218 45827
GSAT0210 (GALILEO 13)   
1 41550U 16030B   23276.27830935  .00000008  00000+0  00000+0 0  9998
2 41550  55.4953 248.8767 0003940 282.5935  77.3268  1.70473439 45820
COSMOS 2516             
1 41554U 16032A   23276.13587610  .00000027  00000+0  00000+0 0  9999
2 41554  63.8640 225.0650 0015271 213.8902 145.9986  2.13106382 57177
BEIDOU-2 G7             
1 41586U 16037A   23276.63385101 -.00000362  00000+0  00000+0 0  9998
2 41586   1.9401  68.8082 0006786 339.3406 302.6889  1.00270961 26884
EUTELSAT 117 WEST B     
1 41589U 16038B   23276.07271514 -.00000020  00000+0  00000+0 0  9993
2 41589   0.0144 341.8121 0000111 169.8425 129.0528  1.00271466 26750
GSAT0207 (GALILEO 15)   
1 41859U 16069A   23275.94005730  .00000017  00000+0  00000+0 0  9992
2 41859  54.9741 128.4777 0002079 313.6662  46.4070  1.70474056 42551
GSAT0212 (GALILEO 16)   
1 41860U 16069B   23275.20810667  .00000022  00000+0  00000+0 0  9992
2 41860  54.9714 128.4950 0001959  17.9026 342.1992  1.70474285 42799
GSAT0213 (GALILEO 17)   
1 41861U 16069C   23275.57438607  .00000019  00000+0  00000+0 0  9999
2 41861  54.9739 128.4908 0002039 269.5227  90.5465  1.70472901 42666
GSAT0214 (GALILEO 18)   
1 41862U 16069D   23276.30823275  .00000016  00000+0  00000+0 0  9998
2 41862  54.9725 128.4644 0001020 273.0531  87.0236  1.70472826 42805
SES-15                  
1 42709U 17026A   23276.10406681  .00000051  00000+0  00000+0 0  9998
2 42709   0.0385  33.3073 0001192 164.9701  81.6025  1.00270780 24238
QZS-2 (MICHIBIKI-2)     
1 42738U 17028A   23275.81584640 -.00000192  00000+0  00000+0 0  9998
2 42738  40.9997 257.4610 0748113 270.4710 276.9465  1.00257347 23232
QZS-3 (MICHIBIKI-3)     
1 42917U 17048A   23276.55720034 -.00000357  00000+0  00000+0 0  9993
2 42917   0.0734 141.9264 0002042  71.9447 125.7305  1.00268279 22356
COSMOS 2522             
1 42939U 17055A   23276.33282977  .00000028  00000+0  00000+0 0  9994
2 42939  64.0981 225.5920 0008888 242.9310 116.9650  2.13101983 46922
QZS-4 (MICHIBIKI-4)     
1 42965U 17062A   23276.55843029 -.00000351  00000+0  00000+0 0  9996
2 42965  40.6238 356.0737 0749600 269.8393  86.7220  1.00272714 21910
BEIDOU-3 M1             
1 43001U 17069A   23276.13839843 -.00000004  00000+0  00000+0 0  9993
2 43001  55.8650  95.8634 0007192 298.8535  61.1109  1.86231565 40204
BEIDOU-3 M2             
1 43002U 17069B   23276.07518326 -.00000004  00000+0  00000+0 0  9997
2 43002  55.8643  95.9023 0005496 333.9207  26.0884  1.86231183 40196
GSAT0215 (GALILEO 19)   
1 43055U 17079A   23276.21007533  .00000008  00000+0  00000+0 0  9998
2 43055  55.4724 248.7029 0003429 276.8510  83.0740  1.70473888 36147
GSAT0216 (GALILEO 20)   
1 43056U 17079B   23275.32879697  .00000006  00000+0  00000+0 0  9996
2 43056  55.4733 248.7270 0005021 280.7721  79.1316  1.70474016 36154
GSAT0217 (GALILEO 21)   
1 43057U 17079C   23276.13575349  .00000008  00000+0  00000+0 0  9996
2 43057  55.4707 248.7038 0004486 292.4125  67.5036  1.70473979 36146
GSAT0218 (GALILEO 22)   
1 43058U 17079D   23276.35580581  .00000008  00000+0  00000+0 0  9995
2 43058  55.4709 248.6953 0005446 277.1652  82.7375  1.70473982 36178
BEIDOU-3 M7             
1 43107U 18003A   23274.75202590 -.00000098  00000+0  00000+0 0  9991
2 43107  55.1022 336.5435 0002888  74.7960 285.2968  1.86232394 38920
BEIDOU-3 M8             
1 43108U 18003B   23276.30121271 -.00000104  00000+0  00000+0 0  9999
2 43108  55.0943 336.4771 0004575 248.5425 111.4665  1.86230903 38968
BEIDOU-3 M4             
1 43207U 18018A   23276.20641782 -.00000004  00000+0  00000+0 0  9997
2 43207  55.8241  95.9591 0004344  20.2237 339.8301  1.86231492 38343
BEIDOU-3 M3             
1 43208U 18018B   23275.19918071  .00000000  00000+0  00000+0 0  9998
2 43208  55.8225  95.9973 0005119 317.5988  42.4018  1.86231405 38320
BEIDOU-3 M9             
1 43245U 18029A   23275.42193527 -.00000099  00000+0  00000+0 0  9997
2 43245  54.9949 334.2514 0001843 234.6587 125.3842  1.86232537 37487
BEIDOU-3 M10            
1 43246U 18029B   23276.42581341 -.00000101  00000+0  00000+0 0  9998
2 43246  54.9916 334.2458 0002935 343.8453  16.2035  1.86232875 37484
IRNSS-1I                
1 43286U 18035A   23268.08799584  .00000095  00000+0  00000+0 0  9993
2 43286  29.2971  89.8607 0020154 176.9888 183.7212  1.00277929 20094
COSMOS 2527             
1 43508U 18053A   23276.29156698  .00000023  00000+0  00000+0 0  9996
2 43508  65.1033 106.9782 0007491 213.8741 146.1307  2.13102439 41226
BEIDOU-2 IGSO-7         
1 43539U 18057A   23276.63474361 -.00000133  00000+0  00000+0 0  9995
2 43539  55.1182 171.6026 0063988 230.4533 312.4049  1.00274728 19245
GSAT0221 (GALILEO 25)   
1 43564U 18060A   23273.32270937 -.00000104  00000+0  00000+0 0  9991
2 43564  57.2877   8.5008 0003568 254.1728 105.8116  1.70476119 32274
GSAT0222 (GALILEO 26)   
1 43565U 18060B   23273.54083195 -.00000105  00000+0  00000+0 0  9995
2 43565  57.2914   8.4960 0004050 220.8731 139.1207  1.70475814 32322
GSAT0219 (GALILEO 23)   
1 43566U 18060C   23273.76312742 -.00000105  00000+0  00000+0 0  9993
2 43566  57.2906   8.4922 0002806 257.5440 102.4492  1.70476032 32303
GSAT0220 (GALILEO 24)   
1 43567U 18060D   23269.87746299 -.00000095  00000+0  00000+0 0  9997
2 43567  57.2899   8.5973 0002788 251.4482 108.5396  1.70475634 32228
BEIDOU-3 M5             
1 43581U 18062A   23276.10907417  .00000013  00000+0  00000+0 0  9999
2 43581  54.1718 215.9316 0004389 288.5441  71.3967  1.86231879 35233
BEIDOU-3 M6             
1 43582U 18062B   23275.97531871  .00000013  00000+0  00000+0 0  9991
2 43582  54.1714 215.9257 0005459   6.5675 353.4275  1.86229768 35230
BEIDOU-3 M12            
1 43602U 18067A   23275.91135575  .00000013  00000+0  00000+0 0  9994
2 43602  54.2591 214.5860 0007342  16.4651 343.5482  1.86231469 34712
BEIDOU-3 M11            
1 43603U 18067B   23276.04518571  .00000013  00000+0  00000+0 0  9991
2 43603  54.2562 214.5472 0004326   4.0277 355.9659  1.86231426 34745
BEIDOU-3 M13            
1 43622U 18072A   23274.93024223  .00000001  00000+0  00000+0 0  9997
2 43622  55.7923  95.5416 0004010 292.9818  67.0165  1.86231479 34232
BEIDOU-3 M14            
1 43623U 18072B   23276.40654415 -.00000005  00000+0  00000+0 0  9999
2 43623  55.7956  95.4849 0002380 350.2500   9.7808  1.86231526 34254
BEIDOU-3 M16            
1 43647U 18078A   23276.03275570 -.00000101  00000+0  00000+0 0  9998
2 43647  54.8909 334.3509 0005984   3.4981 356.5649  1.86227267 33767
BEIDOU-3 M15            
1 43648U 18078B   23275.62565281 -.00000100  00000+0  00000+0 0  9993
2 43648  54.8868 334.3687 0002744   9.4564 350.6083  1.86232229 33764
BEIDOU-3 G1             
1 43683U 18085A   23276.56645368 -.00000287  00000+0  00000+0 0  9995
2 43683   1.5782 122.3875 0002158   6.4252 227.1627  1.00268420 18157
COSMOS 2529             
1 43687U 18086A   23276.39083141  .00000029  00000+0  00000+0 0  9999
2 43687  64.3135 226.0333 0010569 263.5162  96.3499  2.13102015 38238
BEIDOU-3 M17            
1 43706U 18093A   23276.31047775  .00000012  00000+0  00000+0 0  9996
2 43706  54.2542 215.8441 0009511 283.5708  76.3127  1.86231971 33121
BEIDOU-3 M18            
1 43707U 18093B   23276.17677292  .00000013  00000+0  00000+0 0  9995
2 43707  54.2551 215.8403 0008034 311.2812  48.6384  1.86229799 33137
NAVSTAR 77 (USA 289)    
1 43873U 18109A   23275.59697211  .00000014  00000+0  00000+0 0  9996
2 43873  55.2012 131.2478 0026219 190.0959   2.3863  2.00569877 35241
BEIDOU-3 IGSO-1         
1 44204U 19023A   23275.75808383 -.00000221  00000+0  00000+0 0  9994
2 44204  57.2642  47.9435 0023963 195.5999 160.5124  1.00273850 16422
BEIDOU-2 G8             
1 44231U 19027A   23276.61010122 -.00000255  00000+0  00000+0 0  9997
2 44231   2.0299  81.0066 0006939 133.9904 161.2043  1.00274773 16178
COSMOS 2534             
1 44299U 19030A   23276.46162733  .00000029  00000+0  00000+0 0  9992
2 44299  64.3861 225.9599 0012831 283.2916 265.1503  2.13101862 33872
BEIDOU-3 IGSO-2         
1 44337U 19035A   23276.63757184 -.00000133  00000+0  00000+0 0  9996
2 44337  55.1521 167.5345 0032950 195.8188 357.6117  1.00265555 15760
NAVSTAR 78 (USA 293)    
1 44506U 19056A   23276.49299999 -.00000110  00000+0  00000+0 0  9991
2 44506  55.8248  10.2866 0037838 186.7662 191.8053  2.00566064 30268
BEIDOU-3 M24            
1 44542U 19061A   23276.24825094  .00000013  00000+0  00000+0 0  9992
2 44542  54.4815 216.0821 0008508 346.7189  13.2474  1.86231492 27395
BEIDOU-3 M23            
1 44543U 19061B   23276.37719483  .00000013  00000+0  00000+0 0  9991
2 44543  54.4801 216.0466 0005704 332.6720  25.6700  1.86231796 27392
BEIDOU-3 IGSO-3         
1 44709U 19073A   23276.44285505 -.00000171  00000+0  00000+0 0  9995
2 44709  56.4873 291.4445 0035036 190.7715 169.1670  1.00273281 14532
BEIDOU-3 M22            
1 44793U 19078A   23276.09365777 -.00000101  00000+0  00000+0 0  9997
2 44793  54.7391 334.3124 0004760  11.0633 349.0056  1.86232195 26247
BEIDOU-3 M21            
1 44794U 19078B   23276.22415498 -.00000101  00000+0  00000+0 0  9999
2 44794  54.7128 334.2894 0002844 355.8863   4.1695  1.86232610 26255
COSMOS 2544             
1 44850U 19088A   23276.23532690  .00000023  00000+0  00000+0 0  9990
2 44850  65.0894 106.8224 0011132 248.8639 111.0697  2.13102199 29662
BEIDOU-3 M19            
1 44864U 19090A   23276.25858549 -.00000005  00000+0  00000+0 0  9995
2 44864  55.7281  95.6819 0015175 274.0646 302.7988  1.86231785 25838
BEIDOU-3 M20            
1 44865U 19090B   23276.11606030 -.00000005  00000+0  00000+0 0  9997
2 44865  55.7298  95.7195 0012915 289.4723 281.6154  1.86231741 25810
BEIDOU-3 G2             
1 45344U 20017A   23276.61445326 -.00000150  00000+0  00000+0 0  9996
2 45344   2.0672  17.7154 0003310 181.9102 113.6724  1.00272636 13356
COSMOS 2545             
1 45358U 20018A   23276.43217000 -.00000087  00000+0  00000+0 0  9997
2 45358  64.8344 346.9139 0010996 240.9021 119.0465  2.13102523 27615
BEIDOU-3 G3             
1 45807U 20040A   23276.63375859 -.00000363  00000+0  00000+0 0  9997
2 45807   0.5958 350.1602 0007633 317.2945  43.3417  1.00274231 12162
NAVSTAR 79 (USA 304)    
1 45854U 20041A   23276.46760186 -.00000037  00000+0  00000+0 0  9990
2 45854  55.9087  67.5736 0037293 186.9532 116.4336  2.00562762 24228
GALAXY 30 (G-30)        
1 46114U 20056C   23276.58832005  .00000028  00000+0  00000+0 0  9998
2 46114   0.0155 172.0529 0002497  32.1661 254.6033  1.00270450 11392
COSMOS 2547             
1 46805U 20075A   23276.15171786  .00000029  00000+0  00000+0 0  9992
2 46805  64.6136 225.5351 0007920 243.6519 116.2528  2.13102810 22852
NAVSTAR 80 (USA 309)    
1 46826U 20078A   23276.27029890  .00000013  00000+0  00000+0 0  9992
2 46826  54.2987 250.8882 0036611 194.8777 301.6727  2.00562759 21696
NAVSTAR 81 (USA 319)    
1 48859U 21054A   23276.37019889 -.00000109  00000+0  00000+0 0  9990
2 48859  55.3431  12.0634 0013145 214.2788 177.5710  2.00571937 16941
QZS-1R                  
1 49336U 21096A   23276.38781160 -.00000258  00000+0  00000+0 0  9991
2 49336  35.4134  94.4673 0745191 269.8225 281.9116  1.00282949  7102
GSAT0223 (GALILEO 27)   
1 49809U 21116A   23275.57562093 -.00000109  00000+0  00000+0 0  9996
2 49809  57.2818   8.3386 0003703 200.1627 147.1989  1.70476025 11320
GSAT0224 (GALILEO 28)   
1 49810U 21116B   23274.29079145 -.00000106  00000+0  00000+0 0  9994
2 49810  57.2825   8.3716 0002886 189.0507 202.2691  1.70475992 11336
COSMOS 2557             
1 52984U 22075A   23276.31448659 -.00000088  00000+0  00000+0 0  9999
2 52984  64.7520 349.0742 0012713 275.2439  84.6682  2.13102252  9662
COSMOS 2559             
1 54031U 22130A   23276.25656282 -.00000088  00000+0  00000+0 0  9992
2 54031  64.7232 349.2027 0007644 222.1437 137.8545  2.13101474  7630
COSMOS 2564             
1 54377U 22161A   23276.44949971  .00000029  00000+0  00000+0 0  9994
2 54377  64.7545 225.5834 0010059 224.5051 135.4013  2.13102150  6583
NAVSTAR 82 (USA 343)    
1 55268U 23009A   23269.79232659 -.00000012  00000+0  00000+0 0  9997
2 55268  55.0873 187.5341 0004666  90.6249 271.5536  2.00554056  5301
BEIDOU-3 G4             
1 56564U 23066A   23276.64148747 -.00000122  00000+0  00000+0 0  9998
2 56564   2.7722 288.6886 0006224 222.4813 251.8896  1.00271998  1490
IRNSS-1J (NVS-01)       
1 56759U 23076A   23276.55779991 -.00000349  00000+0  00000+0 0  9997
2 56759   4.6652 271.5138 0007125 346.4774  84.4205  1.00272952  1219
