NAVSTAR 43 (USA 132)    
1 24876U 97035A   23298.95009983  .00000093  00000+0  00000+0 0  9998
2 24876  55.6011 136.3275 0074515  53.3546 307.4102  2.00564392192596
NAVSTAR 47 (USA 150)    
1 26360U 00025A   23299.34028321 -.00000054  00000+0  00000+0 0  9990
2 26360  54.4766  58.4747 0041853 202.5042 169.9129  2.00567045171928
NAVSTAR 51 (USA 166)    
1 27663U 03005A   23299.57547531 -.00000034  00000+0  00000+0 0  9990
2 27663  55.2191 253.3325 0133922  45.0195 116.1057  2.00562898151969
NAVSTAR 52 (USA 168)    
1 27704U 03010A   23299.60712955 -.00000094  00000+0  00000+0 0  9996
2 27704  55.1151   3.2612 0250041 319.8478  83.3175  2.00553429150762
NAVSTAR 54 (USA 177)    
1 28190U 04009A   23299.21311706 -.00000041  00000+0  00000+0 0  9993
2 28190  55.6506 314.4053 0092287 140.8221 275.2547  2.00565592143627
NAVSTAR 56 (USA 180)    
1 28474U 04045A   23299.63535622 -.00000093  00000+0  00000+0 0  9996
2 28474  55.4427   3.5993 0163755 283.8840 130.7868  2.00556520139082
ANIK F1R                
1 28868U 05036A   23299.53457427 -.00000077  00000+0  00000+0 0  9991
2 28868   1.8232  88.3527 0001509  90.4377 301.0357  1.00271386 36789
NAVSTAR 57 (USA 183)    
1 28874U 05038A   23299.13402090 -.00000038  00000+0  00000+0 0  9999
2 28874  55.7010 311.8619 0140430 280.5065 101.3280  2.00571837132482
INMARSAT 4-F2           
1 28899U 05044A   23299.60118882 -.00000359  00000+0  00000+0 0  9994
2 28899   3.9238  41.1618 0003641 197.6403 116.1885  1.00835139 65841
NAVSTAR 58 (USA 190)    
1 29486U 06042A   23299.47670793  .00000027  00000+0  00000+0 0  9996
2 29486  54.6798 189.5896 0104269  33.9270 136.2809  2.00566993125043
NAVSTAR 59 (USA 192)    
1 29601U 06052A   23299.16534049 -.00000033  00000+0  00000+0 0  9993
2 29601  55.2418 252.3116 0084268  79.5210 281.4017  2.00552224124054
NAVSTAR 60 (USA 196)    
1 32260U 07047A   23299.47984500  .00000075  00000+0  00000+0 0  9993
2 32260  53.4903 119.9789 0152799  71.9203 289.7935  2.00548934117465
COSMOS 2433             
1 32275U 07052A   23298.18170493 -.00000049  00000+0  00000+0 0  9992
2 32275  66.0080 348.2448 0005176 240.3645 119.6531  2.13103974124471
COSMOS 2432             
1 32276U 07052B   23299.26909008 -.00000051  00000+0  00000+0 0  9998
2 32276  66.0221 348.3183 0010026 311.6847 109.4382  2.13103136124529
NAVSTAR 61 (USA 199)    
1 32384U 07062A   23299.42761032 -.00000041  00000+0  00000+0 0  9999
2 32384  55.8342 312.6791 0024274 152.3689 301.5746  2.00561257116160
COSMOS 2434             
1 32393U 07065A   23299.49560844 -.00000016  00000+0  00000+0 0  9999
2 32393  64.3313 224.5351 0002174  69.0106 110.3405  2.13103005123218
COSMOS 2436             
1 32395U 07065C   23299.32732278 -.00000017  00000+0  00000+0 0  9996
2 32395  64.3400 224.6030 0016401 359.3973 186.3024  2.13102641123166
NAVSTAR 62 (USA 201)    
1 32711U 08012A   23298.89357293  .00000023  00000+0  00000+0 0  9998
2 32711  54.4479 188.4318 0177863 236.1554 122.2095  2.00558880114395
NAVSTAR 64 (USA 206)    
1 35752U 09043A   23299.37013431 -.00000037  00000+0  00000+0 0  9994
2 35752  55.4785  65.6407 0057327  70.2208 290.1106  2.00554891104007
COSMOS 2456             
1 36111U 09070A   23299.52959522  .00000069  00000+0  00000+0 0  9995
2 36111  64.5135 104.0136 0001221 330.7992  33.0369  2.13099020107875
COSMOS 2457             
1 36112U 09070B   23299.35955243  .00000071  00000+0  00000+0 0  9996
2 36112  64.4974 103.8836 0006583 148.8417 215.7409  2.13101198107870
COSMOS 2460             
1 36402U 10007C   23299.36299273 -.00000050  00000+0  00000+0 0  9993
2 36402  65.8691 346.9120 0002272 241.8038 114.4204  2.13106154106169
NAVSTAR 65 (USA 213)    
1 36585U 10022A   23299.43753907 -.00000034  00000+0  00000+0 0  9991
2 36585  54.5422 247.4833 0111397  59.7799 107.2193  2.00564526 98246
BEIDOU-2 IGSO-1         
1 36828U 10036A   23299.60118882 -.00000090  00000+0  00000+0 0  9994
2 36828  54.2332 171.6943 0037911 191.6260 353.6212  1.00295050 48539
QZS-1 (MICHIBIKI-1)     
1 37158U 10045A   23298.58599234  .00000059  00000+0  00000+0 0  9995
2 37158  42.9392 127.0905 0003899 117.5327  65.1034  0.87714677 47922
BEIDOU-2 G4             
1 37210U 10057A   23299.59012816 -.00000115  00000+0  00000+0 0  9999
2 37210   1.2935  63.1020 0007622 168.1299 175.9560  1.00271209 47613
BEIDOU-2 IGSO-2         
1 37256U 10068A   23299.29954029 -.00000211  00000+0  00000+0 0  9996
2 37256  49.3172 283.6756 0031529 214.3265 112.3724  1.00266525 47111
BEIDOU-2 IGSO-3         
1 37384U 11013A   23299.59668689 -.00000203  00000+0  00000+0 0  9997
2 37384  61.0154  49.3897 0028309 178.2921 129.6307  1.00267880 45982
GSAT-8                  
1 37605U 11022A   23298.99884104  .00000079  00000+0  00000+0 0  9998
2 37605   0.0010 181.4579 0008163  69.7146 197.6333  1.00269755 43532
NAVSTAR 66 (USA 232)    
1 37753U 11036A   23299.59190204 -.00000095  00000+0  00000+0 0  9994
2 37753  56.7496   9.4422 0126863  56.2999 308.6963  2.00568886 89938
BEIDOU-2 IGSO-4         
1 37763U 11038A   23298.60025758 -.00000030  00000+0  00000+0 0  9998
2 37763  54.5067 174.2567 0111996 227.3369 302.8823  1.00263200 44969
GSAT0101 (GALILEO-PFM)  
1 37846U 11060A   23298.32963582 -.00000094  00000+0  00000+0 0  9990
2 37846  57.1140   7.9193 0000533 330.4588  29.5866  1.70475731 74652
GSAT0102 (GALILEO-FM2)  
1 37847U 11060B   23299.43895705 -.00000097  00000+0  00000+0 0  9998
2 37847  57.1147   7.8892 0002455 299.1318  67.8913  1.70475156 74684
COSMOS 2476             
1 37867U 11064A   23298.47951022  .00000085  00000+0  00000+0 0  9998
2 37867  64.7918 105.5964 0021528 230.0159 317.9922  2.13101614 93189
COSMOS 2477             
1 37868U 11064B   23299.40865672  .00000075  00000+0  00000+0 0  9997
2 37868  64.7995 105.6348 0018739 230.0573 128.6187  2.13101474 93197
COSMOS 2475             
1 37869U 11064C   23299.46003907  .00000074  00000+0  00000+0 0  9998
2 37869  64.8065 105.6457 0022653 248.4822 108.1480  2.13101759 93205
BEIDOU-2 IGSO-5         
1 37948U 11073A   23299.33851711 -.00000157  00000+0  00000+0 0  9999
2 37948  49.4430 283.3456 0094492 221.1695 106.3008  1.00260285 43450
LUCH-5A                 
1 37951U 11074B   23299.59407705 -.00000047  00000+0  00000+0 0  9990
2 37951   6.2776  88.8014 0004095 109.8391 216.8864  1.00272356 43371
BEIDOU-2 G5             
1 38091U 12008A   23298.92341005  .00000053  00000+0  00000+0 0  9996
2 38091   1.8325  69.2057 0006744 185.7167 170.3181  1.00267196 42680
BEIDOU-2 M3             
1 38250U 12018A   23299.28313785 -.00000068  00000+0  00000+0 0  9995
2 38250  56.4827 337.1506 0025174 258.7987 100.9803  1.86231040 77978
BEIDOU-2 M4             
1 38251U 12018B   23297.06654336 -.00000057  00000+0  00000+0 0  9998
2 38251  56.3938 336.5136 0016012 259.6718 100.2095  1.86231749 77934
SES-5                   
1 38652U 12036A   23299.08799240  .00000029  00000+0  00000+0 0  9999
2 38652   0.0445 300.6216 0002066 275.8900 214.3743  1.00271288 34800
BEIDOU-2 M6             
1 38775U 12050B   23298.92405343  .00000046  00000+0  00000+0 0  9990
2 38775  55.7319  95.0382 0010572 338.5509  21.4143  1.86231053 75339
GSAT-10                 
1 38779U 12051B   23299.60802418 -.00000170  00000+0  00000+0 0  9994
2 38779   0.0242 251.8111 0004109 353.9271  90.8815  1.00270697 40442
NAVSTAR 67 (USA 239)    
1 38833U 12053A   23299.06826315  .00000033  00000+0  00000+0 0  9996
2 38833  53.5098 183.0790 0145367  53.0351 308.3670  2.00567989 80087
GSAT0103 (GALILEO-FM3)  
1 38857U 12055A   23298.95538185  .00000078  00000+0  00000+0 0  9995
2 38857  55.3041 128.0729 0002077 240.3393 119.7134  1.70473567 68550
GSAT0104 (GALILEO-FM4)  
1 38858U 12055B   23297.16501100  .00000078  00000+0  00000+0 0  9995
2 38858  55.3031 128.1236 0001323 143.3339 216.7489  1.70473800 68527
BEIDOU-2 G6             
1 38953U 12059A   23299.63523003 -.00000176  00000+0  00000+0 0  9995
2 38953   1.9587  81.7296 0006769 295.4588 330.1526  1.00266987 40230
LUCH-5B                 
1 38977U 12061A   23299.15118763 -.00000136  00000+0  00000+0 0  9990
2 38977   8.3707  58.6931 0005606 137.2633 236.4677  1.00271267 39941
COSMOS 2485             
1 39155U 13019A   23298.17637204  .00000089  00000+0  00000+0 0  9996
2 39155  64.9516 106.1411 0022063 226.0520 133.7973  2.13101741 81697
NAVSTAR 68 (USA 242)    
1 39166U 13023A   23299.43026881 -.00000039  00000+0  00000+0 0  9992
2 39166  55.3155 308.0253 0115710  41.5258 319.3782  2.00564076 76536
IRNSS-1A                
1 39199U 13034A   23298.00396561  .00000100  00000+0  00000+0 0  9995
2 39199  33.5421  77.9402 0022019 179.8099 191.8389  1.00269607 37681
NAVSTAR 69 (USA 248)    
1 39533U 14008A   23299.43130681  .00000027  00000+0  00000+0 0  9994
2 39533  53.5960 188.6293 0067054 215.3881 144.2374  2.00554536 70338
ASTRA 5B                
1 39617U 14011B   23298.91715962  .00000131  00000+0  00000+0 0  9990
2 39617   0.0618 310.3327 0003702 281.0347 156.3584  1.00271275 34980
COSMOS 2492             
1 39620U 14012A   23299.53969626 -.00000050  00000+0  00000+0 0  9993
2 39620  65.7524 346.5170 0013210 310.8223  49.1343  2.13103023 74687
IRNSS-1B                
1 39635U 14017A   23296.94354903  .00000084  00000+0  00000+0 0  9998
2 39635  28.6084 256.8320 0018527 188.6467 341.3067  1.00271717 35092
LUCH-5V                 
1 39727U 14023A   23299.58388038 -.00000272  00000+0  00000+0 0  9996
2 39727   2.7066  77.0727 0004075 165.6157  96.9868  1.00271165 34688
NAVSTAR 70 (USA 251)    
1 39741U 14026A   23299.21452785 -.00000094  00000+0  00000+0 0  9998
2 39741  56.7012   8.9787 0030779 309.4819  50.2940  2.00553367 69181
COSMOS 2500             
1 40001U 14032A   23299.25303644 -.00000049  00000+0  00000+0 0  9999
2 40001  65.6906 346.3502 0008588 212.9578 147.0591  2.13105852 72895
NAVSTAR 71 (USA 256)    
1 40105U 14045A   23297.80204312  .00000090  00000+0  00000+0 0  9994
2 40105  54.8329 127.0550 0027382 114.7441 245.6095  2.00550137 66698
GSAT0201 (GALILEO 5)    
1 40128U 14050A   23299.08643529 -.00000060  00000+0  00000+0 0  9992
2 40128  49.8892 312.4954 1607189 142.3355 230.0984  1.85519286 60412
GSAT0202 (GALILEO 6)    
1 40129U 14050B   23299.34563380 -.00000062  00000+0  00000+0 0  9990
2 40129  49.9077 311.5576 1605151 143.1543 229.0454  1.85519901 62588
IRNSS-1C                
1 40269U 14061A   23299.54289490 -.00000160  00000+0  00000+0 0  9995
2 40269   4.0889 111.1220 0019043   7.2659 194.6708  1.00269159 33011
NAVSTAR 72 (USA 258)    
1 40294U 14068A   23299.17206030 -.00000027  00000+0  00000+0 0  9990
2 40294  56.2228  68.4298 0048925  62.8624 297.6226  2.00575051 65852
COSMOS 2501             
1 40315U 14075A   23299.03427127 -.00000018  00000+0  00000+0 0  9999
2 40315  63.6343 223.8593 0019036 208.7710 151.1305  2.13101168 69280
NAVSTAR 73 (USA 260)    
1 40534U 15013A   23299.31269792 -.00000035  00000+0  00000+0 0  9997
2 40534  53.4404 244.1367 0083126  26.3596 334.0376  2.00551412 62471
GSAT0203 (GALILEO 7)    
1 40544U 15017A   23298.69555316 -.00000095  00000+0  00000+0 0  9998
2 40544  56.9092   7.8754 0004559 243.0279 116.9742  1.70475956 53407
GSAT0204 (GALILEO 8)    
1 40545U 15017B   23297.18958541 -.00000091  00000+0  00000+0 0  9995
2 40545  56.9153   7.9309 0004686 229.9896 130.0168  1.70475532 15768
IRNSS-1D                
1 40547U 15018A   23298.81059779 -.00000311  00000+0  00000+0 0  9999
2 40547  27.9696 256.7646 0018857 184.9364 355.8568  1.00275986 31564
BEIDOU-3S IGSO-1S       
1 40549U 15019A   23299.48118201 -.00000146  00000+0  00000+0 0  9998
2 40549  51.0076 306.9568 0037493 195.8467 155.6199  1.00299221 31394
NAVSTAR 74 (USA 262)    
1 40730U 15033A   23299.47459017 -.00000040  00000+0  00000+0 0  9991
2 40730  54.8030 306.6123 0087432  14.1098 346.1596  2.00552277 60644
BEIDOU-3S M2S           
1 40748U 15037A   23299.41661060 -.00000068  00000+0  00000+0 0  9991
2 40748  55.6316 335.0025 0012811 249.2222 110.7003  1.86233039 56159
BEIDOU-3S M1S           
1 40749U 15037B   23299.14983447 -.00000067  00000+0  00000+0 0  9997
2 40749  55.6349 334.9979 0005309 297.5191  62.4873  1.86232772 56158
GSAT0205 (GALILEO 9)    
1 40889U 15045A   23299.30395926 -.00000026  00000+0  00000+0 0  9993
2 40889  55.3365 248.2616 0004494  10.9075 349.0655  1.70472866 50569
GSAT0206 (GALILEO 10)   
1 40890U 15045B   23298.93804488 -.00000025  00000+0  00000+0 0  9990
2 40890  55.3358 248.2672 0002921 351.6754   8.2842  1.70472888 50585
BEIDOU-3S IGSO-2S       
1 40938U 15053A   23299.29448705 -.00000160  00000+0  00000+0 0  9998
2 40938  50.7315 270.1415 0047277 194.6738 132.1458  1.00270759 29671
NAVSTAR 75 (USA 265)    
1 41019U 15062A   23299.52524154 -.00000031  00000+0  00000+0 0  9995
2 41019  56.2062  68.2670 0091514 221.6172 137.6715  2.00562086 58482
GSAT-15                 
1 41028U 15065A   23299.54925819 -.00000263  00000+0  00000+0 0  9990
2 41028   0.0596 265.4880 0003632 290.1147 130.3336  1.00270727 29127
GSAT0209 (GALILEO 12)   
1 41174U 15079A   23297.34977624  .00000078  00000+0  00000+0 0  9997
2 41174  55.3212 127.8244 0001942 346.3264  13.7419  1.70474121 48294
GSAT0208 (GALILEO 11)   
1 41175U 15079B   23298.15599965  .00000079  00000+0  00000+0 0  9997
2 41175  55.3202 127.8003 0001364   2.8233 357.2515  1.70474062 48720
IRNSS-1E                
1 41241U 16003A   23298.84826981 -.00000279  00000+0  00000+0 0  9999
2 41241  31.0967  77.0181 0021446 181.0651 193.0528  1.00267881 28408
NAVSTAR 76 (USA 266)    
1 41328U 16007A   23299.11527293  .00000089  00000+0  00000+0 0  9992
2 41328  55.0364 127.7925 0072418 233.5505 125.8466  2.00573167 56487
COSMOS 2514             
1 41330U 16008A   23299.48503465 -.00000049  00000+0  00000+0 0  9998
2 41330  65.4873 345.9106 0012546 216.9294 143.0545  2.13102495 60066
IRNSS-1F                
1 41384U 16015A   23299.07757819  .00000158  00000+0  00000+0 0  9994
2 41384   3.0401 127.3807 0019817 174.1648 153.0503  1.00275917 27980
BEIDOU-2 IGSO-6         
1 41434U 16021A   23299.28157736 -.00000179  00000+0  00000+0 0  9996
2 41434  58.8302  47.7389 0048967 219.6275 325.1082  1.00272124 27805
IRNSS-1G                
1 41469U 16027A   23299.62067264 -.00000336  00000+0  00000+0 0  9999
2 41469   2.9294 128.9018 0000658  19.9828 238.7079  1.00264225 27509
GSAT0211 (GALILEO 14)   
1 41549U 16030A   23295.34423903  .00000006  00000+0  00000+0 0  9996
2 41549  55.4854 248.3519 0004068 327.5139  32.4437  1.70472977 46159
GSAT0210 (GALILEO 13)   
1 41550U 16030B   23299.15518479 -.00000025  00000+0  00000+0 0  9996
2 41550  55.4826 248.2482 0003536 291.6075  68.3185  1.70473269 46217
COSMOS 2516             
1 41554U 16032A   23299.12909287 -.00000018  00000+0  00000+0 0  9992
2 41554  63.8608 224.2714 0014987 212.8920 147.0205  2.13106303 57669
BEIDOU-2 G7             
1 41586U 16037A   23299.60118882 -.00000357  00000+0  00000+0 0  9994
2 41586   1.9952  69.0879 0006910 338.1266 314.5196  1.00270362 27117
EUTELSAT 117 WEST B     
1 41589U 16038B   23299.08115066 -.00000017  00000+0  00000+0 0  9994
2 41589   0.0117  88.4666 0000054 148.5117  69.4585  1.00271867 26986
GSAT0207 (GALILEO 15)   
1 41859U 16069A   23298.23016877  .00000078  00000+0  00000+0 0  9990
2 41859  54.9851 127.8596 0001654 310.9416  49.1181  1.70474092 42935
GSAT0212 (GALILEO 16)   
1 41860U 16069B   23298.08476699  .00000078  00000+0  00000+0 0  9997
2 41860  54.9827 127.8604 0001786  30.7683 329.3163  1.70474310 43183
GSAT0213 (GALILEO 17)   
1 41861U 16069C   23299.62439365  .00000074  00000+0  00000+0 0  9994
2 41861  54.9853 127.8237 0001790 256.4715 103.5793  1.70473026 43075
GSAT0214 (GALILEO 18)   
1 41862U 16069D   23299.18509248  .00000076  00000+0  00000+0 0  9996
2 41862  54.9833 127.8299 0000842 247.1857 112.8778  1.70472875 43193
SES-15                  
1 42709U 17026A   23299.58713748  .00000056  00000+0  00000+0 0  9995
2 42709   0.0087  34.2276 0000498 188.1830 254.4876  1.00267326 24473
QZS-2 (MICHIBIKI-2)     
1 42738U 17028A   23299.21299155 -.00000233  00000+0  00000+0 0  9998
2 42738  40.9612 257.1290 0744377 270.7846  81.3595  1.00250686 23475
QZS-3 (MICHIBIKI-3)     
1 42917U 17048A   23299.61769159 -.00000353  00000+0  00000+0 0  9992
2 42917   0.0550 172.9101 0001723  48.6448 162.5848  1.00267325 22580
COSMOS 2522             
1 42939U 17055A   23299.32654420 -.00000017  00000+0  00000+0 0  9993
2 42939  64.0950 224.8050 0007899 241.7538 118.1715  2.13101934 47411
QZS-4 (MICHIBIKI-4)     
1 42965U 17062A   23299.48105030 -.00000331  00000+0  00000+0 0  9994
2 42965  40.6147 355.7819 0750367 270.2987  80.8337  1.00265891 22130
BEIDOU-3 M1             
1 43001U 17069A   23297.61643790  .00000059  00000+0  00000+0 0  9992
2 43001  55.8823  95.1478 0007230 294.1865  65.7540  1.86231186 40605
BEIDOU-3 M2             
1 43002U 17069B   23299.16411416  .00000043  00000+0  00000+0 0  9996
2 43002  55.8828  95.1320 0005202 329.2859  30.6918  1.86230988 40628
GSAT0215 (GALILEO 19)   
1 43055U 17079A   23299.08689624 -.00000025  00000+0  00000+0 0  9995
2 43055  55.4595 248.0742 0002935 287.6080  72.3240  1.70473647 36533
GSAT0216 (GALILEO 20)   
1 43056U 17079B   23297.03245124 -.00000010  00000+0  00000+0 0  9996
2 43056  55.4614 248.1304 0004581 287.4519  72.4724  1.70473782 36511
GSAT0217 (GALILEO 21)   
1 43057U 17079C   23299.01256660 -.00000025  00000+0  00000+0 0  9990
2 43057  55.4582 248.0751 0004163 301.7445  58.1791  1.70473721 36535
GSAT0218 (GALILEO 22)   
1 43058U 17079D   23297.47287016 -.00000014  00000+0  00000+0 0  9996
2 43058  55.4592 248.1149 0004981 282.9320  76.9841  1.70473740 36534
BEIDOU-3 M7             
1 43107U 18003A   23299.45171640 -.00000071  00000+0  00000+0 0  9997
2 43107  55.0882 335.6949 0002556  66.0820 294.0045  1.86232305 39381
BEIDOU-3 M8             
1 43108U 18003B   23298.85329399 -.00000067  00000+0  00000+0 0  9992
2 43108  55.0816 335.7023 0004891 253.8604 106.1459  1.86230765 39383
BEIDOU-3 M4             
1 43207U 18018A   23296.61055932  .00000064  00000+0  00000+0 0  9995
2 43207  55.8401  95.2787 0003714  19.1876 340.8449  1.86231122 38724
BEIDOU-3 M3             
1 43208U 18018B   23298.82501952  .00000048  00000+0  00000+0 0  9991
2 43208  55.8414  95.2089 0004940 310.9706  48.9970  1.86231175 38767
BEIDOU-3 M9             
1 43245U 18029A   23299.04769254 -.00000066  00000+0  00000+0 0  9991
2 43245  54.9808 333.4381 0002075 249.0250 111.0115  1.86232302 37923
BEIDOU-3 M10            
1 43246U 18029B   23298.97764411 -.00000065  00000+0  00000+0 0  9992
2 43246  54.9781 333.4691 0003346 338.8421  21.2030  1.86232728 37905
IRNSS-1I                
1 43286U 18035A   23298.51263226  .00000111  00000+0  00000+0 0  9992
2 43286  29.3702  89.3766 0021741 178.0586   5.9450  1.00277592 20397
COSMOS 2527             
1 43508U 18053A   23298.81599343  .00000084  00000+0  00000+0 0  9993
2 43508  65.1128 106.2227 0007776 213.0323 146.9480  2.13102332 41707
BEIDOU-2 IGSO-7         
1 43539U 18057A   23299.30883310 -.00000101  00000+0  00000+0 0  9997
2 43539  55.1177 171.4036 0063728 229.6993 218.1699  1.00267280 19473
GSAT0221 (GALILEO 25)   
1 43564U 18060A   23297.95925796 -.00000092  00000+0  00000+0 0  9992
2 43564  57.2897   7.8364 0004757 261.7554  98.2390  1.70475831 32690
GSAT0222 (GALILEO 26)   
1 43565U 18060B   23299.35058619 -.00000096  00000+0  00000+0 0  9994
2 43565  57.2933   7.8000 0004571 231.2699 128.7394  1.70475746 32761
GSAT0219 (GALILEO 23)   
1 43566U 18060C   23297.81308984 -.00000092  00000+0  00000+0 0  9993
2 43566  57.2923   7.8435 0003665 264.3256  95.6808  1.70475963 32710
GSAT0220 (GALILEO 24)   
1 43567U 18060D   23298.62012809 -.00000094  00000+0  00000+0 0  9994
2 43567  57.2920   7.8219 0003897 259.7646 100.2405  1.70475666 32712
BEIDOU-3 M5             
1 43581U 18062A   23299.19784786 -.00000016  00000+0  00000+0 0  9999
2 43581  54.1659 215.1452 0003516 299.0349  60.9492  1.86231728 35662
BEIDOU-3 M6             
1 43582U 18062B   23298.52739506 -.00000020  00000+0  00000+0 0  9991
2 43582  54.1657 215.1577 0005978  16.6198 343.4173  1.86229642 35654
BEIDOU-3 M12            
1 43602U 18067A   23299.00018362 -.00000016  00000+0  00000+0 0  9998
2 43602  54.2537 213.8015 0007650  20.3018 339.7501  1.86231379 35146
BEIDOU-3 M11            
1 43603U 18067B   23299.13401534 -.00000015  00000+0  00000+0 0  9999
2 43603  54.2507 213.7626 0004520  10.8080 349.2237  1.86231361 35173
BEIDOU-3 M13            
1 43622U 18072A   23298.01913245  .00000055  00000+0  00000+0 0  9992
2 43622  55.8110  94.7699 0004084 286.2414  73.7276  1.86231263 34669
BEIDOU-3 M14            
1 43623U 18072B   23297.88458748  .00000056  00000+0  00000+0 0  9990
2 43623  55.8130  94.7671 0002025 342.2092  17.7982  1.86231270 34659
BEIDOU-3 M16            
1 43647U 18078A   23299.12222229 -.00000067  00000+0  00000+0 0  9997
2 43647  54.8769 333.5539 0006278 359.6654   0.3930  1.86227127 34184
BEIDOU-3 M15            
1 43648U 18078B   23299.25145164 -.00000067  00000+0  00000+0 0  9994
2 43648  54.8725 333.5529 0003023   0.6798 359.3791  1.86232088 34200
BEIDOU-3 G1             
1 43683U 18085A   23299.59597686 -.00000280  00000+0  00000+0 0  9995
2 43683   1.6303 120.9221 0002187   8.3385 260.1124  1.00271013 18382
COSMOS 2529             
1 43687U 18086A   23299.38455898 -.00000017  00000+0  00000+0 0  9993
2 43687  64.3103 225.2526 0009586 264.6275  95.2675  2.13101968 38726
BEIDOU-3 M17            
1 43706U 18093A   23298.86229589 -.00000018  00000+0  00000+0 0  9992
2 43706  54.2486 215.0777 0008638 287.2007  72.7233  1.86231809 33560
BEIDOU-3 M18            
1 43707U 18093B   23299.26580919 -.00000015  00000+0  00000+0 0  9992
2 43707  54.2493 215.0557 0007505 318.1913  41.7711  1.86229654 33569
NAVSTAR 77 (USA 289)    
1 43873U 18109A   23299.51553564  .00000088  00000+0  00000+0 0  9997
2 43873  55.2115 130.3028 0026814 189.8051 353.6979  2.00570401 35724
BEIDOU-3 IGSO-1         
1 44204U 19023A   23299.59091473 -.00000234  00000+0  00000+0 0  9990
2 44204  57.2981  47.6948 0024354 197.4599 121.7195  1.00266349 16664
BEIDOU-2 G8             
1 44231U 19027A   23299.59795928 -.00000250  00000+0  00000+0 0  9998
2 44231   1.3710  70.9615 0004708 155.1018 168.4826  1.00273847 16404
COSMOS 2534             
1 44299U 19030A   23299.37187376 -.00000017  00000+0  00000+0 0  9995
2 44299  64.3831 225.1842 0011950 285.8793 198.5293  2.13101715 34361
BEIDOU-3 IGSO-2         
1 44337U 19035A   23299.55118685 -.00000094  00000+0  00000+0 0  9995
2 44337  55.1528 167.3325 0033049 194.7640 349.3777  1.00257929 15995
NAVSTAR 78 (USA 293)    
1 44506U 19056A   23299.41076920 -.00000096  00000+0  00000+0 0  9998
2 44506  55.8272   9.3794 0038334 187.8846 178.6115  2.00566233 30723
BEIDOU-3 M24            
1 44542U 19061A   23298.26319471 -.00000021  00000+0  00000+0 0  9995
2 44542  54.4761 215.3380 0008608 353.5917   6.4142  1.86231446 27804
BEIDOU-3 M23            
1 44543U 19061B   23299.06938035 -.00000017  00000+0  00000+0 0  9993
2 44543  54.4743 215.2798 0005600 343.8533 108.6157  1.86231664 27827
BEIDOU-3 IGSO-3         
1 44709U 19073A   23298.38325585 -.00000173  00000+0  00000+0 0  9997
2 44709  56.4523 291.2131 0034721 190.8844 169.0201  1.00266538 14770
BEIDOU-3 M22            
1 44793U 19078A   23299.18250339 -.00000067  00000+0  00000+0 0  9990
2 44793  54.7252 333.5125 0005020   5.7429 354.3213  1.86232031 26678
BEIDOU-3 M21            
1 44794U 19078B   23299.31294188 -.00000068  00000+0  00000+0 0  9997
2 44794  54.6988 333.4890 0003196 349.9924  10.0594  1.86232486 26680
COSMOS 2544             
1 44850U 19088A   23299.22903458  .00000078  00000+0  00000+0 0  9998
2 44850  65.0993 106.0507 0011339 247.4391 112.4672  2.13102095 30156
BEIDOU-3 M19            
1 44864U 19090A   23298.59062598  .00000049  00000+0  00000+0 0  9994
2 44864  55.7456  94.9348 0015455 272.4824 156.9485  1.86231448 26256
BEIDOU-3 M20            
1 44865U 19090B   23297.84307501  .00000057  00000+0  00000+0 0  9997
2 44865  55.7470  94.9929 0013030 287.2054  90.8069  1.86231399 26220
BEIDOU-3 G2             
1 45344U 20017A   23299.57725550 -.00000146  00000+0  00000+0 0  9991
2 45344   2.0838  18.9051 0003309 196.6497 106.9840  1.00272087 13586
COSMOS 2545             
1 45358U 20018A   23299.42592947 -.00000051  00000+0  00000+0 0  9998
2 45358  64.8276 346.1152 0011631 244.6603 115.2890  2.13102451 28105
BEIDOU-3 G3             
1 45807U 20040A   23299.61840818 -.00000360  00000+0  00000+0 0  9999
2 45807   0.5859 355.4929 0009160 312.6464  59.8025  1.00274607 12405
NAVSTAR 79 (USA 304)    
1 45854U 20041A   23299.60176546 -.00000036  00000+0  00000+0 0  9991
2 45854  55.9279  66.6624 0038224 188.0187 259.2536  2.00561918 24692
GALAXY 30 (G-30)        
1 46114U 20056C   23299.63213997  .00000032  00000+0  00000+0 0  9997
2 46114   0.0164 267.6657 0002922 305.2424 284.4374  1.00271152 11624
COSMOS 2547             
1 46805U 20075A   23299.14538350 -.00000018  00000+0  00000+0 0  9999
2 46805  64.6108 224.7634 0007223 242.7428 117.1885  2.13102712 23343
NAVSTAR 80 (USA 309)    
1 46826U 20078A   23299.25153609 -.00000034  00000+0  00000+0 0  9995
2 46826  54.2868 249.9558 0036966 194.7451 335.4482  2.00562598 22150
NAVSTAR 81 (USA 319)    
1 48859U 21054A   23299.29460946 -.00000097  00000+0  00000+0 0  9996
2 48859  55.3461  11.1452 0013703 216.7853 168.2276  2.00570364 17401
QZS-1R                  
1 49336U 21096A   23298.83002596 -.00000200  00000+0  00000+0 0  9991
2 49336  35.4610  94.1259 0747634 270.1875 103.6692  1.00274557  7338
GSAT0223 (GALILEO 27)   
1 49809U 21116A   23298.48046353 -.00000094  00000+0  00000+0 0  9990
2 49809  57.2835   7.7215 0003614 201.3666 163.2377  1.70475916 11722
GSAT0224 (GALILEO 28)   
1 49810U 21116B   23299.47931186 -.00000096  00000+0  00000+0 0  9991
2 49810  57.2845   7.6927 0002990 205.9493 164.1520  1.70475873 11764
COSMOS 2557             
1 52984U 22075A   23299.30828238 -.00000054  00000+0  00000+0 0  9991
2 52984  64.7459 348.2731 0013400 276.0595  83.8572  2.13102095 10158
COSMOS 2559             
1 54031U 22130A   23299.25043900 -.00000054  00000+0  00000+0 0  9997
2 54031  64.7173 348.4008 0007926 226.8783 133.1245  2.13101328  8121
COSMOS 2564             
1 54377U 22161A   23298.97398595 -.00000018  00000+0  00000+0 0  9995
2 54377  64.7516 224.8314 0009220 221.6844 138.2501  2.13102102  7066
NAVSTAR 82 (USA 343)    
1 55268U 23009A   23299.36609262  .00000032  00000+0  00000+0 0  9992
2 55268  55.0860 186.3751 0005251  89.5083  25.3802  2.00551928  5893
BEIDOU-3 G4             
1 56564U 23066A   23299.58996847 -.00000121  00000+0  00000+0 0  9997
2 56564   2.7147 288.6111 0005692 227.6035 250.9102  1.00270645  1727
IRNSS-1J (NVS-01)       
1 56759U 23076A   23299.61856720 -.00000348  00000+0  00000+0 0  9994
2 56759   4.6060 271.0817 0007153 343.9272 131.9557  1.00275081  1446
