NAVSTAR 43 (USA 132)    
1 24876U 97035A   23250.58798846 -.00000044  00000+0  00000+0 0  9995
2 24876  55.5877 138.2177 0072699  52.3957 308.3223  2.00564097191622
NAVSTAR 47 (USA 150)    
1 26360U 00025A   23250.47112549 -.00000045  00000+0  00000+0 0  9997
2 26360  54.4356  60.4736 0041498 199.3997 166.0131  2.00570591170943
NAVSTAR 51 (USA 166)    
1 27663U 03005A   23250.01247175  .00000047  00000+0  00000+0 0  9990
2 27663  55.2449 255.3034 0131940  44.6931 329.2231  2.00565884150974
NAVSTAR 52 (USA 168)    
1 27704U 03010A   23249.71483037 -.00000113  00000+0  00000+0 0  9991
2 27704  55.1156   5.2751 0248752 318.7909  58.5757  2.00575014149768
NAVSTAR 54 (USA 177)    
1 28190U 04009A   23250.35188206 -.00000075  00000+0  00000+0 0  9999
2 28190  55.6879 316.3497 0092876 138.8396 276.5612  2.00567256142611
NAVSTAR 56 (USA 180)    
1 28474U 04045A   23250.18976425 -.00000113  00000+0  00000+0 0  9996
2 28474  55.4426   5.5783 0162396 282.6219  71.3091  2.00580094138087
ANIK F1R                
1 28868U 05036A   23250.56967661 -.00000086  00000+0  00000+0 0  9997
2 28868   1.6960  89.0018 0002141  62.9859 292.1700  1.00272607 36284
NAVSTAR 57 (USA 183)    
1 28874U 05038A   23250.27569869 -.00000070  00000+0  00000+0 0  9995
2 28874  55.7392 313.8048 0139616 279.5475 102.4491  2.00575315131503
INMARSAT 4-F2           
1 28899U 05044A   23250.43581244 -.00000001  00000+0  00000+0 0  9992
2 28899   3.8619  40.7071 0002795 141.5451  24.7890  1.00272361 65359
NAVSTAR 58 (USA 190)    
1 29486U 06042A   23250.61076598 -.00000005  00000+0  00000+0 0  9999
2 29486  54.6846 191.5259 0103196  32.1713 133.3701  2.00569583124062
NAVSTAR 59 (USA 192)    
1 29601U 06052A   23250.30155247  .00000049  00000+0  00000+0 0  9991
2 29601  55.2656 254.2513 0083294  79.4012 281.5572  2.00549765123071
NAVSTAR 60 (USA 196)    
1 32260U 07047A   23250.11756151 -.00000041  00000+0  00000+0 0  9994
2 32260  53.4658 122.0254 0151501  70.6951 291.0114  2.00551337116476
COSMOS 2433             
1 32275U 07052A   23248.90950679 -.00000095  00000+0  00000+0 0  9990
2 32275  66.0215 349.8832 0003783 219.2518 140.7494  2.13104143123427
COSMOS 2432             
1 32276U 07052B   23249.93763678 -.00000099  00000+0  00000+0 0  9990
2 32276  66.0355 349.9577 0008236 319.6584  56.1449  2.13103274123475
NAVSTAR 61 (USA 199)    
1 32384U 07062A   23250.43255104 -.00000071  00000+0  00000+0 0  9998
2 32384  55.8711 314.6201 0024873 150.5226 207.2480  2.00558968115172
COSMOS 2434             
1 32393U 07065A   23248.34045190  .00000065  00000+0  00000+0 0  9992
2 32393  64.3371 226.2713 0000214  85.1054  89.5111  2.13103073122122
COSMOS 2436             
1 32395U 07065C   23250.51808924  .00000063  00000+0  00000+0 0  9996
2 32395  64.3456 226.2590 0015764 352.8291 187.9213  2.13102797122122
NAVSTAR 62 (USA 201)    
1 32711U 08012A   23250.03155624  .00000001  00000+0  00000+0 0  9992
2 32711  54.4520 190.3792 0177547 235.8654 122.4276  2.00557339113419
NAVSTAR 64 (USA 206)    
1 35752U 09043A   23250.51164435 -.00000035  00000+0  00000+0 0  9996
2 35752  55.4365  67.5902 0058355  69.0970 294.2465  2.00557810103035
COSMOS 2456             
1 36111U 09070A   23249.09355035 -.00000012  00000+0  00000+0 0  9990
2 36111  64.4908 105.7458 0002127 334.7146 216.8154  2.13099232106796
COSMOS 2457             
1 36112U 09070B   23250.35056197 -.00000008  00000+0  00000+0 0  9994
2 36112  64.4753 105.5679 0005767 147.2733  59.3898  2.13101417106828
COSMOS 2460             
1 36402U 10007C   23250.60686436 -.00000100  00000+0  00000+0 0  9994
2 36402  65.8834 348.5417 0001514 177.6075 214.1141  2.13106343105134
NAVSTAR 65 (USA 213)    
1 36585U 10022A   23250.59079701  .00000050  00000+0  00000+0 0  9995
2 36585  54.5648 249.4550 0109296  59.6695 117.3893  2.00562162 97267
BEIDOU-2 IGSO-1         
1 36828U 10036A   23250.42908503 -.00000149  00000+0  00000+0 0  9993
2 36828  54.2363 172.1442 0036707 188.9877 246.4406  1.00252607 48049
QZS-1 (MICHIBIKI-1)     
1 37158U 10045A   23249.68402778 -.00000039  00000+0  00000+0 0  9997
2 37158  43.0227 127.4265 0003098 164.9546  55.5572  0.87715049 47490
BEIDOU-2 G4             
1 37210U 10057A   23250.62576424 -.00000125  00000+0  00000+0 0  9991
2 37210   1.1832  61.0194 0006270 154.6149 155.9898  1.00271575 47123
BEIDOU-2 IGSO-2         
1 37256U 10068A   23250.51656944 -.00000172  00000+0  00000+0 0  9999
2 37256  49.4020 284.2647 0032591 212.0504 144.0645  1.00283203 46622
BEIDOU-2 IGSO-3         
1 37384U 11013A   23250.37306913 -.00000165  00000+0  00000+0 0  9996
2 37384  60.9451  49.8635 0027884 174.2164   4.5000  1.00281178 45490
GSAT-8                  
1 37605U 11022A   23250.50569161  .00000073  00000+0  00000+0 0  9990
2 37605   0.0180 123.5475 0005183 125.4079 334.4720  1.00272697 43053
NAVSTAR 66 (USA 232)    
1 37753U 11036A   23250.15798639 -.00000106  00000+0  00000+0 0  9992
2 37753  56.7443  11.3580 0127065  56.3329 254.2602  2.00568602 88931
BEIDOU-2 IGSO-4         
1 37763U 11038A   23249.79289836 -.00000132  00000+0  00000+0 0  9996
2 37763  54.5105 174.6919 0112136 228.1408 323.7895  1.00273668 44462
GSAT0101 (GALILEO-PFM)  
1 37846U 11060A   23249.64308251 -.00000108  00000+0  00000+0 0  9993
2 37846  57.1100   9.2369 0001587  76.2945 283.7262  1.70475929 73821
GSAT0102 (GALILEO-FM2)  
1 37847U 11060B   23250.18631104 -.00000108  00000+0  00000+0 0  9991
2 37847  57.1106   9.2223 0001176 339.6117  40.0679  1.70475357 73841
COSMOS 2476             
1 37867U 11064A   23249.94954016 -.00000011  00000+0  00000+0 0  9992
2 37867  64.7709 107.2447 0021212 232.3396 165.2017  2.13101781 92206
COSMOS 2477             
1 37868U 11064B   23250.38382434 -.00000008  00000+0  00000+0 0  9998
2 37868  64.7781 107.2994 0018415 232.6298 315.9629  2.13101685 92159
COSMOS 2475             
1 37869U 11064C   23249.91487801 -.00000011  00000+0  00000+0 0  9994
2 37869  64.7851 107.3277 0022581 250.9328 256.3822  2.13102050 92160
BEIDOU-2 IGSO-5         
1 37948U 11073A   23249.57976450 -.00000132  00000+0  00000+0 0  9991
2 37948  49.5287 283.9441 0095231 220.2679 145.9051  1.00272248 43230
LUCH-5A                 
1 37951U 11074B   23250.59320720 -.00000058  00000+0  00000+0 0  9990
2 37951   6.1512  89.6376 0004694  65.6753 211.7543  1.00275300 42889
BEIDOU-2 G5             
1 38091U 12008A   23250.50647481  .00000045  00000+0  00000+0 0  9996
2 38091   1.7169  68.4807 0003395 173.2693 345.5703  1.00274029 42201
BEIDOU-2 M3             
1 38250U 12018A   23249.34620389 -.00000117  00000+0  00000+0 0  9993
2 38250  56.5100 338.8087 0023492 255.4675 104.3100  1.86231138 77048
BEIDOU-2 M4             
1 38251U 12018B   23250.30045021 -.00000117  00000+0  00000+0 0  9996
2 38251  56.4195 338.0690 0013837 254.8476  70.7873  1.86232015 77406
SES-5                   
1 38652U 12036A   23250.28073814  .00000022  00000+0  00000+0 0  9993
2 38652   0.0510 310.8218 0001811 221.6882 279.6196  1.00270537 34322
BEIDOU-2 M6             
1 38775U 12050B   23250.59843262 -.00000027  00000+0  00000+0 0  9997
2 38775  55.6932  96.6575 0011583 339.9928  20.0363  1.86231308 74435
GSAT-10                 
1 38779U 12051B   23250.62181903 -.00000177  00000+0  00000+0 0  9999
2 38779   0.0529 272.3065 0002037 340.0949  40.8913  1.00271064 39950
NAVSTAR 67 (USA 239)    
1 38833U 12053A   23250.20867399 -.00000010  00000+0  00000+0 0  9992
2 38833  53.5128 185.0755 0142161  51.9903 309.2751  2.00567240 79104
GSAT0103 (GALILEO-FM3)  
1 38857U 12055A   23249.09567318 -.00000024  00000+0  00000+0 0  9998
2 38857  55.2824 129.4445 0002775 265.7158  94.3282  1.70473717 67708
GSAT0104 (GALILEO-FM4)  
1 38858U 12055B   23248.47854824 -.00000021  00000+0  00000+0 0  9998
2 38858  55.2825 129.4631 0000269 206.4453 153.6310  1.70473948 67698
BEIDOU-2 G6             
1 38953U 12059A   23250.51143510 -.00000186  00000+0  00000+0 0  9991
2 38953   1.8333  81.9371 0007014 310.8796 221.5829  1.00268810 39741
LUCH-5B                 
1 38977U 12061A   23250.27647403 -.00000147  00000+0  00000+0 0  9990
2 38977   8.2620  59.0986 0005789 111.5981 258.6249  1.00273341 39454
COSMOS 2485             
1 39155U 13019A   23248.90407942 -.00000012  00000+0  00000+0 0  9993
2 39155  64.9306 107.8041 0021727 228.3248 131.5676  2.13101970 80643
NAVSTAR 68 (USA 242)    
1 39166U 13023A   23250.56954685 -.00000061  00000+0  00000+0 0  9990
2 39166  55.3541 309.9875 0114265  41.7120 319.2147  2.00564314 75559
IRNSS-1A                
1 39199U 13034A   23250.11299378  .00000068  00000+0  00000+0 0  9996
2 39199  33.4293  78.6497 0020286 176.4769 186.7345  1.00280395 37200
NAVSTAR 69 (USA 248)    
1 39533U 14008A   23250.06964152  .00000000  00000+0  00000+0 0  9999
2 39533  53.6000 190.6392 0067221 215.7454 143.7908  2.00551847 69341
ASTRA 5B                
1 39617U 14011B   23250.49942598  .00000126  00000+0  00000+0 0  9992
2 39617   0.0886 299.2609 0003596 255.9608 354.3950  1.00275584 34508
COSMOS 2492             
1 39620U 14012A   23249.32879382 -.00000097  00000+0  00000+0 0  9995
2 39620  65.7673 348.2026 0011371 316.3258  43.6145  2.13103151 73619
IRNSS-1B                
1 39635U 14017A   23250.11299378  .00000115  00000+0  00000+0 0  9996
2 39635  28.7002 257.6188 0019753 192.3325 351.7308  1.00275476 34628
LUCH-5V                 
1 39727U 14023A   23250.51361067 -.00000281  00000+0  00000+0 0  9999
2 39727   2.5815  77.2736 0003652 134.6271  54.0508  1.00270218 34193
NAVSTAR 70 (USA 251)    
1 39741U 14026A   23250.35120176 -.00000107  00000+0  00000+0 0  9991
2 39741  56.6969  10.8728 0029080 310.8179  48.9382  2.00556998 68205
COSMOS 2500             
1 40001U 14032A   23249.98131114 -.00000099  00000+0  00000+0 0  9990
2 40001  65.7053 348.0079 0008065 198.6076 161.3930  2.13105938 71845
NAVSTAR 71 (USA 256)    
1 40105U 14045A   23249.93620289 -.00000040  00000+0  00000+0 0  9996
2 40105  54.8133 128.9682 0024947 113.2073 247.1249  2.00577910 65736
GSAT0201 (GALILEO 5)    
1 40128U 14050A   23250.03795509 -.00000089  00000+0  00000+0 0  9991
2 40128  49.9326 314.4591 1608846 140.4798 232.4485  1.85519266 59503
GSAT0202 (GALILEO 6)    
1 40129U 14050B   23249.75833933 -.00000088  00000+0  00000+0 0  9992
2 40129  49.9521 313.5418 1606715 141.2803 231.4255  1.85519908 61665
IRNSS-1C                
1 40269U 14061A   23250.62181844 -.00000174  00000+0  00000+0 0  9990
2 40269   3.9704 112.6104 0020022  17.8657 162.8188  1.00270213 32523
NAVSTAR 72 (USA 258)    
1 40294U 14068A   23249.81496897 -.00000034  00000+0  00000+0 0  9996
2 40294  56.1798  70.3627 0049129  61.9667 298.5729  2.00572014 64869
COSMOS 2501             
1 40315U 14075A   23250.23124005  .00000063  00000+0  00000+0 0  9996
2 40315  63.6403 225.5586 0019959 211.3130 148.5612  2.13101348 68244
NAVSTAR 73 (USA 260)    
1 40534U 15013A   23250.44971550  .00000048  00000+0  00000+0 0  9993
2 40534  53.4635 246.1606 0080499  25.3174 335.0830  2.00554547 61495
GSAT0203 (GALILEO 7)    
1 40544U 15017A   23250.00912571 -.00000108  00000+0  00000+0 0  9996
2 40544  56.9052   9.1996 0003163 226.1111 133.8659  1.70476260 51911
GSAT0204 (GALILEO 8)    
1 40545U 15017B   23249.67617737 -.00000108  00000+0  00000+0 0  9994
2 40545  56.9113   9.2230 0003528 208.9167 151.0670  1.70475749 14955
IRNSS-1D                
1 40547U 15018A   23250.44529792 -.00000270  00000+0  00000+0 0  9997
2 40547  28.0689 257.5824 0019884 192.8809 167.9112  1.00270964 30824
BEIDOU-3S IGSO-1S       
1 40549U 15019A   23249.63483433 -.00000160  00000+0  00000+0 0  9998
2 40549  51.0941 307.5439 0041057 195.9578 164.1017  1.00255841 30904
NAVSTAR 74 (USA 262)    
1 40730U 15033A   23250.11281515 -.00000061  00000+0  00000+0 0  9998
2 40730  54.8429 308.6185 0085266  13.9632 346.3323  2.00555169 59652
BEIDOU-3S M2S           
1 40748U 15037A   23249.48036030 -.00000116  00000+0  00000+0 0  9990
2 40748  55.6609 336.6952 0011345 241.1649 118.7612  1.86233188 55221
BEIDOU-3S M1S           
1 40749U 15037B   23250.28741408 -.00000117  00000+0  00000+0 0  9994
2 40749  55.6634 336.6541 0003245 300.1230  59.8845  1.86232935 55240
GSAT0205 (GALILEO 9)    
1 40889U 15045A   23248.85752093  .00000039  00000+0  00000+0 0  9992
2 40889  55.3634 249.6539 0003529 358.2124   1.7911  1.70473426 49702
GSAT0206 (GALILEO 10)   
1 40890U 15045B   23247.31844457  .00000034  00000+0  00000+0 0  9995
2 40890  55.3631 249.6919 0002361 323.6055  36.3796  1.70473376 49704
BEIDOU-3S IGSO-2S       
1 40938U 15053A   23250.51413280 -.00000096  00000+0  00000+0 0  9998
2 40938  50.8041 270.7056 0048171 194.2292 162.5951  1.00282753 29188
NAVSTAR 75 (USA 265)    
1 41019U 15062A   23248.66964654 -.00000039  00000+0  00000+0 0  9995
2 41019  56.1623  70.2577 0089155 221.0079 138.3599  2.00562295 57468
GSAT-15                 
1 41028U 15065A   23250.51334959 -.00000270  00000+0  00000+0 0  9991
2 41028   0.0549 274.9532 0001878 237.1914 112.4897  1.00272740 28632
GSAT0209 (GALILEO 12)   
1 41174U 15079A   23247.49020007 -.00000015  00000+0  00000+0 0  9994
2 41174  55.2996 129.1956 0003106 330.4649  29.5994  1.70473946 48020
GSAT0208 (GALILEO 11)   
1 41175U 15079B   23250.05612867 -.00000026  00000+0  00000+0 0  9994
2 41175  55.2989 129.1231 0002585 330.4561  29.6036  1.70473975 47908
IRNSS-1E                
1 41241U 16003A   23250.44538493 -.00000307  00000+0  00000+0 0  9993
2 41241  30.9832  77.7476 0020384 175.9421   4.7918  1.00274975 27916
NAVSTAR 76 (USA 266)    
1 41328U 16007A   23250.25722507 -.00000041  00000+0  00000+0 0  9998
2 41328  55.0176 129.7343 0071397 233.8486 125.5567  2.00575353 55500
COSMOS 2514             
1 41330U 16008A   23250.21257357 -.00000100  00000+0  00000+0 0  9990
2 41330  65.5025 347.5808 0011790 207.5160 152.4519  2.13102652 59014
IRNSS-1F                
1 41384U 16015A   23250.50107941  .00000146  00000+0  00000+0 0  9991
2 41384   2.9394 129.6791 0018489 176.9609 252.2465  1.00270905 27506
BEIDOU-2 IGSO-6         
1 41434U 16021A   23249.89424557 -.00000148  00000+0  00000+0 0  9992
2 41434  58.7585  48.2375 0047162 217.9452 137.9307  1.00282671 27304
IRNSS-1G                
1 41469U 16027A   23250.58869021 -.00000347  00000+0  00000+0 0  9994
2 41469   2.8296 131.3378 0002712 353.3694 203.0427  1.00277582 27014
GSAT0211 (GALILEO 14)   
1 41549U 16030A   23250.17706740  .00000042  00000+0  00000+0 0  9991
2 41549  55.5090 249.5934 0003960 309.2510  50.7225  1.70473515 45387
GSAT0210 (GALILEO 13)   
1 41550U 16030B   23248.70882852  .00000039  00000+0  00000+0 0  9994
2 41550  55.5090 249.6351 0004212 275.0252  84.9311  1.70473596 45358
COSMOS 2516             
1 41554U 16032A   23247.51170507  .00000060  00000+0  00000+0 0  9999
2 41554  63.8671 226.0542 0015487 214.6526 145.2336  2.13106404 56561
BEIDOU-2 G7             
1 41586U 16037A   23250.51674348 -.00000366  00000+0  00000+0 0  9995
2 41586   1.8780  68.4894 0006771 344.4802 229.9331  1.00269676 26627
EUTELSAT 117 WEST B     
1 41589U 16038B   23250.56360998 -.00000023  00000+0  00000+0 0  9997
2 41589   0.0244  22.0431 0000286  87.5462 322.6907  1.00272373 26494
GSAT0207 (GALILEO 15)   
1 41859U 16069A   23250.13036528 -.00000026  00000+0  00000+0 0  9996
2 41859  54.9635 129.1943 0002913 309.3976  50.6506  1.70473959 42117
GSAT0212 (GALILEO 16)   
1 41860U 16069B   23248.22529093 -.00000020  00000+0  00000+0 0  9993
2 41860  54.9600 129.2439 0002288   0.6676 359.4114  1.70474068 42336
GSAT0213 (GALILEO 17)   
1 41861U 16069C   23249.76452588 -.00000026  00000+0  00000+0 0  9994
2 41861  54.9629 129.2071 0002660 277.5225  82.5216  1.70472855 42226
GSAT0214 (GALILEO 18)   
1 41862U 16069D   23249.91177138 -.00000026  00000+0  00000+0 0  9997
2 41862  54.9616 129.1969 0001758 287.1123  72.9425  1.70472647 42357
SES-15                  
1 42709U 17026A   23250.58996611  .00000049  00000+0  00000+0 0  9996
2 42709   0.0266  37.5056 0000315 169.6256 222.5036  1.00267904 23978
QZS-2 (MICHIBIKI-2)     
1 42738U 17028A   23250.34378046 -.00000146  00000+0  00000+0 0  9999
2 42738  41.0398 257.8233 0751706 270.1289  83.0390  1.00264215 22981
QZS-3 (MICHIBIKI-3)     
1 42917U 17048A   23250.60604806 -.00000360  00000+0  00000+0 0  9993
2 42917   0.0583 199.0165 0002213 354.7073 137.9232  1.00270845 22096
COSMOS 2522             
1 42939U 17055A   23249.58507746  .00000067  00000+0  00000+0 0  9998
2 42939  64.1009 226.5084 0009769 243.3683 116.5246  2.13101985 46359
QZS-4 (MICHIBIKI-4)     
1 42965U 17062A   23249.64373101 -.00000355  00000+0  00000+0 0  9999
2 42965  40.6348 356.4161 0748281 269.3204  90.9573  1.00280312 21648
BEIDOU-3 M1             
1 43001U 17069A   23249.82781901 -.00000031  00000+0  00000+0 0  9990
2 43001  55.8440  96.7420 0007741 302.5055  57.4932  1.86231669 39715
BEIDOU-3 M2             
1 43002U 17069B   23249.22759639 -.00000033  00000+0  00000+0 0  9990
2 43002  55.8427  96.7986 0006255 334.4497  25.5928  1.86231187 39694
GSAT0215 (GALILEO 19)   
1 43055U 17079A   23249.22726105  .00000041  00000+0  00000+0 0  9999
2 43055  55.4859 249.4456 0003731 269.0299  90.9330  1.70474132 35685
GSAT0216 (GALILEO 20)   
1 43056U 17079B   23246.58625198  .00000032  00000+0  00000+0 0  9996
2 43056  55.4873 249.5184 0005310 274.6738  85.2661  1.70474233 35659
GSAT0217 (GALILEO 21)   
1 43057U 17079C   23249.15295128  .00000041  00000+0  00000+0 0  9999
2 43057  55.4843 249.4465 0004652 286.2745  73.6798  1.70474220 35684
GSAT0218 (GALILEO 22)   
1 43058U 17079D   23249.37300422  .00000041  00000+0  00000+0 0  9998
2 43058  55.4844 249.4380 0005753 271.9733  87.9669  1.70474206 35716
BEIDOU-3 M7             
1 43107U 18003A   23248.44145571 -.00000115  00000+0  00000+0 0  9993
2 43107  55.1177 337.4465 0003504  78.5457 281.5332  1.86232460 38437
BEIDOU-3 M8             
1 43108U 18003B   23248.91652092 -.00000117  00000+0  00000+0 0  9999
2 43108  55.1104 337.4171 0004027 242.9676 117.0306  1.86230928 38456
BEIDOU-3 M4             
1 43207U 18018A   23249.89583235 -.00000031  00000+0  00000+0 0  9990
2 43207  55.8027  96.8385 0004959  14.5212 345.5667  1.86231601 37853
BEIDOU-3 M3             
1 43208U 18018B   23249.96248701 -.00000031  00000+0  00000+0 0  9995
2 43208  55.8023  96.8407 0005767 320.4859  39.5457  1.86231498 37850
BEIDOU-3 M9             
1 43245U 18029A   23249.11140269 -.00000115  00000+0  00000+0 0  9998
2 43245  55.0112 335.1566 0001471 215.5669 144.4649  1.86232691 36997
BEIDOU-3 M10            
1 43246U 18029B   23249.57837735 -.00000116  00000+0  00000+0 0  9991
2 43246  55.0084 335.1696 0002698 355.7582   4.2807  1.86232933 36980
IRNSS-1I                
1 43286U 18035A   23250.15465924  .00000075  00000+0  00000+0 0  9998
2 43286  29.2571  90.1441 0019625 176.0288 190.5335  1.00273069 19919
COSMOS 2527             
1 43508U 18053A   23250.48232287 -.00000007  00000+0  00000+0 0  9991
2 43508  65.0927 107.8442 0007339 218.6837 141.3426  2.13102490 40674
BEIDOU-2 IGSO-7         
1 43539U 18057A   23249.77249212 -.00000154  00000+0  00000+0 0  9998
2 43539  55.1207 171.8378 0064480 231.2212 334.0269  1.00283025 18979
GSAT0221 (GALILEO 25)   
1 43564U 18060A   23249.85933313 -.00000108  00000+0  00000+0 0  9990
2 43564  57.2858   9.1324 0002819 253.2471 106.7251  1.70476117 31877
GSAT0222 (GALILEO 26)   
1 43565U 18060B   23250.07742224 -.00000108  00000+0  00000+0 0  9996
2 43565  57.2893   9.1278 0003424 211.2734 148.7093  1.70475901 31920
GSAT0219 (GALILEO 23)   
1 43566U 18060C   23249.71316565 -.00000107  00000+0  00000+0 0  9990
2 43566  57.2883   9.1397 0001858 255.5023 104.4802  1.70476118 31897
GSAT0220 (GALILEO 24)   
1 43567U 18060D   23250.52017087 -.00000108  00000+0  00000+0 0  9990
2 43567  57.2882   9.1176 0002355 249.4676 110.5101  1.70476080 31899
BEIDOU-3 M5             
1 43581U 18062A   23250.33559173  .00000038  00000+0  00000+0 0  9995
2 43581  54.1779 216.8097 0005244 280.4377  79.4785  1.86231971 34752
BEIDOU-3 M6             
1 43582U 18062B   23250.20154403  .00000039  00000+0  00000+0 0  9990
2 43582  54.1776 216.8039 0005023 355.5969   4.3739  1.86229797 34751
BEIDOU-3 M12            
1 43602U 18067A   23250.13781506  .00000038  00000+0  00000+0 0  9999
2 43602  54.2649 215.4619 0007004  12.4471 347.5450  1.86231526 34239
BEIDOU-3 M11            
1 43603U 18067B   23250.27164005  .00000037  00000+0  00000+0 0  9993
2 43603  54.2617 215.4230 0004118 356.8846   3.0876  1.86231485 34261
BEIDOU-3 M13            
1 43622U 18072A   23247.00881806 -.00000023  00000+0  00000+0 0  9998
2 43622  55.7699  96.4758 0004547 299.6749  60.3589  1.86231590 33715
BEIDOU-3 M14            
1 43623U 18072B   23250.09597505 -.00000030  00000+0  00000+0 0  9990
2 43623  55.7742  96.3652 0003053 348.3049  11.7615  1.86231645 33769
BEIDOU-3 M16            
1 43647U 18078A   23250.25844256 -.00000116  00000+0  00000+0 0  9993
2 43647  54.9069 335.2399 0005919   9.3041 350.7477  1.86227339 33273
BEIDOU-3 M15            
1 43648U 18078B   23249.85203417 -.00000116  00000+0  00000+0 0  9996
2 43648  54.9027 335.2578 0002800  22.4197 337.6334  1.86232162 33288
BEIDOU-3 G1             
1 43683U 18085A   23250.58313201 -.00000292  00000+0  00000+0 0  9993
2 43683   1.5210 124.1470 0002438   1.0195 211.0827  1.00266530 17896
COSMOS 2529             
1 43687U 18086A   23250.11232527  .00000066  00000+0  00000+0 0  9996
2 43687  64.3162 226.9265 0011420 262.3431  97.5214  2.13102070 37670
BEIDOU-3 M17            
1 43706U 18093A   23250.00005179  .00000041  00000+0  00000+0 0  9998
2 43706  54.2603 216.7387 0010333 280.0708  79.7878  1.86232046 32655
BEIDOU-3 M18            
1 43707U 18093B   23249.86604108  .00000042  00000+0  00000+0 0  9999
2 43707  54.2611 216.7348 0008526 304.8332  55.0617  1.86229860 32648
NAVSTAR 77 (USA 289)    
1 43873U 18109A   23250.15688567 -.00000041  00000+0  00000+0 0  9996
2 43873  55.1935 132.2537 0025642 191.0404 351.8385  2.00569013 34732
BEIDOU-3 IGSO-1         
1 44204U 19023A   23249.82698667 -.00000204  00000+0  00000+0 0  9996
2 44204  57.2248  48.2146 0023454 194.2371 160.6888  1.00281905 16161
BEIDOU-2 G8             
1 44231U 19027A   23250.53659796 -.00000259  00000+0  00000+0 0  9990
2 44231   1.9636  81.1265 0006571 131.5350 111.4052  1.00271008 15910
COSMOS 2534             
1 44299U 19030A   23250.54950910  .00000064  00000+0  00000+0 0  9994
2 44299  64.3889 226.8382 0013564 281.2294 188.3098  2.13102002 33325
BEIDOU-3 IGSO-2         
1 44337U 19035A   23249.77058240 -.00000159  00000+0  00000+0 0  9996
2 44337  55.1533 167.7711 0033044 197.1269  17.8660  1.00273995 15521
NAVSTAR 78 (USA 293)    
1 44506U 19056A   23250.55315956 -.00000108  00000+0  00000+0 0  9999
2 44506  55.8219  11.3131 0037020 185.3250 183.2629  2.00565768 29749
BEIDOU-3 M24            
1 44542U 19061A   23249.93773584  .00000043  00000+0  00000+0 0  9997
2 44542  54.4876 216.9714 0008398 339.4027  20.5387  1.86231482 26908
BEIDOU-3 M23            
1 44543U 19061B   23250.33684057  .00000039  00000+0  00000+0 0  9995
2 44543  54.4860 216.9267 0005885 322.5049 216.9125  1.86231863 26915
BEIDOU-3 IGSO-3         
1 44709U 19073A   23250.51529767 -.00000160  00000+0  00000+0 0  9994
2 44709  56.5287 291.7188 0035187 189.9991 170.0164  1.00281230 14297
BEIDOU-3 M22            
1 44793U 19078A   23249.24614385 -.00000116  00000+0  00000+0 0  9992
2 44793  54.7558 335.2418 0004800  18.6055 341.4533  1.86232242 25747
BEIDOU-3 M21            
1 44794U 19078B   23249.91365434 -.00000116  00000+0  00000+0 0  9995
2 44794  54.7292 335.2008 0002751   9.5001 350.5460  1.86232731 25766
COSMOS 2544             
1 44850U 19088A   23249.95679464 -.00000010  00000+0  00000+0 0  9997
2 44850  65.0783 107.7046 0011334 252.0606 107.8941  2.13102225 29100
BEIDOU-3 M19            
1 44864U 19090A   23246.93004080 -.00000022  00000+0  00000+0 0  9999
2 44864  55.7043  96.6649 0015462 276.0152  77.4497  1.86231756 25287
BEIDOU-3 M20            
1 44865U 19090B   23249.22561427 -.00000033  00000+0  00000+0 0  9990
2 44865  55.7079  96.6205 0013332 291.4357 250.8874  1.86231812 25310
BEIDOU-3 G2             
1 45344U 20017A   23250.51065190 -.00000152  00000+0  00000+0 0  9996
2 45344   2.0499  16.3627 0003165 160.0286  73.7948  1.00272853 13098
COSMOS 2545             
1 45358U 20018A   23250.15356583 -.00000100  00000+0  00000+0 0  9994
2 45358  64.8427 347.8255 0010024 237.3585 122.5749  2.13102611 27053
BEIDOU-3 G3             
1 45807U 20040A   23250.60530397 -.00000365  00000+0  00000+0 0  9998
2 45807   0.6130 344.3902 0005946 330.5412 359.9579  1.00274430 11902
NAVSTAR 79 (USA 304)    
1 45854U 20041A   23250.55763994 -.00000032  00000+0  00000+0 0  9997
2 45854  55.8859  68.5953 0036166 186.1135 129.0756  2.00563600 23705
GALAXY 30 (G-30)        
1 46114U 20056C   23250.55937153  .00000025  00000+0  00000+0 0  9994
2 46114   0.0145 176.9713 0002579   5.1675 240.5967  1.00272687 11120
COSMOS 2547             
1 46805U 20075A   23250.34254805  .00000065  00000+0  00000+0 0  9999
2 46805  64.6161 226.4023 0008527 244.0348 115.8715  2.13102925 22305
NAVSTAR 80 (USA 309)    
1 46826U 20078A   23250.39013466  .00000048  00000+0  00000+0 0  9997
2 46826  54.3109 251.9392 0036057 194.7331 334.9989  2.00562792 21179
NAVSTAR 81 (USA 319)    
1 48859U 21054A   23250.37048366 -.00000107  00000+0  00000+0 0  9992
2 48859  55.3394  13.1047 0012290 211.5024 126.4542  2.00573590 16417
QZS-1R                  
1 49336U 21096A   23223.77030010 -.00000338  00000+0  00000+0 0  9996
2 49336  35.3027  95.2768 0759716 272.3783 359.4413  1.00237636  6587
GSAT0223 (GALILEO 27)   
1 49809U 21116A   23250.37505559 -.00000108  00000+0  00000+0 0  9990
2 49809  57.2798   9.0174 0003355 179.9271 181.2690  1.70476243 10904
GSAT0224 (GALILEO 28)   
1 49810U 21116B   23248.95957543 -.00000107  00000+0  00000+0 0  9996
2 49810  57.2805   9.0536 0002820 170.5434 154.4219  1.70476124 10896
COSMOS 2557             
1 52984U 22075A   23250.50511078 -.00000101  00000+0  00000+0 0  9994
2 52984  64.7593 349.9722 0011889 275.5134  84.3785  2.13102329  9113
COSMOS 2559             
1 54031U 22130A   23249.97783285 -.00000100  00000+0  00000+0 0  9990
2 54031  64.7307 350.1181 0007155 217.1675 142.8105  2.13101551  7072
COSMOS 2564             
1 54377U 22161A   23250.17096820  .00000066  00000+0  00000+0 0  9993
2 54377  64.7569 226.4616 0010863 226.3822 133.5218  2.13102176  6029
NAVSTAR 82 (USA 343)    
1 55268U 23009A   23249.58039466  .00000005  00000+0  00000+0 0  9994
2 55268  55.0886 188.3260 0004361  91.2198  77.5031  2.00555596  4893
BEIDOU-3 G4             
1 56564U 23066A   23250.54572295 -.00000123  00000+0  00000+0 0  9999
2 56564   2.8369 288.7850 0006767 213.8172 200.1942  1.00273116  1239
IRNSS-1J (NVS-01)       
1 56759U 23076A   23250.44886583 -.00000349  00000+0  00000+0 0  9993
2 56759   4.7319 272.0025 0006072 335.6692  29.6719  1.00272645   950
