NAVSTAR 43 (USA 132)    
1 24876U 97035A   23282.99562561  .00000046  00000+0  00000+0 0  9999
2 24876  55.5961 136.9510 0074019  53.0854 307.6835  2.00564451192271
NAVSTAR 47 (USA 150)    
1 26360U 00025A   23283.37504775 -.00000037  00000+0  00000+0 0  9999
2 26360  54.4638  59.1276 0041777 201.3056 163.1440  2.00568398171607
NAVSTAR 51 (USA 166)    
1 27663U 03005A   23283.62814041 -.00000014  00000+0  00000+0 0  9990
2 27663  55.2279 253.9664 0133173  44.8740 121.4559  2.00563978151640
NAVSTAR 52 (USA 168)    
1 27704U 03010A   23283.61568376 -.00000105  00000+0  00000+0 0  9999
2 27704  55.1153   3.9070 0249844 319.5904  57.3379  2.00576846150449
NAVSTAR 54 (USA 177)    
1 28190U 04009A   23283.17544005 -.00000038  00000+0  00000+0 0  9997
2 28190  55.6628 315.0436 0092479 140.2528 215.7102  2.00566353143263
NAVSTAR 56 (USA 180)    
1 28474U 04045A   23283.63067815 -.00000104  00000+0  00000+0 0  9996
2 28474  55.4426   4.2403 0163172 283.3453  95.6011  2.00556195138764
ANIK F1R                
1 28868U 05036A   23283.50646715 -.00000075  00000+0  00000+0 0  9999
2 28868   1.7807  88.5417 0001672  80.3544 285.0123  1.00273320 36626
NAVSTAR 57 (USA 183)    
1 28874U 05038A   23283.23071399 -.00000034  00000+0  00000+0 0  9993
2 28874  55.7134 312.4943 0140263 280.1478 138.2189  2.00573181132160
INMARSAT 4-F2           
1 28899U 05044A   23278.94424344 -.00000024  00000+0  00000+0 0  9990
2 28899   3.8913  40.9277 0006145  43.1630 334.3200  1.00395805 65629
NAVSTAR 58 (USA 190)    
1 29486U 06042A   23282.44892035 -.00000035  00000+0  00000+0 0  9990
2 29486  54.6810 190.2645 0103925  33.3087  81.6799  2.00567928124709
NAVSTAR 59 (USA 192)    
1 29601U 06052A   23283.20987510 -.00000012  00000+0  00000+0 0  9993
2 29601  55.2501 252.9447 0083804  79.4790 281.4465  2.00551497123739
NAVSTAR 60 (USA 196)    
1 32260U 07047A   23283.02571726  .00000051  00000+0  00000+0 0  9993
2 32260  53.4817 120.6608 0152492  71.5301 290.2038  2.00549903117135
COSMOS 2433             
1 32275U 07052A   23283.16542135 -.00000072  00000+0  00000+0 0  9996
2 32275  66.0119 348.7445 0004837 234.3176 125.6995  2.13104233124156
COSMOS 2432             
1 32276U 07052B   23282.36408007 -.00000078  00000+0  00000+0 0  9993
2 32276  66.0265 348.8805 0009322 313.0637  99.1420  2.13103360124160
NAVSTAR 61 (USA 199)    
1 32384U 07062A   23283.36408017 -.00000035  00000+0  00000+0 0  9999
2 32384  55.8462 313.3155 0024504 152.0753 223.3817  2.00560720115848
COSMOS 2434             
1 32393U 07065A   23283.43498403 -.00000022  00000+0  00000+0 0  9994
2 32393  64.3335 225.0798 0001447  68.2135  29.8975  2.13103111122873
COSMOS 2436             
1 32395U 07065C   23283.36479434 -.00000022  00000+0  00000+0 0  9991
2 32395  64.3421 225.1442 0016171 356.9196 182.8180  2.13102768122822
NAVSTAR 62 (USA 201)    
1 32711U 08012A   23282.93866726 -.00000030  00000+0  00000+0 0  9991
2 32711  54.4489 189.0679 0177735 236.0683 122.2670  2.00558439114077
NAVSTAR 64 (USA 206)    
1 35752U 09043A   23283.42074140 -.00000018  00000+0  00000+0 0  9996
2 35752  55.4653  66.2768 0057748  69.9591 294.5874  2.00556020103695
COSMOS 2456             
1 36111U 09070A   23283.33313257  .00000078  00000+0  00000+0 0  9996
2 36111  64.5059 104.5699 0001386 340.0407 198.5884  2.13099246107561
COSMOS 2457             
1 36112U 09070B   23283.16080236  .00000077  00000+0  00000+0 0  9995
2 36112  64.4902 104.4402 0006472 147.0619  30.4310  2.13101423107525
COSMOS 2460             
1 36402U 10007C   23283.35332670 -.00000069  00000+0  00000+0 0  9994
2 36402  65.8735 347.4476 0001954 225.4811  88.5215  2.13106402105822
NAVSTAR 65 (USA 213)    
1 36585U 10022A   23283.50289924 -.00000019  00000+0  00000+0 0  9998
2 36585  54.5501 248.1261 0110585  59.7057 121.5895  2.00563869 97923
BEIDOU-2 IGSO-1         
1 36828U 10036A   23283.60168712 -.00000124  00000+0  00000+0 0  9992
2 36828  54.2332 171.8394 0037648 192.3425 335.7885  1.00300119 48371
QZS-1 (MICHIBIKI-1)     
1 37158U 10045A   23283.17780083  .00000036  00000+0  00000+0 0  9993
2 37158  42.9171 127.2635 0003736 101.6429 255.2701  0.87715869 47787
BEIDOU-2 G4             
1 37210U 10057A   23283.50396729 -.00000113  00000+0  00000+0 0  9999
2 37210   1.2563  62.4242 0007221 163.7972 134.0725  1.00272997 47458
BEIDOU-2 IGSO-2         
1 37256U 10068A   23282.61127000 -.00000174  00000+0  00000+0 0  9993
2 37256  49.3467 283.8762 0031964 213.6627 208.9165  1.00272884 46951
BEIDOU-2 IGSO-3         
1 37384U 11013A   23283.23085229 -.00000171  00000+0  00000+0 0  9998
2 37384  60.9931  49.5481 0028284 177.1245 343.1586  1.00272983 45839
GSAT-8                  
1 37605U 11022A   23283.60214576  .00000082  00000+0  00000+0 0  9994
2 37605   0.0450  49.1924 0007067 203.9611  37.6596  1.00273156 43382
NAVSTAR 66 (USA 232)    
1 37753U 11036A   23283.10320394 -.00000107  00000+0  00000+0 0  9993
2 37753  56.7478  10.0817 0126854  56.3536 282.7551  2.00569013 89592
BEIDOU-2 IGSO-4         
1 37763U 11038A   23282.75067962 -.00000104  00000+0  00000+0 0  9992
2 37763  54.5069 174.3982 0111866 227.6930 341.4004  1.00267104 44806
GSAT0101 (GALILEO-PFM)  
1 37846U 11060A   23283.07842199 -.00000102  00000+0  00000+0 0  9996
2 37846  57.1127   8.3325 0000409  40.3711 319.6642  1.70476071 74390
GSAT0102 (GALILEO-FM2)  
1 37847U 11060B   23282.45114264 -.00000104  00000+0  00000+0 0  9995
2 37847  57.1133   8.3496 0001910 302.6071  78.6515  1.70475477 74512
COSMOS 2476             
1 37867U 11064A   23282.84267604  .00000077  00000+0  00000+0 0  9999
2 37867  64.7848 106.1273 0021303 230.2992 201.6881  2.13101827 92907
COSMOS 2477             
1 37868U 11064B   23282.31988139  .00000074  00000+0  00000+0 0  9992
2 37868  64.7922 106.2148 0018488 230.4485 338.3386  2.13101698 92838
COSMOS 2475             
1 37869U 11064C   23283.50986103  .00000080  00000+0  00000+0 0  9991
2 37869  64.7997 106.1871 0022453 248.9400 111.2763  2.13102003 92873
BEIDOU-2 IGSO-5         
1 37948U 11073A   23283.47505199 -.00000125  00000+0  00000+0 0  9998
2 37948  49.4714 283.5357 0094796 220.9452 140.5564  1.00264674 43309
LUCH-5A                 
1 37951U 11074B   23283.45287869 -.00000045  00000+0  00000+0 0  9993
2 37951   6.2349  89.0707 0004183  96.6008 163.0860  1.00272052 43210
BEIDOU-2 G5             
1 38091U 12008A   23283.60267934  .00000056  00000+0  00000+0 0  9996
2 38091   1.7952  68.9686 0005614 181.2139  44.4163  1.00272936 42537
BEIDOU-2 M3             
1 38250U 12018A   23283.17446537 -.00000081  00000+0  00000+0 0  9993
2 38250  56.4912 337.6858 0024752 257.4503 102.3378  1.86231323 77673
BEIDOU-2 M4             
1 38251U 12018B   23283.10575389 -.00000081  00000+0  00000+0 0  9995
2 38251  56.4015 336.9785 0015645 258.0604 101.8292  1.86232040 77675
SES-5                   
1 38652U 12036A   23283.31381715  .00000031  00000+0  00000+0 0  9995
2 38652   0.0522 299.5924 0002065 266.0327 291.0051  1.00272507 34654
BEIDOU-2 M6             
1 38775U 12050B   23282.27857809  .00000043  00000+0  00000+0 0  9996
2 38775  55.7185  95.5955 0010809 340.0386  19.9630  1.86231321 75022
GSAT-10                 
1 38779U 12051B   23283.57952447 -.00000168  00000+0  00000+0 0  9998
2 38779   0.0447  97.5157 0003371 155.4154  57.6541  1.00272599 40281
NAVSTAR 67 (USA 239)    
1 38833U 12053A   23283.11412704 -.00000023  00000+0  00000+0 0  9998
2 38833  53.5102 183.7312 0144360  52.6812 308.6719  2.00567902 79764
GSAT0103 (GALILEO-FM3)  
1 38857U 12055A   23283.11762688  .00000052  00000+0  00000+0 0  9996
2 38857  55.2966 128.5084 0002104 248.3287 111.7447  1.70473826 68282
GSAT0104 (GALILEO-FM4)  
1 38858U 12055B   23281.91385494  .00000041  00000+0  00000+0 0  9997
2 38858  55.2962 128.5430 0001048 141.7604 218.3377  1.70474071 68266
BEIDOU-2 G6             
1 38953U 12059A   23283.60557299 -.00000176  00000+0  00000+0 0  9999
2 38953   1.9170  81.7809 0006803 301.2433 297.9994  1.00271100 40076
LUCH-5B                 
1 38977U 12061A   23283.16631384 -.00000133  00000+0  00000+0 0  9990
2 38977   8.3348  58.8208 0005641 130.2011 233.0690  1.00271443 40343
COSMOS 2485             
1 39155U 13019A   23282.69080990  .00000077  00000+0  00000+0 0  9997
2 39155  64.9446 106.6638 0021851 226.2914 133.5870  2.13101981 81362
NAVSTAR 68 (USA 242)    
1 39166U 13023A   23283.47576514 -.00000029  00000+0  00000+0 0  9991
2 39166  55.3281 308.6660 0115081  41.5782 319.3472  2.00564348 76210
IRNSS-1A                
1 39199U 13034A   23283.51229741  .00000107  00000+0  00000+0 0  9997
2 39199  33.5085  78.1536 0021287 180.2219   0.0020  1.00277043 37815
NAVSTAR 69 (USA 248)    
1 39533U 14008A   23282.97748386 -.00000030  00000+0  00000+0 0  9997
2 39533  53.5969 189.2995 0067067 215.5250 144.0631  2.00553765 70000
ASTRA 5B                
1 39617U 14011B   23283.24585250  .00000133  00000+0  00000+0 0  9997
2 39617   0.0774 303.7641 0003492 276.3430 270.4889  1.00271931 34833
COSMOS 2492             
1 39620U 14012A   23283.11557638 -.00000070  00000+0  00000+0 0  9998
2 39620  65.7570 347.0689 0012541 311.6668  48.2896  2.13103265 74330
IRNSS-1B                
1 39635U 14017A   23283.01924375  .00000092  00000+0  00000+0 0  9997
2 39635  28.6362 257.0662 0018775 190.8235 352.4863  1.00276109 34957
LUCH-5V                 
1 39727U 14023A   23283.58796245 -.00000268  00000+0  00000+0 0  9997
2 39727   2.6647  77.1242 0004153 156.8391  91.3390  1.00268758 34520
NAVSTAR 70 (USA 251)    
1 39741U 14026A   23283.25906084 -.00000106  00000+0  00000+0 0  9995
2 39741  56.6998   9.5976 0030158 309.6949  50.0725  2.00554760 68868
COSMOS 2500             
1 40001U 14032A   23283.29839240 -.00000069  00000+0  00000+0 0  9994
2 40001  65.6951 346.8874 0008546 208.6018 151.4153  2.13106030 72552
NAVSTAR 71 (USA 256)    
1 40105U 14045A   23282.84368531  .00000050  00000+0  00000+0 0  9992
2 40105  54.8263 127.6527 0027065 114.2572 246.1121  2.00549410 66398
GSAT0201 (GALILEO 5)    
1 40128U 14050A   23279.68265073 -.00000064  00000+0  00000+0 0  9994
2 40128  49.9064 313.2721 1607808 141.6024 231.0293  1.85519484 60052
GSAT0202 (GALILEO 6)    
1 40129U 14050B   23282.63688046 -.00000052  00000+0  00000+0 0  9990
2 40129  49.9228 312.2261 1605561 142.5232 229.8502  1.85520248 62272
IRNSS-1C                
1 40269U 14061A   23283.54841286 -.00000160  00000+0  00000+0 0  9995
2 40269   4.0495 111.6037 0019684   6.2991 181.4472  1.00271720 32854
NAVSTAR 72 (USA 258)    
1 40294U 14068A   23282.22123292 -.00000009  00000+0  00000+0 0  9996
2 40294  56.2087  69.0933 0049080  62.7125 297.7952  2.00574174 65511
COSMOS 2501             
1 40315U 14075A   23283.07941256 -.00000023  00000+0  00000+0 0  9996
2 40315  63.6366 224.4145 0019376 209.8460 150.0316  2.13101315 68942
NAVSTAR 73 (USA 260)    
1 40534U 15013A   23283.35734061 -.00000023  00000+0  00000+0 0  9997
2 40534  53.4485 244.7973 0082204  25.9282 334.4568  2.00552485 62155
GSAT0203 (GALILEO 7)    
1 40544U 15017A   23281.09804201 -.00000108  00000+0  00000+0 0  9999
2 40544  56.9071   8.3544 0003651 231.0665 128.9305  1.70476562 52440
GSAT0204 (GALILEO 8)    
1 40545U 15017B   23281.35177356 -.00000108  00000+0  00000+0 0  9993
2 40545  56.9138   8.3620 0004344 222.9342 137.0616  1.70476005 15493
IRNSS-1D                
1 40547U 15018A   23283.33522470 -.00000295  00000+0  00000+0 0  9994
2 40547  28.0017 257.0265 0018994 187.6738 166.4475  1.00271556 31147
BEIDOU-3S IGSO-1S       
1 40549U 15019A   23283.54597542 -.00000116  00000+0  00000+0 0  9994
2 40549  51.0351 307.1444 0040724 197.2968 161.7864  1.00249750 31231
NAVSTAR 74 (USA 262)    
1 40730U 15033A   23283.51921584 -.00000029  00000+0  00000+0 0  9999
2 40730  54.8159 307.2608 0086619  13.9896 346.3024  2.00553417 60320
BEIDOU-3S M2S           
1 40748U 15037A   23283.30816008 -.00000079  00000+0  00000+0 0  9998
2 40748  55.6408 335.5488 0012483 246.3787 113.5554  1.86233269 55851
BEIDOU-3S M1S           
1 40749U 15037B   23283.04136017 -.00000080  00000+0  00000+0 0  9997
2 40749  55.6440 335.5442 0004670 295.7181  64.2983  1.86233062 55852
GSAT0205 (GALILEO 9)    
1 40889U 15045A   23282.87950956 -.00000003  00000+0  00000+0 0  9992
2 40889  55.3457 248.7146 0004189   5.0403 354.9329  1.70473164 50289
GSAT0206 (GALILEO 10)   
1 40890U 15045B   23281.92701790 -.00000002  00000+0  00000+0 0  9998
2 40890  55.3455 248.7362 0002681 339.8660  20.0955  1.70473162 50292
BEIDOU-3S IGSO-2S       
1 40938U 15053A   23283.29744365 -.00000120  00000+0  00000+0 0  9998
2 40938  50.7564 270.3257 0047557 194.7589 117.2607  1.00275273 29518
NAVSTAR 75 (USA 265)    
1 41019U 15062A   23283.07196571 -.00000010  00000+0  00000+0 0  9993
2 41019  56.1926  68.9107 0090726 221.3119 138.0077  2.00562309 58152
GSAT-15                 
1 41028U 15065A   23283.63043434 -.00000261  00000+0  00000+0 0  9995
2 41028   0.0433  94.6345 0002320  98.9930 145.8301  1.00272288 28960
GSAT0209 (GALILEO 12)   
1 41174U 15079A   23282.09864824  .00000043  00000+0  00000+0 0  9992
2 41174  55.3140 128.2436 0002191 344.2402  15.8442  1.70474313 48034
GSAT0208 (GALILEO 11)   
1 41175U 15079B   23279.38534981  .00000021  00000+0  00000+0 0  9995
2 41175  55.3111 128.3163 0001755 354.9595   5.1210  1.70474137 48407
IRNSS-1E                
1 41241U 16003A   23283.57440297 -.00000271  00000+0  00000+0 0  9997
2 41241  31.0610  77.2475 0021111 179.8802  80.4665  1.00275146 28249
NAVSTAR 76 (USA 266)    
1 41328U 16007A   23283.16159088  .00000054  00000+0  00000+0 0  9995
2 41328  55.0296 128.4265 0071972 233.5829 125.8378  2.00574136 56163
COSMOS 2514             
1 41330U 16008A   23283.53015260 -.00000067  00000+0  00000+0 0  9998
2 41330  65.4920 346.4519 0012431 213.8210 146.1646  2.13102692 59726
IRNSS-1F                
1 41384U 16015A   23283.53422737  .00000159  00000+0  00000+0 0  9997
2 41384   3.0072 128.1054 0019149 173.4313 302.1239  1.00267539 27834
BEIDOU-2 IGSO-6         
1 41434U 16021A   23283.23246802 -.00000151  00000+0  00000+0 0  9997
2 41434  58.8080  47.9017 0048524 219.1177 292.0768  1.00276322 27642
IRNSS-1G                
1 41469U 16027A   23283.55713971 -.00000334  00000+0  00000+0 0  9995
2 41469   2.8959 129.6853 0001228 359.3711 220.0194  1.00272563 27345
GSAT0211 (GALILEO 14)   
1 41549U 16030A   23283.02587334 -.00000003  00000+0  00000+0 0  9995
2 41549  55.4923 248.6901 0004038 320.4380  39.5010  1.70473233 45948
GSAT0210 (GALILEO 13)   
1 41550U 16030B   23282.14419682 -.00000002  00000+0  00000+0 0  9998
2 41550  55.4919 248.7155 0003753 286.7910  73.1393  1.70473232 45906
COSMOS 2516             
1 41554U 16032A   23283.17460901 -.00000022  00000+0  00000+0 0  9990
2 41554  63.8631 224.8220 0015205 213.7102 146.1807  2.13106436 57327
BEIDOU-2 G7             
1 41586U 16037A   23283.60448574 -.00000354  00000+0  00000+0 0  9998
2 41586   1.9561  68.8808 0006738 337.0674 301.1298  1.00267727 26958
EUTELSAT 117 WEST B     
1 41589U 16038B   23283.50455265 -.00000014  00000+0  00000+0 0  9999
2 41589   0.0178  56.1142 0000172  45.0581 342.3246  1.00271223 26827
GSAT0207 (GALILEO 15)   
1 41859U 16069A   23282.39247064  .00000045  00000+0  00000+0 0  9998
2 41859  54.9772 128.2987 0001959 314.3400  45.7365  1.70474243 42669
GSAT0212 (GALILEO 16)   
1 41860U 16069B   23282.83367520  .00000049  00000+0  00000+0 0  9993
2 41860  54.9747 128.2834 0001955  22.4508 337.6522  1.70474419 42928
GSAT0213 (GALILEO 17)   
1 41861U 16069C   23283.20001690  .00000052  00000+0  00000+0 0  9993
2 41861  54.9773 128.2792 0001894 265.1494  94.9249  1.70473117 42791
GSAT0214 (GALILEO 18)   
1 41862U 16069D   23282.17410765  .00000043  00000+0  00000+0 0  9996
2 41862  54.9751 128.3016 0000942 268.7918  91.2890  1.70472994 42908
SES-15                  
1 42709U 17026A   23283.50211602  .00000057  00000+0  00000+0 0  9993
2 42709   0.0342  44.2782 0000353 170.6646 215.5155  1.00268908 24308
QZS-2 (MICHIBIKI-2)     
1 42738U 17028A   23282.26732294 -.00000204  00000+0  00000+0 0  9999
2 42738  40.9891 257.3693 0747073 270.5559  85.4470  1.00255543 23304
QZS-3 (MICHIBIKI-3)     
1 42917U 17048A   23283.55191272 -.00000350  00000+0  00000+0 0  9990
2 42917   0.0600 213.1872 0001562 349.0771 142.3390  1.00276872 22425
COSMOS 2522             
1 42939U 17055A   23283.37171422 -.00000022  00000+0  00000+0 0  9993
2 42939  64.0972 225.3510 0008610 242.6933 117.2059  2.13102057 47073
QZS-4 (MICHIBIKI-4)     
1 42965U 17062A   23282.55330887 -.00000333  00000+0  00000+0 0  9996
2 42965  40.6214 355.9974 0749760 269.9810  90.6576  1.00271848 21978
BEIDOU-3 M1             
1 43001U 17069A   23282.04487633  .00000042  00000+0  00000+0 0  9997
2 43001  55.8698  95.6667 0007147 298.3077  61.6639  1.86231741 40317
BEIDOU-3 M2             
1 43002U 17069B   23283.05558201  .00000048  00000+0  00000+0 0  9996
2 43002  55.8700  95.6694 0005369 332.9374  27.0791  1.86231251 40323
GSAT0215 (GALILEO 19)   
1 43055U 17079A   23282.07593476 -.00000002  00000+0  00000+0 0  9990
2 43055  55.4692 248.5416 0003347 278.7434  81.1902  1.70473958 36242
GSAT0216 (GALILEO 20)   
1 43056U 17079B   23282.95440809 -.00000003  00000+0  00000+0 0  9990
2 43056  55.4692 248.5173 0004897 282.7961  77.1178  1.70474049 36279
GSAT0217 (GALILEO 21)   
1 43057U 17079C   23282.00161132 -.00000002  00000+0  00000+0 0  9995
2 43057  55.4676 248.5425 0004432 294.3072  65.6183  1.70474055 36241
GSAT0218 (GALILEO 22)   
1 43058U 17079D   23282.80824426 -.00000003  00000+0  00000+0 0  9997
2 43058  55.4674 248.5179 0005324 278.9933  80.9156  1.70474001 36286
BEIDOU-3 M7             
1 43107U 18003A   23283.34322699 -.00000081  00000+0  00000+0 0  9991
2 43107  55.0973 336.2484 0002753  72.2223 287.8722  1.86232635 39083
BEIDOU-3 M8             
1 43108U 18003B   23283.28162670 -.00000081  00000+0  00000+0 0  9996
2 43108  55.0903 336.2373 0004672 250.0393 109.9747  1.86231086 39091
BEIDOU-3 M4             
1 43207U 18018A   23281.03899124  .00000033  00000+0  00000+0 0  9990
2 43207  55.8279  95.7979 0004266  20.7343 339.3251  1.86231660 38434
BEIDOU-3 M3             
1 43208U 18018B   23281.64260606  .00000039  00000+0  00000+0 0  9991
2 43208  55.8275  95.7822 0005044 317.0722  42.9317  1.86231633 38447
BEIDOU-3 M9             
1 43245U 18029A   23283.47617594 -.00000077  00000+0  00000+0 0  9992
2 43245  54.9900 333.9745 0001832 238.7789 121.2685  1.86232913 37638
BEIDOU-3 M10            
1 43246U 18029B   23282.86920050 -.00000079  00000+0  00000+0 0  9991
2 43246  54.9877 334.0239 0003050 341.9736  18.0795  1.86233061 37602
IRNSS-1I                
1 43286U 18035A   23283.53883957  .00000116  00000+0  00000+0 0  9992
2 43286  29.3348  89.6126 0021133 176.9129   1.3789  1.00274039 20243
COSMOS 2527             
1 43508U 18053A   23282.39195023  .00000075  00000+0  00000+0 0  9996
2 43508  65.1060 106.7736 0007549 213.3406 146.6713  2.13102508 41357
BEIDOU-2 IGSO-7         
1 43539U 18057A   23283.60556169 -.00000137  00000+0  00000+0 0  9991
2 43539  55.1173 171.5415 0063745 230.3223 308.9628  1.00272862 19310
GSAT0221 (GALILEO 25)   
1 43564U 18060A   23282.70805994 -.00000103  00000+0  00000+0 0  9999
2 43564  57.2884   8.2479 0003648 255.1165 104.8749  1.70476387 32432
GSAT0222 (GALILEO 26)   
1 43565U 18060B   23281.75302228 -.00000106  00000+0  00000+0 0  9999
2 43565  57.2920   8.2745 0004252 224.4666 135.5296  1.70476095 32464
GSAT0219 (GALILEO 23)   
1 43566U 18060C   23281.97530601 -.00000106  00000+0  00000+0 0  9992
2 43566  57.2911   8.2708 0003064 259.3855 100.6106  1.70476335 32449
GSAT0220 (GALILEO 24)   
1 43567U 18060D   23279.26282748 -.00000111  00000+0  00000+0 0  9994
2 43567  57.2907   8.3437 0003304 255.3398 104.6528  1.70476293 32388
BEIDOU-3 M5             
1 43581U 18062A   23283.08938474 -.00000041  00000+0  00000+0 0  9993
2 43581  54.1702 215.6940 0004195 292.1827  67.7615  1.86232042 35366
BEIDOU-3 M6             
1 43582U 18062B   23282.95570907 -.00000041  00000+0  00000+0 0  9992
2 43582  54.1698 215.6882 0005674   9.2709 350.7282  1.86229944 35367
BEIDOU-3 M12            
1 43602U 18067A   23283.42863471 -.00000039  00000+0  00000+0 0  9991
2 43602  54.2573 214.3306 0007449  17.6687 342.3477  1.86231531 34851
BEIDOU-3 M11            
1 43603U 18067B   23283.02551495 -.00000041  00000+0  00000+0 0  9991
2 43603  54.2545 214.3100 0004399   5.9148 354.0809  1.86231527 34872
BEIDOU-3 M13            
1 43622U 18072A   23282.98452330  .00000047  00000+0  00000+0 0  9995
2 43622  55.7989  95.2723 0003982 290.8822  69.1190  1.86231580 34381
BEIDOU-3 M14            
1 43623U 18072B   23282.84997802  .00000046  00000+0  00000+0 0  9998
2 43623  55.8008  95.2697 0002259 349.0087  11.0302  1.86231592 34374
BEIDOU-3 M16            
1 43647U 18078A   23283.55026582 -.00000077  00000+0  00000+0 0  9992
2 43647  54.8863 334.0915 0006058   2.0960 357.9721  1.86227441 33893
BEIDOU-3 M15            
1 43648U 18078B   23280.99515234 -.00000090  00000+0  00000+0 0  9990
2 43648  54.8836 334.1833 0002789   7.1776 352.8855  1.86232380 33870
BEIDOU-3 G1             
1 43683U 18085A   23283.56242737 -.00000280  00000+0  00000+0 0  9999
2 43683   1.5931 121.9422 0001936   7.7176 231.6550  1.00266323 18210
COSMOS 2529             
1 43687U 18086A   23283.42971967 -.00000021  00000+0  00000+0 0  9996
2 43687  64.3126 225.7943 0010303 263.8663  96.0028  2.13102082 38381
BEIDOU-3 M17            
1 43706U 18093A   23283.29078531 -.00000040  00000+0  00000+0 0  9997
2 43706  54.2526 215.6071 0009306 285.0591  74.8266  1.86232124 33273
BEIDOU-3 M18            
1 43707U 18093B   23283.15716259 -.00000040  00000+0  00000+0 0  9999
2 43707  54.2534 215.6033 0007959 313.4984  46.4241  1.86229961 33267
NAVSTAR 77 (USA 289)    
1 43873U 18109A   23283.05230309  .00000052  00000+0  00000+0 0  9999
2 43873  55.2042 130.9533 0026319 189.8598 345.9337  2.00570303 35392
BEIDOU-3 IGSO-1         
1 44204U 19023A   23282.26157946 -.00000203  00000+0  00000+0 0  9990
2 44204  57.2737  47.8764 0024095 196.6126 347.1667  1.00272494 16497
BEIDOU-2 G8             
1 44231U 19027A   23283.50139148 -.00000247  00000+0  00000+0 0  9994
2 44231   2.0468  80.9704 0006933 136.1704 126.7747  1.00273180 16246
COSMOS 2534             
1 44299U 19030A   23283.42791807 -.00000021  00000+0  00000+0 0  9999
2 44299  64.3855 225.7240 0012609 284.0506 208.6958  2.13101978 34025
BEIDOU-3 IGSO-2         
1 44337U 19035A   23283.60846752 -.00000132  00000+0  00000+0 0  9990
2 44337  55.1515 167.4732 0032780 195.4613 354.1932  1.00263658 15839
NAVSTAR 78 (USA 293)    
1 44506U 19056A   23283.36786373 -.00000107  00000+0  00000+0 0  9998
2 44506  55.8254  10.0150 0037978 187.1295 115.4808  2.00566487 30394
BEIDOU-3 M24            
1 44542U 19061A   23283.22858336 -.00000040  00000+0  00000+0 0  9994
2 44542  54.4798 215.8462 0008554 348.7844  11.1848  1.86231629 27523
BEIDOU-3 M23            
1 44543U 19061B   23283.48528319 -.00000039  00000+0  00000+0 0  9996
2 44543  54.4785 215.8067 0005740 336.1322 107.8761  1.86231968 27531
BEIDOU-3 IGSO-3         
1 44709U 19073A   23283.42380379 -.00000146  00000+0  00000+0 0  9998
2 44709  56.4761 291.3708 0034971 190.8654 169.0869  1.00271123 14621
BEIDOU-3 M22            
1 44793U 19078A   23282.53706264 -.00000082  00000+0  00000+0 0  9991
2 44793  54.7352 334.0892 0004810   9.6307 350.4413  1.86232343 26361
BEIDOU-3 M21            
1 44794U 19078B   23281.59364267 -.00000087  00000+0  00000+0 0  9995
2 44794  54.7095 334.1032 0002915 354.2812   5.7758  1.86232796 26350
COSMOS 2544             
1 44850U 19088A   23282.80497677  .00000078  00000+0  00000+0 0  9995
2 44850  65.0922 106.6019 0011151 248.3154 111.6255  2.13102278 29802
BEIDOU-3 M19            
1 44864U 19090A   23282.37520269  .00000043  00000+0  00000+0 0  9991
2 44864  55.7329  95.4773 0015175 273.8347  83.9317  1.86231974 25949
BEIDOU-3 M20            
1 44865U 19090B   23283.30535553  .00000048  00000+0  00000+0 0  9993
2 44865  55.7354  95.4792 0012888 289.0532  62.1166  1.86231941 25947
BEIDOU-3 G2             
1 45344U 20017A   23283.56460043 -.00000143  00000+0  00000+0 0  9993
2 45344   2.0721  18.0563 0003209 186.1440  98.0220  1.00272478 13427
COSMOS 2545             
1 45358U 20018A   23283.00181570 -.00000072  00000+0  00000+0 0  9994
2 45358  64.8324 346.6857 0011223 241.9726 117.9767  2.13102699 27755
BEIDOU-3 G3             
1 45807U 20040A   23283.60521826 -.00000357  00000+0  00000+0 0  9992
2 45807   0.5926 351.6806 0007857 315.9238  39.8129  1.00270999 12232
NAVSTAR 79 (USA 304)    
1 45854U 20041A   23283.46517757 -.00000014  00000+0  00000+0 0  9997
2 45854  55.9147  67.2983 0037578 187.3107 128.6426  2.00562812 24361
GALAXY 30 (G-30)        
1 46114U 20056C   23283.50289924  .00000034  00000+0  00000+0 0  9991
2 46114   0.0191 188.4552 0002547  18.2024 228.2303  1.00270724 11451
COSMOS 2547             
1 46805U 20075A   23283.19058647 -.00000021  00000+0  00000+0 0  9997
2 46805  64.6131 225.2988 0007745 243.5018 116.4060  2.13102902 23001
NAVSTAR 80 (USA 309)    
1 46826U 20078A   23282.15183661 -.00000010  00000+0  00000+0 0  9991
2 46826  54.2961 250.6497 0036667 194.9453 228.3808  2.00562902 21810
NAVSTAR 81 (USA 319)    
1 48859U 21054A   23283.30991677 -.00000107  00000+0  00000+0 0  9993
2 48859  55.3439  11.7860 0013320 215.1989 147.6674  2.00571845 17085
QZS-1R                  
1 49336U 21096A   23283.36091087 -.00000213  00000+0  00000+0 0  9990
2 49336  35.4277  94.3614 0745858 269.9484 279.2974  1.00281006  7174
GSAT0223 (GALILEO 27)   
1 49809U 21116A   23277.29379497 -.00000111  00000+0  00000+0 0  9994
2 49809  57.2820   8.2923 0003651 199.0596 122.7870  1.70476230 11351
GSAT0224 (GALILEO 28)   
1 49810U 21116B   23279.50556902 -.00000111  00000+0  00000+0 0  9990
2 49810  57.2829   8.2311 0002917 191.6737 160.0776  1.70476466 11410
COSMOS 2557             
1 52984U 22075A   23283.35340369 -.00000073  00000+0  00000+0 0  9994
2 52984  64.7501 348.8290 0012956 275.3669  84.5472  2.13102376  9811
COSMOS 2559             
1 54031U 22130A   23283.29550348 -.00000074  00000+0  00000+0 0  9995
2 54031  64.7213 348.9573 0007759 223.6065 136.3936  2.13101644  7784
COSMOS 2564             
1 54377U 22161A   23283.01913579 -.00000021  00000+0  00000+0 0  9993
2 54377  64.7537 225.3640 0009808 223.7897 136.1201  2.13102203  6728
NAVSTAR 82 (USA 343)    
1 55268U 23009A   23281.76908292 -.00000037  00000+0  00000+0 0  9998
2 55268  55.0871 187.0649 0004876  89.1840 280.4218  2.00553528  5543
BEIDOU-3 G4             
1 56564U 23066A   23283.48801834 -.00000119  00000+0  00000+0 0  9997
2 56564   2.7559 288.6670 0005987 223.7353 202.1675  1.00272320  1569
IRNSS-1J (NVS-01)       
1 56759U 23076A   23283.55498765 -.00000347  00000+0  00000+0 0  9990
2 56759   4.6480 271.3857 0007329 348.0174  88.8884  1.00270088  1288
