NAVSTAR 43 (USA 132)    
1 24876U 97035A   23227.15472251 -.00000028  00000+0  00000+0 0  9993
2 24876  55.5835 139.1335 0071633  51.8714 308.7897  2.00564040190958
NAVSTAR 47 (USA 150)    
1 26360U 00025A   23226.26848424 -.00000042  00000+0  00000+0 0  9992
2 26360  54.4136  61.4650 0041249 198.5772 330.5856  2.00572335170446
NAVSTAR 51 (USA 166)    
1 27663U 03005A   23228.18495205  .00000035  00000+0  00000+0 0  9999
2 27663  55.2550 256.1728 0131450  44.6329  48.4544  2.00567205150520
NAVSTAR 52 (USA 168)    
1 27704U 03010A   23226.67716225 -.00000107  00000+0  00000+0 0  9992
2 27704  55.1152   6.2041 0248305 318.2761 343.8721  2.00574070149292
NAVSTAR 54 (USA 177)    
1 28190U 04009A   23226.44089469 -.00000074  00000+0  00000+0 0  9992
2 28190  55.7068 317.3003 0093094 137.6101 292.5632  2.00568042142164
NAVSTAR 56 (USA 180)    
1 28474U 04045A   23228.24941484 -.00000101  00000+0  00000+0 0  9992
2 28474  55.4423   6.4557 0161776 282.0727  68.6117  2.00579416137647
ANIK F1R                
1 28868U 05036A   23228.04292560 -.00000080  00000+0  00000+0 0  9998
2 28868   1.6377  89.3076 0002612  30.5966 112.4042  1.00272559 65760
NAVSTAR 57 (USA 183)    
1 28874U 05038A   23226.82770899 -.00000067  00000+0  00000+0 0  9992
2 28874  55.7582 314.7365 0138990 279.2655  91.0983  2.00576976131027
INMARSAT 4-F2           
1 28899U 05044A   23227.72827024  .00000005  00000+0  00000+0 0  9990
2 28899   3.8484  40.6235 0002544 115.3942 133.9252  1.00270850 65105
NAVSTAR 58 (USA 190)    
1 29486U 06042A   23227.20098278  .00000003  00000+0  00000+0 0  9994
2 29486  54.6870 192.4534 0102684  31.3947 150.4625  2.00571055123742
NAVSTAR 59 (USA 192)    
1 29601U 06052A   23227.36767570  .00000040  00000+0  00000+0 0  9990
2 29601  55.2759 255.1631 0084216  79.3138 281.7004  2.00576655122652
NAVSTAR 60 (USA 196)    
1 32260U 07047A   23227.18169216 -.00000028  00000+0  00000+0 0  9990
2 32260  53.4563 122.9770 0150581  70.0998 291.5650  2.00552524116036
COSMOS 2433             
1 32275U 07052A   23228.26210483 -.00000084  00000+0  00000+0 0  9997
2 32275  66.0274 350.5687 0003057 208.5273 151.4623  2.13104282123025
COSMOS 2432             
1 32276U 07052B   23227.39946103 -.00000088  00000+0  00000+0 0  9990
2 32276  66.0420 350.7056 0007855 326.5490  38.7751  2.13103413123005
NAVSTAR 61 (USA 199)    
1 32384U 07062A   23226.47651896 -.00000070  00000+0  00000+0 0  9992
2 32384  55.8899 315.5683 0024994 148.6409 192.1839  2.00557848114757
COSMOS 2434             
1 32393U 07065A   23227.11302906  .00000059  00000+0  00000+0 0  9998
2 32393  64.3382 226.9930 0000238 202.2148 247.3447  2.13103172121703
COSMOS 2436             
1 32395U 07065C   23228.46526029  .00000052  00000+0  00000+0 0  9996
2 32395  64.3467 227.0085 0015541 351.3844 191.1058  2.13102916121668
NAVSTAR 62 (USA 201)    
1 32711U 08012A   23226.09902705  .00000003  00000+0  00000+0 0  9993
2 32711  54.4541 191.3329 0177304 235.6858 122.5908  2.00556730112937
NAVSTAR 64 (USA 206)    
1 35752U 09043A   23227.36298191 -.00000029  00000+0  00000+0 0  9993
2 35752  55.4157  68.5151 0058504  68.2433 141.0444  2.00559197102543
COSMOS 2456             
1 36111U 09070A   23227.93111613  .00000010  00000+0  00000+0 0  9998
2 36111  64.4823 106.4731 0002863 327.2047 189.4327  2.13099336106385
COSMOS 2457             
1 36112U 09070B   23227.35747962  .00000005  00000+0  00000+0 0  9991
2 36112  64.4660 106.3586 0004977 151.2386  55.9589  2.13101495106377
COSMOS 2460             
1 36402U 10007C   23226.87374331 -.00000091  00000+0  00000+0 0  9993
2 36402  65.8907 349.3337 0001652 139.1813  45.0718  2.13106453104717
NAVSTAR 65 (USA 213)    
1 36585U 10022A   23226.42132848  .00000047  00000+0  00000+0 0  9998
2 36585  54.5745 250.4316 0108733  59.6879 305.8944  2.00560971 96778
BEIDOU-2 IGSO-1         
1 36828U 10036A   23227.28310351 -.00000151  00000+0  00000+0 0  9992
2 36828  54.2377 172.3531 0036766 190.2427 171.0988  1.00259595 47834
QZS-1 (MICHIBIKI-1)     
1 37158U 10045A   23224.51019722 -.00000072  00000+0  00000+0 0  9992
2 37158  42.7913 127.6971 0037647 277.2224 272.4955  0.88387770 47281
BEIDOU-2 G4             
1 37210U 10057A   23227.46951750 -.00000119  00000+0  00000+0 0  9999
2 37210   1.1325  59.9083 0005147 147.5090  85.1383  1.00272761 46884
BEIDOU-2 IGSO-2         
1 37256U 10068A   23227.58427435 -.00000161  00000+0  00000+0 0  9999
2 37256  49.4433 284.5448 0032347 210.8438 145.7747  1.00290950 46395
BEIDOU-2 IGSO-3         
1 37384U 11013A   23228.44383728 -.00000151  00000+0  00000+0 0  9993
2 37384  60.9111  50.0771 0027441 173.7927   7.9823  1.00287166 45288
GSAT-8                  
1 37605U 11022A   23228.23105115  .00000079  00000+0  00000+0 0  9996
2 37605   0.0129 107.6545 0003940 142.9989 211.9323  1.00273533 44857
NAVSTAR 66 (USA 232)    
1 37753U 11036A   23227.77338488 -.00000097  00000+0  00000+0 0  9995
2 37753  56.7408  12.2250 0127263  56.1748 291.3513  2.00568548 88481
BEIDOU-2 IGSO-4         
1 37763U 11038A   23227.28633152 -.00000103  00000+0  00000+0 0  9998
2 37763  54.5118 174.8921 0112141 228.4502 118.5572  1.00278532 44248
GSAT0101 (GALILEO-PFM)  
1 37846U 11060A   23227.93945678 -.00000093  00000+0  00000+0 0  9994
2 37846  57.1070   9.8235 0002448  70.7383 289.2828  1.70476154 73580
GSAT0102 (GALILEO-FM2)  
1 37847U 11060B   23227.56753872 -.00000094  00000+0  00000+0 0  9998
2 37847  57.1081   9.8335 0001538  13.6502 164.4319  1.70475537 73574
COSMOS 2476             
1 37867U 11064A   23226.25684977 -.00000008  00000+0  00000+0 0  9993
2 37867  64.7619 108.0498 0021464 234.6488 346.6992  2.13101842 91694
COSMOS 2477             
1 37868U 11064B   23228.32210729  .00000012  00000+0  00000+0 0  9998
2 37868  64.7700 108.0490 0018665 235.1228 308.5103  2.13101763 91698
COSMOS 2475             
1 37869U 11064C   23228.28327431  .00000012  00000+0  00000+0 0  9993
2 37869  64.7772 108.0624 0023023 252.6622 219.6321  2.13102153 91703
BEIDOU-2 IGSO-5         
1 37948U 11073A   23228.12271455 -.00000117  00000+0  00000+0 0  9995
2 37948  49.5674 284.2056 0094830 219.9070 320.3262  1.00277705 43012
LUCH-5A                 
1 37951U 11074B   23228.38420687 -.00000054  00000+0  00000+0 0  9991
2 37951   6.0937  90.0280 0005004  47.4272 132.3127  1.00273318 42804
BEIDOU-2 G5             
1 38091U 12008A   23228.25396648  .00000052  00000+0  00000+0 0  9997
2 38091   1.6641  68.1013 0002024 171.4038 235.0891  1.00267269 42098
BEIDOU-2 M3             
1 38250U 12018A   23227.33097330 -.00000108  00000+0  00000+0 0  9992
2 38250  56.5226 339.5384 0022542 254.9999 104.7658  1.86231322 76971
BEIDOU-2 M4             
1 38251U 12018B   23227.80570218 -.00000105  00000+0  00000+0 0  9993
2 38251  56.4363 338.8164 0012705 255.1729 108.8910  1.86231890 76993
SES-5                   
1 38652U 12036A   23228.04007573  .00000028  00000+0  00000+0 0  9997
2 38652   0.0184 310.4450 0001894 196.3257 196.8149  1.00270686 40676
BEIDOU-2 M6             
1 38775U 12050B   23228.04645939 -.00000011  00000+0  00000+0 0  9996
2 38775  55.6757  97.4143 0012338 338.4262  21.6134  1.86231387 74366
GSAT-10                 
1 38779U 12051B   23227.57921880 -.00000171  00000+0  00000+0 0  9997
2 38779   0.1064 271.5866 0001029  11.4072 332.2177  1.00270386 39890
NAVSTAR 67 (USA 239)    
1 38833U 12053A   23227.27452570 -.00000006  00000+0  00000+0 0  9999
2 38833  53.5147 186.0122 0140668  51.5487 309.6633  2.00566936 79538
GSAT0103 (GALILEO-FM3)  
1 38857U 12055A   23225.04558500 -.00000039  00000+0  00000+0 0  9996
2 38857  55.2749 130.1063 0004077 272.4514  87.5236  1.70473855 67433
GSAT0104 (GALILEO-FM4)  
1 38858U 12055B   23227.36148357 -.00000023  00000+0  00000+0 0  9992
2 38858  55.2753 130.0442 0000134 273.3140  86.7221  1.70473971 67449
BEIDOU-2 G6             
1 38953U 12059A   23227.36441679 -.00000183  00000+0  00000+0 0  9992
2 38953   1.7746  82.0267 0008145 315.3889 141.3374  1.00273357 39659
LUCH-5B                 
1 38977U 12061A   23228.34773375 -.00000140  00000+0  00000+0 0  9994
2 38977   8.2127  59.2860 0005633  97.4317 276.6606  1.00272992 39797
COSMOS 2485             
1 39155U 13019A   23227.78736511  .00000008  00000+0  00000+0 0  9997
2 39155  64.9229 108.5173 0021906 230.3863 129.5035  2.13102071 80195
NAVSTAR 68 (USA 242)    
1 39166U 13023A   23228.13348765 -.00000056  00000+0  00000+0 0  9998
2 39166  55.3725 310.8879 0114094  41.8011 319.1249  2.00564449 75098
IRNSS-1A                
1 39199U 13034A   23227.17236744  .00000072  00000+0  00000+0 0  9999
2 39199  33.3767  78.9923 0019593 176.4369 184.9160  1.00273452 37253
NAVSTAR 69 (USA 248)    
1 39533U 14008A   23228.13092420  .00000005  00000+0  00000+0 0  9997
2 39533  53.6020 191.5323 0067269 215.7870 143.7233  2.00550723 69456
ASTRA 5B                
1 39617U 14011B   23227.98243731  .00000131  00000+0  00000+0 0  9999
2 39617   0.0642 300.5033 0003030 234.8407 165.9192  1.00271500 34486
COSMOS 2492             
1 39620U 14012A   23227.27352798 -.00000089  00000+0  00000+0 0  9993
2 39620  65.7744 348.9418 0010914 321.0357  38.8908  2.13103283 73142
IRNSS-1B                
1 39635U 14017A   23227.17271465  .00000127  00000+0  00000+0 0  9996
2 39635  28.7450 258.0045 0020662 192.0925 350.5156  1.00275745 34386
LUCH-5V                 
1 39727U 14023A   23227.36650875 -.00000276  00000+0  00000+0 0  9998
2 39727   2.5232  77.3773 0003162 115.5481 357.2474  1.00270045552110
NAVSTAR 70 (USA 251)    
1 39741U 14026A   23226.41847067 -.00000100  00000+0  00000+0 0  9999
2 39741  56.6941  11.7997 0028630 311.9399  47.8190  2.00558856 67714
COSMOS 2500             
1 40001U 14032A   23228.39559640 -.00000083  00000+0  00000+0 0  9993
2 40001  65.7122 348.7331 0007573 192.3615 167.6287  2.13106091 71387
NAVSTAR 71 (USA 256)    
1 40105U 14045A   23228.00019993 -.00000017  00000+0  00000+0 0  9999
2 40105  54.8064 129.8454 0024057 112.9243 247.3722  2.00576526 66183
GSAT0201 (GALILEO 5)    
1 40128U 14050A   23225.24419721 -.00000093  00000+0  00000+0 0  9990
2 40128  49.9549 315.4514 1609829 139.5351 233.6460  1.85519277 60984
GSAT0202 (GALILEO 6)    
1 40129U 14050B   23226.58165051 -.00000084  00000+0  00000+0 0  9993
2 40129  49.9734 314.4690 1607653 140.3955 232.5520  1.85520031 61209
IRNSS-1C                
1 40269U 14061A   23228.08313279 -.00000169  00000+0  00000+0 0  9998
2 40269   3.9180 113.3103 0020502  14.6815 309.1293  1.00273940 32435
NAVSTAR 72 (USA 258)    
1 40294U 14068A   23226.88111350 -.00000026  00000+0  00000+0 0  9997
2 40294  56.1588  71.2621 0048903  61.0790 299.4908  2.00570554 64380
COSMOS 2501             
1 40315U 14075A   23227.70681836  .00000053  00000+0  00000+0 0  9991
2 40315  63.6416 226.3440 0020212 211.7233 148.1741  2.13101447 67763
NAVSTAR 73 (USA 260)    
1 40534U 15013A   23227.01573757  .00000041  00000+0  00000+0 0  9990
2 40534  53.4731 247.1327 0079513  25.0791 335.3592  2.00556065 61440
GSAT0203 (GALILEO 7)    
1 40544U 15017A   23227.13237955 -.00000096  00000+0  00000+0 0  9996
2 40544  56.9024   9.8210 0002396 219.0491 140.9285  1.70476348 52186
GSAT0204 (GALILEO 8)    
1 40545U 15017B   23226.79936619 -.00000097  00000+0  00000+0 0  9992
2 40545  56.9085   9.8441 0002871 199.0040 160.9804  1.70475866 52188
IRNSS-1D                
1 40547U 15018A   23228.01483951 -.00000261  00000+0  00000+0 0  9991
2 40547  28.1110 257.9634 0020724 191.0892 352.2581  1.00272484 30856
BEIDOU-3S IGSO-1S       
1 40549U 15019A   23227.68796146 -.00000157  00000+0  00000+0 0  9993
2 40549  51.1348 307.8038 0040700 194.6586 164.0196  1.00260935 30685
NAVSTAR 74 (USA 262)    
1 40730U 15033A   23228.17444329 -.00000054  00000+0  00000+0 0  9995
2 40730  54.8612 309.5096 0084719  14.0642 346.2336  2.00556446 59238
BEIDOU-3S M2S           
1 40748U 15037A   23227.46543799 -.00000106  00000+0  00000+0 0  9998
2 40748  55.6744 337.4403 0010427 238.9018 121.0146  1.86233320 54816
BEIDOU-3S M1S           
1 40749U 15037B   23226.66160607 -.00000110  00000+0  00000+0 0  9998
2 40749  55.6779 337.4536 0002500 315.8904  44.1052  1.86233080 54795
GSAT0205 (GALILEO 9)    
1 40889U 15045A   23227.15393443  .00000050  00000+0  00000+0 0  9995
2 40889  55.3734 250.2542 0003205 356.8713   3.1900  1.70473692 49332
GSAT0206 (GALILEO 10)   
1 40890U 15045B   23226.20146281  .00000051  00000+0  00000+0 0  9999
2 40890  55.3731 250.2761 0002087 320.3523  39.6989  1.70473689 49344
BEIDOU-3S IGSO-2S       
1 40938U 15053A   23228.42514002 -.00000084  00000+0  00000+0 0  9994
2 40938  50.8373 270.9648 0047988 193.8648 108.0507  1.00288001 28969
NAVSTAR 75 (USA 265)    
1 41019U 15062A   23227.23054426 -.00000025  00000+0  00000+0 0  9997
2 41019  56.1430  71.0981 0088275 221.0902 138.3189  2.00562346 57034
GSAT-15                 
1 41028U 15065A   23228.36965036 -.00000263  00000+0  00000+0 0  9997
2 41028   0.1066 272.5451 0002002 188.4627  90.0436  1.00270521 28477
GSAT0209 (GALILEO 12)   
1 41174U 15079A   23226.37309140 -.00000030  00000+0  00000+0 0  9993
2 41174  55.2925 129.7766 0003648 324.4560  35.5505  1.70474001 47660
GSAT0208 (GALILEO 11)   
1 41175U 15079B   23227.17928180 -.00000024  00000+0  00000+0 0  9997
2 41175  55.2911 129.7526 0003197 324.7074  35.3084  1.70474019 47672
IRNSS-1E                
1 41241U 16003A   23228.01483951 -.00000301  00000+0  00000+0 0  9993
2 41241  30.9315  78.0895 0019459 173.8563 189.4112  1.00274391 27814
NAVSTAR 76 (USA 266)    
1 41328U 16007A   23226.82411027 -.00000032  00000+0  00000+0 0  9996
2 41328  55.0112 130.6660 0071608 234.6871 124.6750  2.00551238 55077
COSMOS 2514             
1 41330U 16008A   23226.74949001 -.00000092  00000+0  00000+0 0  9995
2 41330  65.5101 348.3748 0011107 203.4576 156.4967  2.13102753 58516
IRNSS-1F                
1 41384U 16015A   23228.21420233  .00000152  00000+0  00000+0 0  9993
2 41384   2.8945 130.7410 0017980 178.0569 125.1329  1.00267437 27278
BEIDOU-2 IGSO-6         
1 41434U 16021A   23227.27822505 -.00000130  00000+0  00000+0 0  9996
2 41434  58.7225  48.4681 0046552 218.0227 252.8719  1.00287522 27080
IRNSS-1G                
1 41469U 16027A   23228.37679787 -.00000340  00000+0  00000+0 0  9997
2 41469   2.7879 132.4679 0004021 350.6346 106.6485  1.00273480 26783
GSAT0211 (GALILEO 14)   
1 41549U 16030A   23226.12713938  .00000052  00000+0  00000+0 0  9997
2 41549  55.5205 250.2561 0003650 303.5313  56.5007  1.70473795 44958
GSAT0210 (GALILEO 13)   
1 41550U 16030B   23227.59184767  .00000050  00000+0  00000+0 0  9991
2 41550  55.5188 250.2170 0004141 271.2850  88.7289  1.70473760 44972
COSMOS 2516             
1 41554U 16032A   23226.39556926  .00000063  00000+0  00000+0 0  9998
2 41554  63.8681 226.7847 0015536 214.8430 145.0814  2.13106506 56111
BEIDOU-2 G7             
1 41586U 16037A   23228.02410639 -.00000359  00000+0  00000+0 0  9999
2 41586   1.8246  68.1732 0007144 349.2366  25.9391  1.00268574 26395
EUTELSAT 117 WEST B     
1 41589U 16038B   23228.04100799 -.00000017  00000+0  00000+0 0  9999
2 41589   0.0119 223.1009 0000362 241.4306 117.3950  1.00271836 26314
GSAT0207 (GALILEO 15)   
1 41859U 16069A   23225.49377184 -.00000037  00000+0  00000+0 0  9995
2 41859  54.9547 129.8779 0003712 306.0275  53.9625  1.70473933 41914
GSAT0212 (GALILEO 16)   
1 41860U 16069B   23227.10822444 -.00000025  00000+0  00000+0 0  9998
2 41860  54.9528 129.8301 0002743 342.0190  18.0072  1.70474206 41973
GSAT0213 (GALILEO 17)   
1 41861U 16069C   23228.06074292 -.00000018  00000+0  00000+0 0  9997
2 41861  54.9555 129.8097 0003288 280.9624  79.0441  1.70472832 41984
GSAT0214 (GALILEO 18)   
1 41862U 16069D   23227.03475570 -.00000026  00000+0  00000+0 0  9997
2 41862  54.9534 129.8322 0003004 287.3575  72.6449  1.70472743 41961
SES-15                  
1 42709U 17026A   23228.15256598  .00000054  00000+0  00000+0 0  9993
2 42709   0.0174  44.2653 0000890 136.3566  69.4270  1.00273208 23799
QZS-2 (MICHIBIKI-2)     
1 42738U 17028A   23227.95327187 -.00000128  00000+0  00000+0 0  9990
2 42738  41.0740 258.1427 0754401 269.8292 280.8769  1.00270048 22747
QZS-3 (MICHIBIKI-3)     
1 42917U 17048A   23228.48330446 -.00000353  00000+0  00000+0 0  9992
2 42917   0.0626 155.8326 0002491   4.9083 104.8987  1.00272525 21980
COSMOS 2522             
1 42939U 17055A   23227.06069215  .00000059  00000+0  00000+0 0  9992
2 42939  64.1022 227.2810 0010183 243.0787 116.8417  2.13102042 45877
QZS-4 (MICHIBIKI-4)     
1 42965U 17062A   23228.23355292 -.00000337  00000+0  00000+0 0  9992
2 42965  40.6434 356.6882 0747114 268.9754 281.6644  1.00286859 21410
BEIDOU-3 M1             
1 43001U 17069A   23226.20195912 -.00000028  00000+0  00000+0 0  9994
2 43001  55.8258  97.5321 0008598 303.9982  56.0029  1.86231834 39273
BEIDOU-3 M2             
1 43002U 17069B   23227.21255018 -.00000017  00000+0  00000+0 0  9999
2 43002  55.8259  97.5347 0007060 332.3610  27.6895  1.86231318 39283
GSAT0215 (GALILEO 19)   
1 43055U 17079A   23227.52376008  .00000050  00000+0  00000+0 0  9991
2 43055  55.4959 250.0440 0003725 265.2975  94.7212  1.70474401 35319
GSAT0216 (GALILEO 20)   
1 43056U 17079B   23226.64253419  .00000051  00000+0  00000+0 0  9995
2 43056  55.4962 250.0679 0005242 271.5081  88.4967  1.70474537 35285
GSAT0217 (GALILEO 21)   
1 43057U 17079C   23226.27630207  .00000052  00000+0  00000+0 0  9990
2 43057  55.4950 250.0773 0004583 283.0850  76.9299  1.70474473 35297
GSAT0218 (GALILEO 22)   
1 43058U 17079D   23227.66951068  .00000050  00000+0  00000+0 0  9994
2 43058  55.4925 250.0363 0005726 270.2331  89.7618  1.70474462 35315
BEIDOU-3 M7             
1 43107U 18003A   23226.42647684 -.00000113  00000+0  00000+0 0  9997
2 43107  55.1310 338.2009 0004042  78.4942 281.5651  1.86232653 38039
BEIDOU-3 M8             
1 43108U 18003B   23227.43831977 -.00000108  00000+0  00000+0 0  9994
2 43108  55.1234 338.1535 0003472 239.9715 120.0116  1.86231112 38050
BEIDOU-3 M4             
1 43207U 18018A   23226.26996529 -.00000027  00000+0  00000+0 0  9995
2 43207  55.7847  97.6296 0005544   5.9652 354.1246  1.86231774 37417
BEIDOU-3 M3             
1 43208U 18018B   23226.33660851 -.00000027  00000+0  00000+0 0  9990
2 43208  55.7842  97.6318 0006691 320.1399  39.8944  1.86231628 37412
BEIDOU-3 M9             
1 43245U 18029A   23228.17035666 -.00000101  00000+0  00000+0 0  9990
2 43245  55.0249 335.8771 0001102 192.1994 167.8214  1.86232944 36601
BEIDOU-3 M10            
1 43246U 18029B   23226.48956846 -.00000110  00000+0  00000+0 0  9995
2 43246  55.0233 335.9634 0002815   7.5820 352.4393  1.86233120 36565
IRNSS-1I                
1 43286U 18035A   23227.71677240  .00000077  00000+0  00000+0 0  9992
2 43286  29.2045  90.5070 0019380 177.3858   9.0801  1.00276586 19674
COSMOS 2527             
1 43508U 18053A   23227.48860435  .00000006  00000+0  00000+0 0  9995
2 43508  65.0841 108.6158 0007451 225.1599 134.8617  2.13102523 40187
BEIDOU-2 IGSO-7         
1 43539U 18057A   23227.75839334 -.00000155  00000+0  00000+0 0  9993
2 43539  55.1222 172.0304 0064789 231.8152 305.4762  1.00289979 18760
GSAT0221 (GALILEO 25)   
1 43564U 18060A   23227.56912937 -.00000094  00000+0  00000+0 0  9997
2 43564  57.2833   9.7324 0002030 255.4647 104.5073  1.70476217 31509
GSAT0222 (GALILEO 26)   
1 43565U 18060B   23227.20060338 -.00000095  00000+0  00000+0 0  9999
2 43565  57.2865   9.7433 0002748 202.0027 157.9802  1.70475974 31536
GSAT0219 (GALILEO 23)   
1 43566U 18060C   23228.00954641 -.00000093  00000+0  00000+0 0  9996
2 43566  57.2860   9.7237 0001116 264.7199  95.2619  1.70476211 31521
GSAT0220 (GALILEO 24)   
1 43567U 18060D   23228.22994831 -.00000092  00000+0  00000+0 0  9995
2 43567  57.2856   9.7181 0001530 254.4320 105.5457  1.70476209 31507
BEIDOU-3 M5             
1 43581U 18062A   23227.24689334  .00000033  00000+0  00000+0 0  9997
2 43581  54.1820 217.5973 0005722 276.1684  83.7580  1.86232055 34322
BEIDOU-3 M6             
1 43582U 18062B   23228.18647413  .00000031  00000+0  00000+0 0  9992
2 43582  54.1815 217.5549 0004797 348.5077  11.4684  1.86229840 34340
BEIDOU-3 M12            
1 43602U 18067A   23228.12295576  .00000030  00000+0  00000+0 0  9992
2 43602  54.2686 216.2106 0006773   9.8061 350.1919  1.86231663 33823
BEIDOU-3 M11            
1 43603U 18067B   23227.18288594  .00000032  00000+0  00000+0 0  9992
2 43603  54.2659 216.2083 0003973 351.8045   8.1783  1.86231600 33830
BEIDOU-3 M13            
1 43622U 18072A   23228.21553952 -.00000009  00000+0  00000+0 0  9992
2 43622  55.7557  97.1054 0005191 301.9648  58.0769  1.86231802 33367
BEIDOU-3 M14            
1 43623U 18072B   23228.08099482 -.00000010  00000+0  00000+0 0  9993
2 43623  55.7574  97.1026 0003788 341.8849  18.1934  1.86231822 33365
BEIDOU-3 M16            
1 43647U 18078A   23228.24287888 -.00000101  00000+0  00000+0 0  9993
2 43647  54.9209 335.9985 0006119  13.9429 346.0973  1.86227473 32874
BEIDOU-3 M15            
1 43648U 18078B   23227.30010151 -.00000106  00000+0  00000+0 0  9992
2 43648  54.9171 336.0350 0003186  31.8618 328.1773  1.86232474 32877
BEIDOU-3 G1             
1 43683U 18085A   23228.02006941 -.00000284  00000+0  00000+0 0  9998
2 43683   1.4723 125.7485 0003144 342.6733   2.9863  1.00275354 17660
COSMOS 2529             
1 43687U 18086A   23228.05718428  .00000054  00000+0  00000+0 0  9990
2 43687  64.3174 227.6772 0011800 261.5375  98.3495  2.13102162 37205
BEIDOU-3 M17            
1 43706U 18093A   23227.44830331  .00000033  00000+0  00000+0 0  9997
2 43706  54.2643 217.5062 0010770 277.8788  81.9894  1.86232148 32213
BEIDOU-3 M18            
1 43707U 18093B   23227.31402916  .00000033  00000+0  00000+0 0  9998
2 43707  54.2652 217.5024 0008799 301.2937  58.6112  1.86229947 32226
NAVSTAR 77 (USA 289)    
1 43873U 18109A   23228.11794622 -.00000015  00000+0  00000+0 0  9998
2 43873  55.1873 133.1251 0025191 192.0068 277.2154  2.00568242 34246
BEIDOU-3 IGSO-1         
1 44204U 19023A   23227.35864840 -.00000189  00000+0  00000+0 0  9990
2 44204  57.1890  48.4517 0022974 194.1788 329.0369  1.00289106 15967
BEIDOU-2 G8             
1 44231U 19027A   23228.48828641 -.00000254  00000+0  00000+0 0  9991
2 44231   1.9076  81.2050 0006183 127.9219  75.7001  1.00268177 15686
COSMOS 2534             
1 44299U 19030A   23227.45991701  .00000057  00000+0  00000+0 0  9993
2 44299  64.3900 227.6220 0013870 280.0343 115.9444  2.13102142 32843
BEIDOU-3 IGSO-2         
1 44337U 19035A   23227.22835253 -.00000164  00000+0  00000+0 0  9995
2 44337  55.1544 167.9692 0033063 198.1065 158.9756  1.00281254 15293
NAVSTAR 78 (USA 293)    
1 44506U 19056A   23226.36538094 -.00000101  00000+0  00000+0 0  9994
2 44506  55.8184  12.2701 0036046 184.1788 359.5463  2.00565504 29240
BEIDOU-3 M24            
1 44542U 19061A   23227.38590664  .00000034  00000+0  00000+0 0  9998
2 44542  54.4916 217.7343 0008289 334.8755  25.0755  1.86231498 26485
BEIDOU-3 M23            
1 44543U 19061B   23228.26153793  .00000032  00000+0  00000+0 0  9993
2 44543  54.4900 217.6739 0005989 316.6909 182.1994  1.86231919 26499
BEIDOU-3 IGSO-3         
1 44709U 19073A   23227.58104000 -.00000152  00000+0  00000+0 0  9995
2 44709  56.5660 291.9609 0035080 188.8902 171.1738  1.00288232 14045
BEIDOU-3 M22            
1 44793U 19078A   23227.23117182 -.00000107  00000+0  00000+0 0  9990
2 44793  54.7702 336.0030 0005106  23.9623 336.0810  1.86232440 25341
BEIDOU-3 M21            
1 44794U 19078B   23225.21398568 -.00000117  00000+0  00000+0 0  9997
2 44794  54.7451 336.0552 0003016  21.0091 339.0168  1.86232836 25302
COSMOS 2544             
1 44850U 19088A   23226.96304869  .00000001  00000+0  00000+0 0  9996
2 44850  65.0700 108.4767 0011858 255.4512 104.4969  2.13102290 28598
BEIDOU-3 M19            
1 44864U 19090A   23227.36076767 -.00000016  00000+0  00000+0 0  9999
2 44864  55.6892  97.3217 0015913 277.6562 275.5357  1.86232079 24914
BEIDOU-3 M20            
1 44865U 19090B   23227.23084995 -.00000018  00000+0  00000+0 0  9990
2 44865  55.6910  97.3589 0013958 292.7123 263.1640  1.86232020 24897
BEIDOU-3 G2             
1 45344U 20017A   23228.43860738 -.00000145  00000+0  00000+0 0  9995
2 45344   2.0369  15.1872 0003100 142.4010  44.9290  1.00272541 12881
COSMOS 2545             
1 45358U 20018A   23227.15979010 -.00000091  00000+0  00000+0 0  9993
2 45358  64.8503 348.6225 0009025 235.3492 124.5716  2.13102729 26569
BEIDOU-3 G3             
1 45807U 20040A   23228.47707973 -.00000358  00000+0  00000+0 0  9996
2 45807   0.6330 339.8539 0004983 352.4431 274.6264  1.00271930 11695
NAVSTAR 79 (USA 304)    
1 45854U 20041A   23225.49593675 -.00000035  00000+0  00000+0 0  9992
2 45854  55.8629  69.5849 0034986 185.8092  33.5988  2.00564369 23205
GALAXY 30 (G-30)        
1 46114U 20056C   23228.03943903  .00000031  00000+0  00000+0 0  9999
2 46114   0.0155  88.7287 0002329  72.6076  52.0225  1.00272605 11015
COSMOS 2547             
1 46805U 20075A   23225.94120083  .00000070  00000+0  00000+0 0  9993
2 46805  64.6172 227.2233 0008825 243.8841 116.0546  2.13103054 21785
NAVSTAR 80 (USA 309)    
1 46826U 20078A   23228.44544772  .00000033  00000+0  00000+0 0  9991
2 46826  54.3210 252.8320 0035398 194.4236 330.1137  2.00562866 20726
NAVSTAR 81 (USA 319)    
1 48859U 21054A   23228.46758372 -.00000095  00000+0  00000+0 0  9998
2 48859  55.3355  13.9822 0011462 209.7509 152.4376  2.00575089 15979
QZS-1R                  
1 49336U 21096A   23223.74525463 -.00000331  00000+0  00000+0 0  9997
2 49336  35.3005  95.2790 0740332 268.7858 355.3268  1.00301615  6575
GSAT0223 (GALILEO 27)   
1 49809U 21116A   23227.26194069 -.00000095  00000+0  00000+0 0  9997
2 49809  57.2773   9.6400 0002983 162.4004  53.7536  1.70476369 10497
GSAT0224 (GALILEO 28)   
1 49810U 21116B   23226.43092723 -.00000097  00000+0  00000+0 0  9993
2 49810  57.2782   9.6604 0002654 151.2677  27.3550  1.70476371 10500
COSMOS 2557             
1 52984U 22075A   23226.57278248 -.00000094  00000+0  00000+0 0  9994
2 52984  64.7665 350.8043 0011170 277.0129  82.8631  2.13102397  8582
COSMOS 2559             
1 54031U 22130A   23226.51468173 -.00000094  00000+0  00000+0 0  9993
2 54031  64.7374 350.9345 0006572 213.2163 146.7455  2.13101624  6573
COSMOS 2564             
1 54377U 22161A   23228.11580311  .00000054  00000+0  00000+0 0  9992
2 54377  64.7579 227.1996 0011253 226.8638 133.0619  2.13102231  5552
NAVSTAR 82 (USA 343)    
1 55268U 23009A   23225.66231656  .00000002  00000+0  00000+0 0  9999
2 55268  55.0931 189.2633 0004054  93.8567  85.3712  2.00557247  4400
BEIDOU-3 G4             
1 56564U 23066A   23225.94617877 -.00000119  00000+0  00000+0 0  9996
2 56564   2.8973 288.8896 0006946 206.9482 326.7455  1.00270315   991
IRNSS-1J (NVS-01)       
1 56759U 23076A   23228.48353524 -.00000342  00000+0  00000+0 0  9999
2 56759   4.7887 272.4193 0005711 341.4419  14.3727  1.00271444   812
