NAVSTAR 43 (USA 132)    
1 24876U 97035A   23255.07521853 -.00000004  00000+0  00000+0 0  9992
2 24876  55.5886 138.0424 0072922  52.5034 308.2336  2.00564202191714
NAVSTAR 47 (USA 150)    
1 26360U 00025A   23255.45434067 -.00000029  00000+0  00000+0 0  9994
2 26360  54.4400  60.2697 0041543 199.6441 164.0322  2.00570330171048
NAVSTAR 51 (USA 166)    
1 27663U 03005A   23255.00789336  .00000027  00000+0  00000+0 0  9992
2 27663  55.2425 255.1047 0132085  44.7096 336.1987  2.00565651151073
NAVSTAR 52 (USA 168)    
1 27704U 03010A   23255.16375887 -.00000110  00000+0  00000+0 0  9997
2 27704  55.1155   5.0554 0248895 318.9146  33.0707  2.00575426149860
NAVSTAR 54 (USA 177)    
1 28190U 04009A   23255.26473035 -.00000051  00000+0  00000+0 0  9995
2 28190  55.6840 316.1544 0092821 139.0621 223.7152  2.00567215142713
NAVSTAR 56 (USA 180)    
1 28474U 04045A   23255.17647045 -.00000109  00000+0  00000+0 0  9998
2 28474  55.4428   5.3788 0162140 282.4952  71.9859  2.00555083138180
ANIK F1R                
1 28868U 05036A   23255.58869786 -.00000082  00000+0  00000+0 0  9999
2 28868   1.7081  88.9261 0002334  46.9773 320.0470  1.00272443 36348
NAVSTAR 57 (USA 183)    
1 28874U 05038A   23255.30715868 -.00000045  00000+0  00000+0 0  9998
2 28874  55.7352 313.6049 0139726 279.6280 135.5350  2.00575081131607
INMARSAT 4-F2           
1 28899U 05044A   23255.50674375  .00000004  00000+0  00000+0 0  9995
2 28899   3.8623  40.7025 0002664 144.3830  52.4995  1.00271277 65405
NAVSTAR 58 (USA 190)    
1 29486U 06042A   23255.52645049 -.00000029  00000+0  00000+0 0  9993
2 29486  54.6840 191.3312 0103322  32.3443  82.6895  2.00569361124162
NAVSTAR 59 (USA 192)    
1 29601U 06052A   23255.28768029  .00000025  00000+0  00000+0 0  9995
2 29601  55.2633 254.0533 0083321  79.4159 281.5382  2.00550082123173
NAVSTAR 60 (USA 196)    
1 32260U 07047A   23255.60226355  .00000013  00000+0  00000+0 0  9999
2 32260  53.4682 121.7980 0151688  70.8347 290.8960  2.00551171116586
COSMOS 2433             
1 32275U 07052A   23255.47913283 -.00000086  00000+0  00000+0 0  9990
2 32275  66.0197 349.6650 0003989 221.8471 138.1567  2.13104273123568
COSMOS 2432             
1 32276U 07052B   23255.49379597 -.00000086  00000+0  00000+0 0  9997
2 32276  66.0340 349.7734 0008369 318.2397   0.0500  2.13103392123585
NAVSTAR 61 (USA 199)    
1 32384U 07062A   23255.38086896 -.00000046  00000+0  00000+0 0  9999
2 32384  55.8673 314.4243 0024826 150.8139 179.7985  2.00559311115274
COSMOS 2434             
1 32393U 07065A   23255.23752684  .00000018  00000+0  00000+0 0  9999
2 32393  64.3365 226.0369 0000380  73.5981 352.2523  2.13103134122275
COSMOS 2436             
1 32395U 07065C   23252.80912403  .00000040  00000+0  00000+0 0  9993
2 32395  64.3454 226.1811 0015790 353.0301 145.3323  2.13102815122175
NAVSTAR 62 (USA 201)    
1 32711U 08012A   23255.01747400 -.00000033  00000+0  00000+0 0  9990
2 32711  54.4515 190.1806 0177575 235.9015 122.3846  2.00557552113510
NAVSTAR 64 (USA 206)    
1 35752U 09043A   23255.51387428 -.00000013  00000+0  00000+0 0  9996
2 35752  55.4410  67.3905 0058285  69.2493 305.8460  2.00557608103131
COSMOS 2456             
1 36111U 09070A   23254.28121240  .00000037  00000+0  00000+0 0  9992
2 36111  64.4932 105.5675 0001977 336.5487 234.7280  2.13099307106907
COSMOS 2457             
1 36112U 09070B   23255.41762821  .00000047  00000+0  00000+0 0  9996
2 36112  64.4774 105.3937 0005905 146.9042 347.0299  2.13101480106933
COSMOS 2460             
1 36402U 10007C   23255.31519942 -.00000086  00000+0  00000+0 0  9997
2 36402  65.8819 348.3846 0001542 186.0439 217.7973  2.13106438105238
NAVSTAR 65 (USA 213)    
1 36585U 10022A   23255.57639758  .00000019  00000+0  00000+0 0  9997
2 36585  54.5627 249.2536 0109444  59.6624 117.2448  2.00562456 97365
BEIDOU-2 IGSO-1         
1 36828U 10036A   23255.27849987 -.00000161  00000+0  00000+0 0  9995
2 36828  54.2356 172.1006 0036557 188.6485 197.0135  1.00251405 48092
QZS-1 (MICHIBIKI-1)     
1 37158U 10045A   23255.32124635 -.00000011  00000+0  00000+0 0  9998
2 37158  43.0365 127.3707 0002723 115.2548  85.0742  0.87701630 47542
BEIDOU-2 G4             
1 37210U 10057A   23255.60529111 -.00000121  00000+0  00000+0 0  9991
2 37210   1.1934  61.2166 0006353 155.6704 152.2731  1.00271682 47177
BEIDOU-2 IGSO-2         
1 37256U 10068A   23255.52681270 -.00000159  00000+0  00000+0 0  9990
2 37256  49.3941 284.2048 0032444 212.5383 152.4027  1.00281833 46685
BEIDOU-2 IGSO-3         
1 37384U 11013A   23255.26938183 -.00000152  00000+0  00000+0 0  9995
2 37384  60.9521  49.8175 0028028 174.8500 331.4897  1.00280235 45543
GSAT-8                  
1 37605U 11022A   23255.13243749  .00000075  00000+0  00000+0 0  9997
2 37605   0.0147 101.7525 0005416 147.3010 204.5934  1.00273696 43095
NAVSTAR 66 (USA 232)    
1 37753U 11036A   23255.21341240 -.00000105  00000+0  00000+0 0  9995
2 37753  56.7449  11.1623 0127020  56.3488 304.5776  2.00568775 89034
BEIDOU-2 IGSO-4         
1 37763U 11038A   23255.26715498 -.00000136  00000+0  00000+0 0  9997
2 37763  54.5096 174.6433 0111961 228.0996 139.9968  1.00272742 44536
GSAT0101 (GALILEO-PFM)  
1 37846U 11060A   23255.50892297 -.00000101  00000+0  00000+0 0  9996
2 37846  57.1104   9.0785 0001400  75.6336 284.3855  1.70476106 73920
GSAT0102 (GALILEO-FM2)  
1 37847U 11060B   23255.42688369 -.00000101  00000+0  00000+0 0  9991
2 37847  57.1108   9.0807 0001208 330.9755  24.9505  1.70475513 73929
COSMOS 2476             
1 37867U 11064A   23254.37029821  .00000038  00000+0  00000+0 0  9990
2 37867  64.7727 107.0946 0021192 231.9805 317.0098  2.13101844 92245
COSMOS 2477             
1 37868U 11064B   23255.29876104  .00000047  00000+0  00000+0 0  9997
2 37868  64.7803 107.1326 0018402 232.2037 126.9527  2.13101746 92251
COSMOS 2475             
1 37869U 11064C   23255.12619052  .00000045  00000+0  00000+0 0  9995
2 37869  64.7873 107.1507 0022513 250.5633 294.6908  2.13102108 92263
BEIDOU-2 IGSO-5         
1 37948U 11073A   23255.52167743 -.00000111  00000+0  00000+0 0  9997
2 37948  49.5196 283.8733 0095139 220.4657 130.6599  1.00271227 43017
LUCH-5A                 
1 37951U 11074B   23255.57209623 -.00000053  00000+0  00000+0 0  9996
2 37951   6.1624  89.5510 0004453  73.0054 201.7893  1.00269457 42931
BEIDOU-2 G5             
1 38091U 12008A   23255.57410553  .00000048  00000+0  00000+0 0  9999
2 38091   1.7280  68.5452 0003529 174.9956  13.1799  1.00275864 42257
BEIDOU-2 M3             
1 38250U 12018A   23254.71577458 -.00000101  00000+0  00000+0 0  9991
2 38250  56.5069 338.6306 0023718 255.7032 104.0797  1.86231304 77140
BEIDOU-2 M4             
1 38251U 12018B   23254.11022576 -.00000103  00000+0  00000+0 0  9994
2 38251  56.4179 337.9433 0014595 255.4022 104.4810  1.86232004 77489
SES-5                   
1 38652U 12036A   23255.29693355  .00000025  00000+0  00000+0 0  9990
2 38652   0.0565 308.5015 0002038 231.0057 283.4152  1.00272865 34378
BEIDOU-2 M6             
1 38775U 12050B   23252.48081416 -.00000006  00000+0  00000+0 0  9999
2 38775  55.6977  96.5942 0011527 338.7689 203.2983  1.86231053 74823
GSAT-10                 
1 38779U 12051B   23255.62644606 -.00000173  00000+0  00000+0 0  9994
2 38779   0.0432 265.8095 0002177 347.8930  46.1730  1.00270570 40008
NAVSTAR 67 (USA 239)    
1 38833U 12053A   23255.19433669 -.00000034  00000+0  00000+0 0  9990
2 38833  53.5124 184.8719 0142504  52.0878 309.1782  2.00567401 79204
GSAT0103 (GALILEO-FM3)  
1 38857U 12055A   23254.37495943 -.00000002  00000+0  00000+0 0  9995
2 38857  55.2845 129.2993 0002594 263.5596  96.4999  1.70473821 67791
GSAT0104 (GALILEO-FM4)  
1 38858U 12055B   23254.93099481  .00000003  00000+0  00000+0 0  9995
2 38858  55.2849 129.2856 0000349 172.8451 187.2482  1.70474092 67801
BEIDOU-2 G6             
1 38953U 12059A   23255.55743686 -.00000184  00000+0  00000+0 0  9998
2 38953   1.8452  81.9052 0007434 311.3054 242.6963  1.00276183 39798
LUCH-5B                 
1 38977U 12061A   23255.29266944 -.00000140  00000+0  00000+0 0  9997
2 38977   8.2723  59.0539 0005694 113.1738 267.8926  1.00273301 39501
COSMOS 2485             
1 39155U 13019A   23255.00448477  .00000045  00000+0  00000+0 0  9995
2 39155  64.9331 107.5983 0021710 227.8550 132.0539  2.13102039 80770
NAVSTAR 68 (USA 242)    
1 39166U 13023A   23255.05677594 -.00000038  00000+0  00000+0 0  9994
2 39166  55.3505 309.8074 0114357  41.6831 319.2564  2.00564398 75644
IRNSS-1A                
1 39199U 13034A   23252.08242812  .00000073  00000+0  00000+0 0  9991
2 39199  33.4344  78.6203 0020346 176.5021 177.7262  1.00280977 37216
NAVSTAR 69 (USA 248)    
1 39533U 14008A   23255.05567853 -.00000033  00000+0  00000+0 0  9997
2 39533  53.5995 190.4363 0067186 215.7266 143.8038  2.00552184 69441
ASTRA 5B                
1 39617U 14011B   23255.30058851  .00000128  00000+0  00000+0 0  9999
2 39617   0.0806 304.4590 0003311 255.4942 282.7829  1.00271753 34557
COSMOS 2492             
1 39620U 14012A   23255.42918549 -.00000085  00000+0  00000+0 0  9999
2 39620  65.7655 347.9981 0011520 315.2963  44.6476  2.13103276 73742
IRNSS-1B                
1 39635U 14017A   23255.09193883  .00000109  00000+0  00000+0 0  9995
2 39635  28.6906 257.5347 0019674 192.4422 349.0968  1.00277033 34675
LUCH-5V                 
1 39727U 14023A   23255.58591188 -.00000275  00000+0  00000+0 0  9993
2 39727   2.5932  77.2481 0003746 137.2663  82.4235  1.00268655 34248
NAVSTAR 70 (USA 251)    
1 39741U 14026A   23255.33721059 -.00000105  00000+0  00000+0 0  9999
2 39741  56.6974  10.6797 0029216 310.5996  49.1545  2.00556756 68307
COSMOS 2500             
1 40001U 14032A   23254.20460245 -.00000092  00000+0  00000+0 0  9994
2 40001  65.7040 347.8661 0008158 199.9636 160.0378  2.13105997 71931
NAVSTAR 71 (USA 256)    
1 40105U 14045A   23254.92164972  .00000002  00000+0  00000+0 0  9990
2 40105  54.8151 128.7688 0025145 113.2809 247.0692  2.00578307 65831
GSAT0201 (GALILEO 5)    
1 40128U 14050A   23252.19393674 -.00000075  00000+0  00000+0 0  9992
2 40128  49.9307 314.3729 1608755 140.5616 232.3473  1.85519376 59545
GSAT0202 (GALILEO 6)    
1 40129U 14050B   23254.07028575 -.00000063  00000+0  00000+0 0  9994
2 40129  49.9483 313.3694 1606611 141.4416 231.2250  1.85520092 61741
IRNSS-1C                
1 40269U 14061A   23255.09750828 -.00000170  00000+0  00000+0 0  9996
2 40269   3.9812 112.4703 0019904  18.5636 337.8897  1.00269480 32567
NAVSTAR 72 (USA 258)    
1 40294U 14068A   23253.80346463 -.00000010  00000+0  00000+0 0  9997
2 40294  56.1834  70.2064 0049137  62.0822 298.4643  2.00572359 64943
COSMOS 2501             
1 40315U 14075A   23255.39307969  .00000016  00000+0  00000+0 0  9998
2 40315  63.6399 225.3786 0019911 211.1902 148.6732  2.13101373 68355
NAVSTAR 73 (USA 260)    
1 40534U 15013A   23254.93709491  .00000018  00000+0  00000+0 0  9991
2 40534  53.4616 245.9746 0080712  25.3741 335.0213  2.00554310 61587
GSAT0203 (GALILEO 7)    
1 40544U 15017A   23255.28837038 -.00000102  00000+0  00000+0 0  9999
2 40544  56.9060   9.0563 0003365 227.3349 132.6402  1.70476385 52001
GSAT0204 (GALILEO 8)    
1 40545U 15017B   23252.02251478 -.00000108  00000+0  00000+0 0  9993
2 40545  56.9116   9.1593 0003582 209.7955 150.1866  1.70475821 14995
IRNSS-1D                
1 40547U 15018A   23254.96760240 -.00000276  00000+0  00000+0 0  9999
2 40547  28.0589 257.5061 0019738 190.1117   3.2253  1.00272744 30867
BEIDOU-3S IGSO-1S       
1 40549U 15019A   23255.50970546 -.00000131  00000+0  00000+0 0  9995
2 40549  51.0845 307.4756 0040923 196.1181 124.3309  1.00255076 30959
NAVSTAR 74 (USA 262)    
1 40730U 15033A   23255.09884551 -.00000037  00000+0  00000+0 0  9992
2 40730  54.8389 308.4160 0085443  13.9571 346.3521  2.00554996 59755
BEIDOU-3S M2S           
1 40748U 15037A   23254.84986066 -.00000098  00000+0  00000+0 0  9998
2 40748  55.6577 336.5134 0011571 241.9195 118.0127  1.86233279 55327
BEIDOU-3S M1S           
1 40749U 15037B   23254.04606904 -.00000102  00000+0  00000+0 0  9997
2 40749  55.6612 336.5268 0003406 298.7504  61.2617  1.86233055 55301
GSAT0205 (GALILEO 9)    
1 40889U 15045A   23252.37704965  .00000039  00000+0  00000+0 0  9999
2 40889  55.3615 249.5565 0003467 358.4311   1.5787  1.70473430 49760
GSAT0206 (GALILEO 10)   
1 40890U 15045B   23253.18432239  .00000037  00000+0  00000+0 0  9991
2 40890  55.3599 249.5298 0002408 325.4744  34.5195  1.70473385 49807
BEIDOU-3S IGSO-2S       
1 40938U 15053A   23255.50882609 -.00000091  00000+0  00000+0 0  9992
2 40938  50.7977 270.6484 0047955 194.5198 165.5150  1.00281818 29248
NAVSTAR 75 (USA 265)    
1 41019U 15062A   23255.15125847 -.00000006  00000+0  00000+0 0  9994
2 41019  56.1681  70.0039 0089436 221.0392 138.3323  2.00562424 57596
GSAT-15                 
1 41028U 15065A   23255.58591188 -.00000267  00000+0  00000+0 0  9998
2 41028   0.0456 270.6461 0001801 246.8033 138.3134  1.00271300 28685
GSAT0209 (GALILEO 12)   
1 41174U 15079A   23255.11581182  .00000005  00000+0  00000+0 0  9996
2 41174  55.3023 128.9858 0002871 334.3000  25.7802  1.70474153 47578
GSAT0208 (GALILEO 11)   
1 41175U 15079B   23253.57565359 -.00000008  00000+0  00000+0 0  9997
2 41175  55.3002 129.0263 0002460 334.1146  25.9576  1.70474051 47961
IRNSS-1E                
1 41241U 16003A   23255.52287610 -.00000285  00000+0  00000+0 0  9994
2 41241  30.9951  77.6707 0020580 175.9997  37.7190  1.00272795 27961
NAVSTAR 76 (USA 266)    
1 41328U 16007A   23254.74418286 -.00000001  00000+0  00000+0 0  9998
2 41328  55.0189 129.5559 0071449 233.8066 125.6134  2.00575387 55590
COSMOS 2514             
1 41330U 16008A   23255.37445248 -.00000085  00000+0  00000+0 0  9992
2 41330  65.5008 347.4061 0011925 208.4154 151.5570  2.13102804 59126
IRNSS-1F                
1 41384U 16015A   23255.27341234  .00000150  00000+0  00000+0 0  9990
2 41384   2.9488 129.4506 0018674 176.9418 175.2319  1.00272374 27544
BEIDOU-2 IGSO-6         
1 41434U 16021A   23255.38691488 -.00000133  00000+0  00000+0 0  9996
2 41434  58.7665  48.1832 0047507 218.1685 320.6575  1.00281958 27365
IRNSS-1G                
1 41469U 16027A   23255.54077095 -.00000343  00000+0  00000+0 0  9993
2 41469   2.8394 131.0871 0002569 356.7571 187.6185  1.00275233 27063
GSAT0211 (GALILEO 14)   
1 41549U 16030A   23254.28316653  .00000035  00000+0  00000+0 0  9999
2 41549  55.5071 249.4805 0003910 308.1297  51.8411  1.70473530 45439
GSAT0210 (GALILEO 13)   
1 41550U 16030B   23253.40152275  .00000037  00000+0  00000+0 0  9994
2 41550  55.5068 249.5059 0004197 275.2275  84.7336  1.70473626 45434
COSMOS 2516             
1 41554U 16032A   23253.61194007  .00000030  00000+0  00000+0 0  9995
2 41554  63.8665 225.8433 0015423 214.4947 145.3935  2.13106454 56690
BEIDOU-2 G7             
1 41586U 16037A   23255.52819618 -.00000361  00000+0  00000+0 0  9997
2 41586   1.8889  68.5399 0006665 343.5907 239.7758  1.00267288 26670
EUTELSAT 117 WEST B     
1 41589U 16038B   23255.41414557 -.00000021  00000+0  00000+0 0  9995
2 41589   0.0383  10.3054 0000270  90.2871 282.6672  1.00271901 26543
GSAT0207 (GALILEO 15)   
1 41859U 16069A   23254.82306685  .00000002  00000+0  00000+0 0  9993
2 41859  54.9653 129.0640 0002708 311.1178  48.9509  1.70474011 42198
GSAT0212 (GALILEO 16)   
1 41860U 16069B   23251.74478306 -.00000022  00000+0  00000+0 0  9996
2 41860  54.9614 129.1462 0002237   4.7578 355.3200  1.70474211 42393
GSAT0213 (GALILEO 17)   
1 41861U 16069C   23255.04385032  .00000004  00000+0  00000+0 0  9996
2 41861  54.9652 129.0607 0002267 276.0608  84.0069  1.70472953 42319
GSAT0214 (GALILEO 18)   
1 41862U 16069D   23255.19109775  .00000005  00000+0  00000+0 0  9992
2 41862  54.9637 129.0504 0001422 284.5420  75.5368  1.70472812 42442
SES-15                  
1 42709U 17026A   23255.62343600  .00000052  00000+0  00000+0 0  9994
2 42709   0.0299  43.8868 0000300 157.4977 245.2551  1.00269113 24029
QZS-2 (MICHIBIKI-2)     
1 42738U 17028A   23255.35688760 -.00000155  00000+0  00000+0 0  9992
2 42738  41.0320 257.7514 0751003 270.1930  92.5260  1.00262883 23037
QZS-3 (MICHIBIKI-3)     
1 42917U 17048A   23255.57132802 -.00000357  00000+0  00000+0 0  9992
2 42917   0.0548 187.0677 0002240   9.7872 127.1511  1.00268569 22143
COSMOS 2522             
1 42939U 17055A   23255.21617059  .00000018  00000+0  00000+0 0  9990
2 42939  64.1004 226.3152 0009646 243.3641 116.5202  2.13102034 46477
QZS-4 (MICHIBIKI-4)     
1 42965U 17062A   23254.60880777 -.00000339  00000+0  00000+0 0  9995
2 42965  40.6327 356.3534 0748473 269.4309  83.3125  1.00279475 21690
BEIDOU-3 M1             
1 43001U 17069A   23255.19735583  .00000023  00000+0  00000+0 0  9992
2 43001  55.8480  96.5631 0007573 302.0458  57.9698  1.86231825 39815
BEIDOU-3 M2             
1 43002U 17069B   23255.13410035  .00000022  00000+0  00000+0 0  9998
2 43002  55.8474  96.6013 0006058 334.7344  25.3251  1.86231307 39805
GSAT0215 (GALILEO 19)   
1 43055U 17079A   23253.91993476  .00000035  00000+0  00000+0 0  9990
2 43055  55.4836 249.3164 0003713 269.9924  89.9720  1.70474163 35763
GSAT0216 (GALILEO 20)   
1 43056U 17079B   23254.79842584  .00000033  00000+0  00000+0 0  9999
2 43056  55.4834 249.2921 0005271 275.7830  84.1603  1.70474286 35790
GSAT0217 (GALILEO 21)   
1 43057U 17079C   23255.01878090  .00000033  00000+0  00000+0 0  9997
2 43057  55.4815 249.2850 0004645 284.9649  74.9860  1.70474276 35785
GSAT0218 (GALILEO 22)   
1 43058U 17079D   23254.65225405  .00000034  00000+0  00000+0 0  9994
2 43058  55.4819 249.2927 0005732 272.8479  87.0905  1.70474230 35808
BEIDOU-3 M7             
1 43107U 18003A   23255.42181684 -.00000097  00000+0  00000+0 0  9993
2 43107  55.1137 337.2071 0003341  78.0854 282.0018  1.86232655 38566
BEIDOU-3 M8             
1 43108U 18003B   23254.28607144 -.00000103  00000+0  00000+0 0  9999
2 43108  55.1072 337.2330 0004138 243.8653 116.1380  1.86231118 38558
BEIDOU-3 M4             
1 43207U 18018A   23255.26537010  .00000023  00000+0  00000+0 0  9998
2 43207  55.8067  96.6594 0004847  16.1500 343.9549  1.86231756 37954
BEIDOU-3 M3             
1 43208U 18018B   23254.25811994  .00000014  00000+0  00000+0 0  9993
2 43208  55.8055  96.6974 0005647 320.6035  39.4424  1.86231661 37931
BEIDOU-3 M9             
1 43245U 18029A   23255.01785376 -.00000095  00000+0  00000+0 0  9995
2 43245  55.0077 334.9541 0001477 218.6632 141.3777  1.86232931 37106
BEIDOU-3 M10            
1 43246U 18029B   23255.48482393 -.00000093  00000+0  00000+0 0  9998
2 43246  55.0047 334.9666 0002718 353.1292   6.9202  1.86233098 37090
IRNSS-1I                
1 43286U 18035A   23253.11785689  .00000083  00000+0  00000+0 0  9999
2 43286  29.2636  90.0972 0019590 176.0719 180.2163  1.00274251 19930
COSMOS 2527             
1 43508U 18053A   23255.17493964  .00000046  00000+0  00000+0 0  9995
2 43508  65.0945 107.6867 0007347 217.5399 142.5033  2.13102524 40779
BEIDOU-2 IGSO-7         
1 43539U 18057A   23254.79344118 -.00000174  00000+0  00000+0 0  9999
2 43539  55.1199 171.7939 0064274 231.1525 346.7849  1.00281676 19029
GSAT0221 (GALILEO 25)   
1 43564U 18060A   23252.20566576 -.00000108  00000+0  00000+0 0  9996
2 43564  57.2858   9.0692 0002924 253.6036 106.3666  1.70476219 31916
GSAT0222 (GALILEO 26)   
1 43565U 18060B   23253.59692710 -.00000106  00000+0  00000+0 0  9998
2 43565  57.2896   9.0331 0003533 212.6873 147.2929  1.70476025 31988
GSAT0219 (GALILEO 23)   
1 43566U 18060C   23253.81924926 -.00000105  00000+0  00000+0 0  9990
2 43566  57.2888   9.0292 0002017 255.1366 104.8432  1.70476274 31963
GSAT0220 (GALILEO 24)   
1 43567U 18060D   23253.45308688 -.00000106  00000+0  00000+0 0  9993
2 43567  57.2882   9.0389 0002462 250.9107 109.0647  1.70476248 31949
BEIDOU-3 M5             
1 43581U 18062A   23255.16809315 -.00000011  00000+0  00000+0 0  9999
2 43581  54.1770 216.6453 0005146 282.3849  77.5198  1.86232036 34843
BEIDOU-3 M6             
1 43582U 18062B   23254.49715185 -.00000008  00000+0  00000+0 0  9992
2 43582  54.1765 216.6577 0005136 356.9635   2.9977  1.86229869 34831
BEIDOU-3 M12            
1 43602U 18067A   23253.89643751 -.00000006  00000+0  00000+0 0  9990
2 43602  54.2640 215.3342 0007027  12.6807 347.3028  1.86231589 34308
BEIDOU-3 M11            
1 43603U 18067B   23255.10415494 -.00000012  00000+0  00000+0 0  9995
2 43603  54.2608 215.2588 0004167 357.8837   2.0766  1.86231545 34354
BEIDOU-3 M13            
1 43622U 18072A   23253.98919656  .00000012  00000+0  00000+0 0  9994
2 43622  55.7755  96.2421 0004352 298.5430  61.4988  1.86231730 33847
BEIDOU-3 M14            
1 43623U 18072B   23254.92855899  .00000020  00000+0  00000+0 0  9997
2 43623  55.7780  96.2034 0002906 349.3504  10.7317  1.86231743 33854
BEIDOU-3 M16            
1 43647U 18078A   23254.55416947 -.00000098  00000+0  00000+0 0  9991
2 43647  54.9042 335.0918 0005911   8.2180 351.8413  1.86227462 33351
BEIDOU-3 M15            
1 43648U 18078B   23254.68459156 -.00000097  00000+0  00000+0 0  9994
2 43648  54.8997 335.0913 0002762  20.0492 340.0118  1.86232446 33376
BEIDOU-3 G1             
1 43683U 18085A   23255.54291979 -.00000286  00000+0  00000+0 0  9994
2 43683   1.5310 123.8241 0002966 351.8389 211.0720  1.00276926 17944
COSMOS 2529             
1 43687U 18086A   23255.27416118  .00000019  00000+0  00000+0 0  9996
2 43687  64.3157 226.7510 0011300 262.5494  97.3055  2.13102099 37787
BEIDOU-3 M17            
1 43706U 18093A   23254.29561044 -.00000007  00000+0  00000+0 0  9994
2 43706  54.2595 216.5928 0010254 280.9016  78.9480  1.86232106 32733
BEIDOU-3 M18            
1 43707U 18093B   23255.23555154 -.00000011  00000+0  00000+0 0  9990
2 43707  54.2601 216.5525 0008500 306.3599  53.5236  1.86229943 32749
NAVSTAR 77 (USA 289)    
1 43873U 18109A   23255.12814758  .00000002  00000+0  00000+0 0  9997
2 43873  55.1947 132.0573 0025701 190.7878 341.7013  2.00569328 34836
BEIDOU-3 IGSO-1         
1 44204U 19023A   23255.31999455 -.00000188  00000+0  00000+0 0  9997
2 44204  57.2328  48.1585 0023640 194.8807 343.1005  1.00280648 16222
BEIDOU-2 G8             
1 44231U 19027A   23255.55883111 -.00000255  00000+0  00000+0 0  9993
2 44231   1.9754  81.0980 0006609 132.5225 123.3763  1.00269763 15969
COSMOS 2534             
1 44299U 19030A   23255.15100462  .00000020  00000+0  00000+0 0  9997
2 44299  64.3885 226.6822 0013478 281.5633 118.0897  2.13102049 33421
BEIDOU-3 IGSO-2         
1 44337U 19035A   23254.69832691 -.00000176  00000+0  00000+0 0  9992
2 44337  55.1527 167.7278 0032891 196.8932 356.9792  1.00272647 15542
NAVSTAR 78 (USA 293)    
1 44506U 19056A   23255.46959201 -.00000106  00000+0  00000+0 0  9999
2 44506  55.8225  11.1192 0037175 185.5680 132.9530  2.00566009 29832
BEIDOU-3 M24            
1 44542U 19061A   23254.23331153 -.00000006  00000+0  00000+0 0  9998
2 44542  54.4866 216.8262 0008431 340.3032  19.6296  1.86231530 26989
BEIDOU-3 M23            
1 44543U 19061B   23255.17966259 -.00000010  00000+0  00000+0 0  9999
2 44543  54.4850 216.7632 0005906 324.3410 221.9790  1.86231938 27002
BEIDOU-3 IGSO-3         
1 44709U 19073A   23255.50130211 -.00000136  00000+0  00000+0 0  9993
2 44709  56.5205 291.6657 0035205 190.1594 169.8745  1.00279696 14341
BEIDOU-3 M22            
1 44793U 19078A   23254.61565338 -.00000098  00000+0  00000+0 0  9991
2 44793  54.7525 335.0561 0004767  17.1734 342.8925  1.86232401 25857
BEIDOU-3 M21            
1 44794U 19078B   23255.28315545 -.00000094  00000+0  00000+0 0  9995
2 44794  54.7259 335.0150 0002736   7.6123 352.4440  1.86232842 25865
COSMOS 2544             
1 44850U 19088A   23255.11867639  .00000046  00000+0  00000+0 0  9993
2 44850  65.0804 107.5313 0011258 251.3701 108.6018  2.13102289 29218
BEIDOU-3 M19            
1 44864U 19090A   23255.20552425  .00000022  00000+0  00000+0 0  9999
2 44864  55.7108  96.3878 0015291 275.6985 226.0893  1.86232046 25442
BEIDOU-3 M20            
1 44865U 19090B   23255.12966307  .00000022  00000+0  00000+0 0  9999
2 44865  55.7125  96.4231 0013205 291.2283 249.4820  1.86232005 25426
BEIDOU-3 G2             
1 45344U 20017A   23255.43730059 -.00000149  00000+0  00000+0 0  9991
2 45344   2.0530  16.5924 0003110 162.2939  49.7669  1.00272683 13145
COSMOS 2545             
1 45358U 20018A   23255.31543585 -.00000086  00000+0  00000+0 0  9990
2 45358  64.8411 347.6466 0010219 237.8901 122.0476  2.13102696 27168
BEIDOU-3 G3             
1 45807U 20040A   23255.57300892 -.00000363  00000+0  00000+0 0  9992
2 45807   0.6095 345.3602 0006037 329.0422 353.7842  1.00272050 11952
NAVSTAR 79 (USA 304)    
1 45854U 20041A   23255.60703580 -.00000009  00000+0  00000+0 0  9997
2 45854  55.8903  68.3967 0036416 186.3044 174.7909  2.00563567 23818
GALAXY 30 (G-30)        
1 46114U 20056C   23255.61629253  .00000028  00000+0  00000+0 0  9998
2 46114   0.0199 132.5634 0001881  44.5529 271.1058  1.00272842 11178
COSMOS 2547             
1 46805U 20075A   23255.50436668  .00000018  00000+0  00000+0 0  9999
2 46805  64.6157 226.2288 0008444 244.0447 115.8505  2.13102951 22417
NAVSTAR 80 (USA 309)    
1 46826U 20078A   23255.36457431  .00000020  00000+0  00000+0 0  9993
2 46826  54.3091 251.7376 0036114 194.8866 326.6511  2.00562944 21276
NAVSTAR 81 (USA 319)    
1 48859U 21054A   23255.39459624 -.00000105  00000+0  00000+0 0  9990
2 48859  55.3400  12.9042 0012450 212.0474 153.7385  2.00573476 16523
QZS-1R                  
1 49336U 21096A   23246.63047823 -.00000285  00000+0  00000+0 0  9997
2 49336  35.3487  94.9203 0742050 269.1144 338.5695  1.00292751  6809
GSAT0223 (GALILEO 27)   
1 49809U 21116A   23254.47783885 -.00000104  00000+0  00000+0 0  9991
2 49809  57.2800   8.9075 0003509 182.5037 176.6685  1.70476482 10960
GSAT0224 (GALILEO 28)   
1 49810U 21116B   23253.73871167 -.00000106  00000+0  00000+0 0  9994
2 49810  57.2808   8.9255 0002784 173.0857 204.9488  1.70476459 10981
COSMOS 2557             
1 52984U 22075A   23254.72846164 -.00000092  00000+0  00000+0 0  9998
2 52984  64.7582 349.8254 0012031 275.3592  84.5356  2.13102438  9203
COSMOS 2559             
1 54031U 22130A   23254.20119716 -.00000095  00000+0  00000+0 0  9997
2 54031  64.7296 349.9711 0007250 217.9170 142.0624  2.13101652  7168
COSMOS 2564             
1 54377U 22161A   23255.33280866  .00000019  00000+0  00000+0 0  9999
2 54377  64.7565 226.2890 0010745 226.1833 133.7109  2.13102215  6133
NAVSTAR 82 (USA 343)    
1 55268U 23009A   23255.07966865 -.00000033  00000+0  00000+0 0  9999
2 55268  55.0879 188.1106 0004438  91.1001  88.2289  2.00555337  5000
BEIDOU-3 G4             
1 56564U 23066A   23255.53188269 -.00000123  00000+0  00000+0 0  9997
2 56564   2.8256 288.7634 0006670 214.6579 199.3335  1.00273290  1280
IRNSS-1J (NVS-01)       
1 56759U 23076A   23255.53654289 -.00000351  00000+0  00000+0 0  9997
2 56759   4.7200 271.9110 0006211 336.4432  65.5655  1.00270535  1009
