NAVSTAR 43 (USA 132)    
1 24876U 97035A   23229.64764058  .00000002  00000+0  00000+0 0  9999
2 24876  55.5839 139.0361 0071740  51.9204 308.7594  2.00564055191001
NAVSTAR 47 (USA 150)    
1 26360U 00025A   23228.51993958 -.00000038  00000+0  00000+0 0  9990
2 26360  54.4156  61.3728 0041264 198.6290 156.2720  2.00572197170490
NAVSTAR 51 (USA 166)    
1 27663U 03005A   23228.18495205  .00000035  00000+0  00000+0 0  9999
2 27663  55.2550 256.1728 0131450  44.6329  48.4544  2.00567205150520
NAVSTAR 52 (USA 168)    
1 27704U 03010A   23228.77519637 -.00000100  00000+0  00000+0 0  9996
2 27704  55.1153   6.1196 0248337 318.3238  58.7858  2.00574182149330
NAVSTAR 54 (USA 177)    
1 28190U 04009A   23229.07418057 -.00000064  00000+0  00000+0 0  9992
2 28190  55.7048 317.1957 0093090 137.7363  33.8374  2.00567980142210
NAVSTAR 56 (USA 180)    
1 28474U 04045A   23230.35260755 -.00000092  00000+0  00000+0 0  9991
2 28474  55.4423   6.3717 0161824 282.1234 147.2857  2.00579480137682
ANIK F1R                
1 28868U 05036A   23230.04959559 -.00000076  00000+0  00000+0 0  9994
2 28868   1.6422  89.2801 0002605  32.9554 114.4580  1.00272581 65783
NAVSTAR 57 (USA 183)    
1 28874U 05038A   23229.40067078 -.00000059  00000+0  00000+0 0  9998
2 28874  55.7562 314.6344 0139034 279.2939 148.9950  2.00576812131076
INMARSAT 4-F2           
1 28899U 05044A   23230.01368913  .00000010  00000+0  00000+0 0  9999
2 28899   3.8487  40.6242 0002592 117.5221 236.7976  1.00270645 65133
NAVSTAR 58 (USA 190)    
1 29486U 06042A   23229.44021810  .00000018  00000+0  00000+0 0  9996
2 29486  54.6868 192.3647 0102744  31.4767 327.2881  2.00570939123783
NAVSTAR 59 (USA 192)    
1 29601U 06052A   23229.86039575  .00000032  00000+0  00000+0 0  9995
2 29601  55.2748 255.0641 0084186  79.3126 281.6912  2.00576795122701
NAVSTAR 60 (USA 196)    
1 32260U 07047A   23229.67473291 -.00000002  00000+0  00000+0 0  9999
2 32260  53.4573 122.8737 0150670  70.1594 291.5229  2.00552402116083
COSMOS 2433             
1 32275U 07052A   23230.13914635 -.00000073  00000+0  00000+0 0  9994
2 32275  66.0268 350.5065 0003121 209.5042 150.4906  2.13104274123063
COSMOS 2432             
1 32276U 07052B   23229.73359935 -.00000075  00000+0  00000+0 0  9997
2 32276  66.0413 350.6283 0007878 325.8113  30.1804  2.13103411123044
NAVSTAR 61 (USA 199)    
1 32384U 07062A   23228.51275934 -.00000062  00000+0  00000+0 0  9995
2 32384  55.8883 315.4878 0024991 148.7887 222.2569  2.00557973114803
COSMOS 2434             
1 32393U 07065A   23230.00680223  .00000055  00000+0  00000+0 0  9997
2 32393  64.3381 226.8945 0000181 198.4713 311.1063  2.13103170121766
COSMOS 2436             
1 32395U 07065C   23230.13113036  .00000056  00000+0  00000+0 0  9997
2 32395  64.3467 226.9519 0015561 351.4763  29.0192  2.13102914121702
NAVSTAR 62 (USA 201)    
1 32711U 08012A   23228.59199513  .00000009  00000+0  00000+0 0  9991
2 32711  54.4539 191.2337 0177358 235.7072 122.5654  2.00556826112989
NAVSTAR 64 (USA 206)    
1 35752U 09043A   23229.57067056 -.00000026  00000+0  00000+0 0  9999
2 35752  55.4177  68.4270 0058501  68.3326 294.9804  2.00559074102581
COSMOS 2456             
1 36111U 09070A   23230.30043090  .00000019  00000+0  00000+0 0  9995
2 36111  64.4832 106.3918 0002768 328.0870 206.1854  2.13099319106437
COSMOS 2457             
1 36112U 09070B   23229.22257976  .00000017  00000+0  00000+0 0  9993
2 36112  64.4667 106.2944 0005048 150.7732  47.2624  2.13101492106416
COSMOS 2460             
1 36402U 10007C   23230.11276484 -.00000073  00000+0  00000+0 0  9995
2 36402  65.8897 349.2258 0001613 143.7077   5.4439  2.13106456104786
NAVSTAR 65 (USA 213)    
1 36585U 10022A   23228.65978168  .00000035  00000+0  00000+0 0  9995
2 36585  54.5736 250.3413 0108760  59.6861 122.1590  2.00561095 96816
BEIDOU-2 IGSO-1         
1 36828U 10036A   23230.33445329 -.00000133  00000+0  00000+0 0  9996
2 36828  54.2372 172.3259 0036695 190.0122 192.6901  1.00258719 47861
QZS-1 (MICHIBIKI-1)     
1 37158U 10045A   23224.51019722 -.00000072  00000+0  00000+0 0  9992
2 37158  42.7913 127.6971 0037647 277.2224 272.4955  0.88387770 47281
BEIDOU-2 G4             
1 37210U 10057A   23229.76814619 -.00000114  00000+0  00000+0 0  9991
2 37210   1.1370  59.9960 0005182 147.1356 195.2040  1.00272663 46916
BEIDOU-2 IGSO-2         
1 37256U 10068A   23229.77818108 -.00000165  00000+0  00000+0 0  9997
2 37256  49.4399 284.5187 0032313 211.1582 217.5803  1.00290226 46413
BEIDOU-2 IGSO-3         
1 37384U 11013A   23229.46633627 -.00000152  00000+0  00000+0 0  9993
2 37384  60.9125  50.0675 0027501 173.8767  17.0549  1.00286899 45296
GSAT-8                  
1 37605U 11022A   23229.48730102  .00000082  00000+0  00000+0 0  9998
2 37605   0.0156 108.3753 0003960 141.8046 305.9032  1.00273978 44865
NAVSTAR 66 (USA 232)    
1 37753U 11036A   23229.78832829 -.00000089  00000+0  00000+0 0  9997
2 37753  56.7412  12.1471 0127253  56.1909 306.2488  2.00568564 88528
BEIDOU-2 IGSO-4         
1 37763U 11038A   23229.85098330 -.00000081  00000+0  00000+0 0  9991
2 37763  54.5116 174.8696 0112077 228.4195 324.4552  1.00278057 44261
GSAT0101 (GALILEO-PFM)  
1 37846U 11060A   23230.28579670 -.00000085  00000+0  00000+0 0  9992
2 37846  57.1079   9.7603 0002387  72.3738 287.6496  1.70476143 73627
GSAT0102 (GALILEO-FM2)  
1 37847U 11060B   23227.56753872 -.00000094  00000+0  00000+0 0  9998
2 37847  57.1081   9.8335 0001538  13.6502 164.4319  1.70475537 73574
COSMOS 2476             
1 37867U 11064A   23229.45998677  .00000018  00000+0  00000+0 0  9993
2 37867  64.7630 107.9410 0021415 234.3197 284.3621  2.13101844 91766
COSMOS 2477             
1 37868U 11064B   23230.21578316  .00000019  00000+0  00000+0 0  9995
2 37868  64.7706 107.9846 0018637 234.9055 321.4883  2.13101749 91739
COSMOS 2475             
1 37869U 11064C   23229.29717942  .00000018  00000+0  00000+0 0  9991
2 37869  64.7775 108.0280 0022995 252.5777 277.5500  2.13102147 91728
BEIDOU-2 IGSO-5         
1 37948U 11073A   23229.58193044 -.00000120  00000+0  00000+0 0  9997
2 37948  49.5651 284.1884 0094837 219.9895 127.0313  1.00277327 43027
LUCH-5A                 
1 37951U 11074B   23229.52478139 -.00000050  00000+0  00000+0 0  9999
2 37951   6.0963  90.0083 0005023  47.6282 183.8692  1.00273393 42810
BEIDOU-2 G5             
1 38091U 12008A   23229.43769031  .00000055  00000+0  00000+0 0  9991
2 38091   1.6664  68.1132 0002083 169.9972 303.7752  1.00268120 42107
BEIDOU-2 M3             
1 38250U 12018A   23228.98214648 -.00000099  00000+0  00000+0 0  9996
2 38250  56.5156 339.4832 0022041 254.9461 131.8464  1.86231174 77015
BEIDOU-2 M4             
1 38251U 12018B   23228.87336358 -.00000099  00000+0  00000+0 0  9998
2 38251  56.4327 338.7818 0013493 254.4243 105.4486  1.86232035 77013
SES-5                   
1 38652U 12036A   23230.28694538  .00000033  00000+0  00000+0 0  9995
2 38652   0.0196 299.1208 0001851 198.2303 297.3163  1.00268941 40707
BEIDOU-2 M6             
1 38775U 12050B   23230.19427368 -.00000002  00000+0  00000+0 0  9999
2 38775  55.6773  97.3422 0012278 338.4976  21.5467  1.86231376 74409
GSAT-10                 
1 38779U 12051B   23230.01587560 -.00000166  00000+0  00000+0 0  9997
2 38779   0.1011 272.0281 0000911   0.8282 141.9491  1.00271647 39922
NAVSTAR 67 (USA 239)    
1 38833U 12053A   23229.76736996  .00000017  00000+0  00000+0 0  9993
2 38833  53.5145 185.9104 0140843  51.5950 309.6232  2.00566989 79582
GSAT0103 (GALILEO-FM3)  
1 38857U 12055A   23228.56511751 -.00000014  00000+0  00000+0 0  9996
2 38857  55.2758 130.0095 0004459 271.6353  88.3610  1.70473920 67497
GSAT0104 (GALILEO-FM4)  
1 38858U 12055B   23227.36148357 -.00000023  00000+0  00000+0 0  9992
2 38858  55.2753 130.0442 0000134 273.3140  86.7221  1.70473971 67449
BEIDOU-2 G6             
1 38953U 12059A   23229.89318905 -.00000177  00000+0  00000+0 0  9990
2 38953   1.7802  82.0132 0008123 315.7704 333.8326  1.00272879 39674
LUCH-5B                 
1 38977U 12061A   23230.35434660 -.00000134  00000+0  00000+0 0  9992
2 38977   8.2166  59.2672 0005669  97.3725 281.1036  1.00272825 39818
COSMOS 2485             
1 39155U 13019A   23229.66441526  .00000019  00000+0  00000+0 0  9997
2 39155  64.9235 108.4539 0021878 230.1740 129.7233  2.13102057 80238
NAVSTAR 68 (USA 242)    
1 39166U 13023A   23228.13348765 -.00000056  00000+0  00000+0 0  9998
2 39166  55.3725 310.8879 0114094  41.8011 319.1249  2.00564449 75098
IRNSS-1A                
1 39199U 13034A   23230.15362373  .00000085  00000+0  00000+0 0  9993
2 39199  33.3837  78.9473 0019704 176.3282 181.2626  1.00274361 37277
NAVSTAR 69 (USA 248)    
1 39533U 14008A   23228.13092420  .00000005  00000+0  00000+0 0  9997
2 39533  53.6020 191.5323 0067269 215.7870 143.7233  2.00550723 69456
ASTRA 5B                
1 39617U 14011B   23230.14734786  .00000136  00000+0  00000+0 0  9991
2 39617   0.0600 302.8580 0003104 233.0737 226.8353  1.00272472 34509
COSMOS 2492             
1 39620U 14012A   23229.15057589 -.00000079  00000+0  00000+0 0  9991
2 39620  65.7737 348.8789 0010932 320.6570  39.2742  2.13103289 73187
IRNSS-1B                
1 39635U 14017A   23230.15362373  .00000122  00000+0  00000+0 0  9992
2 39635  28.7410 257.9532 0020255 191.1508 347.5487  1.00269198 34418
LUCH-5V                 
1 39727U 14023A   23229.85888568 -.00000269  00000+0  00000+0 0  9998
2 39727   2.5287  77.3645 0003219 115.3078 177.1933  1.00269106552138
NAVSTAR 70 (USA 251)    
1 39741U 14026A   23228.91145199 -.00000093  00000+0  00000+0 0  9994
2 39741  56.6944  11.7032 0028652 311.8428  47.9154  2.00558719 67767
COSMOS 2500             
1 40001U 14032A   23229.80336513 -.00000075  00000+0  00000+0 0  9993
2 40001  65.7118 348.6859 0007610 192.7463 167.2479  2.13106054 71415
NAVSTAR 71 (USA 256)    
1 40105U 14045A   23228.00019993 -.00000017  00000+0  00000+0 0  9999
2 40105  54.8064 129.8454 0024057 112.9243 247.3722  2.00576526 66183
GSAT0201 (GALILEO 5)    
1 40128U 14050A   23230.09515268 -.00000077  00000+0  00000+0 0  9994
2 40128  49.9508 315.2575 1609708 139.7180 233.4163  1.85519304 61072
GSAT0202 (GALILEO 6)    
1 40129U 14050B   23229.27661642 -.00000076  00000+0  00000+0 0  9990
2 40129  49.9710 314.3614 1607575 140.4974 232.4232  1.85519996 61255
IRNSS-1C                
1 40269U 14061A   23230.08751229 -.00000163  00000+0  00000+0 0  9996
2 40269   3.9228 113.2466 0020388  15.1158 312.3241  1.00273513 32454
NAVSTAR 72 (USA 258)    
1 40294U 14068A   23229.37393338 -.00000021  00000+0  00000+0 0  9997
2 40294  56.1611  71.1644 0048931  61.1899 299.3793  2.00570797 64439
COSMOS 2501             
1 40315U 14075A   23229.11458842  .00000051  00000+0  00000+0 0  9995
2 40315  63.6416 226.2950 0020202 211.7149 148.1764  2.13101448 67792
NAVSTAR 73 (USA 260)    
1 40534U 15013A   23229.50869712  .00000032  00000+0  00000+0 0  9995
2 40534  53.4721 247.0294 0079616  25.0853 335.3420  2.00555883 61496
GSAT0203 (GALILEO 7)    
1 40544U 15017A   23229.47871379 -.00000088  00000+0  00000+0 0  9990
2 40544  56.9027   9.7574 0002462 219.5346 140.4437  1.70476343 52223
GSAT0204 (GALILEO 8)    
1 40545U 15017B   23229.14570497 -.00000089  00000+0  00000+0 0  9993
2 40545  56.9088   9.7806 0002936 200.0189 159.9655  1.70475888 52225
IRNSS-1D                
1 40547U 15018A   23230.47405885 -.00000264  00000+0  00000+0 0  9997
2 40547  28.1062 257.9213 0020668 191.1734 159.9522  1.00271345 30872
BEIDOU-3S IGSO-1S       
1 40549U 15019A   23229.84808286 -.00000154  00000+0  00000+0 0  9999
2 40549  51.1313 307.7790 0040656 194.7875 223.5731  1.00260448 30712
NAVSTAR 74 (USA 262)    
1 40730U 15033A   23228.17444329 -.00000054  00000+0  00000+0 0  9995
2 40730  54.8612 309.5096 0084719  14.0642 346.2336  2.00556446 59238
BEIDOU-3S M2S           
1 40748U 15037A   23229.61324449 -.00000095  00000+0  00000+0 0  9993
2 40748  55.6731 337.3677 0010489 239.0813 120.8424  1.86233301 54856
BEIDOU-3S M1S           
1 40749U 15037B   23229.88331924 -.00000094  00000+0  00000+0 0  9998
2 40749  55.6759 337.3448 0002559 313.0188  46.9873  1.86233080 54850
GSAT0205 (GALILEO 9)    
1 40889U 15045A   23227.15393443  .00000050  00000+0  00000+0 0  9995
2 40889  55.3734 250.2542 0003205 356.8713   3.1900  1.70473692 49332
GSAT0206 (GALILEO 10)   
1 40890U 15045B   23230.30752889  .00000051  00000+0  00000+0 0  9992
2 40890  55.3713 250.1626 0002197 320.4055  39.6253  1.70473627 49410
BEIDOU-3S IGSO-2S       
1 40938U 15053A   23230.46388193 -.00000092  00000+0  00000+0 0  9990
2 40938  50.8347 270.9415 0047893 194.0340 123.9589  1.00287523 28985
NAVSTAR 75 (USA 265)    
1 41019U 15062A   23227.23054426 -.00000025  00000+0  00000+0 0  9997
2 41019  56.1430  71.0981 0088275 221.0902 138.3189  2.00562346 57034
GSAT-15                 
1 41028U 15065A   23229.44456806 -.00000260  00000+0  00000+0 0  9994
2 41028   0.1043 272.7768 0002106 191.5796 114.7273  1.00271983 28489
GSAT0209 (GALILEO 12)   
1 41174U 15079A   23229.30604796 -.00000008  00000+0  00000+0 0  9999
2 41174  55.2934 129.6960 0003602 324.9770  35.0529  1.70474014 47714
GSAT0208 (GALILEO 11)   
1 41175U 15079B   23227.17928180 -.00000024  00000+0  00000+0 0  9997
2 41175  55.2911 129.7526 0003197 324.7074  35.3084  1.70474019 47672
IRNSS-1E                
1 41241U 16003A   23229.01806220 -.00000297  00000+0  00000+0 0  9996
2 41241  30.9337  78.0741 0019505 173.8395 191.5943  1.00273935 27823
NAVSTAR 76 (USA 266)    
1 41328U 16007A   23229.31718293 -.00000002  00000+0  00000+0 0  9995
2 41328  55.0118 130.5670 0071636 234.6677 124.7107  2.00551027 55127
COSMOS 2514             
1 41330U 16008A   23230.03432937 -.00000074  00000+0  00000+0 0  9997
2 41330  65.5090 348.2638 0011217 203.9887 155.9739  2.13102746 58582
IRNSS-1F                
1 41384U 16015A   23230.22078727  .00000158  00000+0  00000+0 0  9990
2 41384   2.8984 130.6455 0017996 177.9085 129.6938  1.00268255 27293
BEIDOU-2 IGSO-6         
1 41434U 16021A   23228.42132984 -.00000130  00000+0  00000+0 0  9999
2 41434  58.7242  48.4569 0046626 218.0185 305.5776  1.00287313 27097
IRNSS-1G                
1 41469U 16027A   23229.45180272 -.00000337  00000+0  00000+0 0  9999
2 41469   2.7899 132.4172 0003986 351.4172 133.9829  1.00272938 26791
GSAT0211 (GALILEO 14)   
1 41549U 16030A   23229.06004660  .00000050  00000+0  00000+0 0  9996
2 41549  55.5171 250.1754 0003804 306.2120  53.8065  1.70473706 45003
GSAT0210 (GALILEO 13)   
1 41550U 16030B   23227.59184767  .00000050  00000+0  00000+0 0  9991
2 41550  55.5188 250.2170 0004141 271.2850  88.7289  1.70473760 44972
COSMOS 2516             
1 41554U 16032A   23229.21104377  .00000052  00000+0  00000+0 0  9999
2 41554  63.8680 226.6873 0015531 214.8077 145.1042  2.13106522 56178
BEIDOU-2 G7             
1 41586U 16037A   23230.47359767 -.00000353  00000+0  00000+0 0  9999
2 41586   1.8297  68.1983 0007135 349.6539 189.6938  1.00267225 26415
EUTELSAT 117 WEST B     
1 41589U 16038B   23230.04767796 -.00000013  00000+0  00000+0 0  9994
2 41589   0.0125 250.8579 0000231 215.1827 120.2714  1.00273268 26335
GSAT0207 (GALILEO 15)   
1 41859U 16069A   23229.01331696 -.00000011  00000+0  00000+0 0  9997
2 41859  54.9557 129.7803 0003589 306.6215  53.3965  1.70473971 41973
GSAT0212 (GALILEO 16)   
1 41860U 16069B   23230.04117640 -.00000004  00000+0  00000+0 0  9997
2 41860  54.9537 129.7488 0002671 343.5905  16.4589  1.70474161 42020
GSAT0213 (GALILEO 17)   
1 41861U 16069C   23228.06074292 -.00000018  00000+0  00000+0 0  9997
2 41861  54.9555 129.8097 0003288 280.9624  79.0441  1.70472832 41984
GSAT0214 (GALILEO 18)   
1 41862U 16069D   23228.20796334 -.00000017  00000+0  00000+0 0  9991
2 41862  54.9536 129.7997 0002530 289.0178  70.9995  1.70472626 41980
SES-15                  
1 42709U 17026A   23230.34568064  .00000059  00000+0  00000+0 0  9996
2 42709   0.0175  44.3566 0000880 126.9097 150.4698  1.00274891 23814
QZS-2 (MICHIBIKI-2)     
1 42738U 17028A   23229.40465882 -.00000125  00000+0  00000+0 0  9994
2 42738  41.0718 258.1218 0754207 269.8475  84.7899  1.00269673 22766
QZS-3 (MICHIBIKI-3)     
1 42917U 17048A   23229.80958147 -.00000350  00000+0  00000+0 0  9990
2 42917   0.0634 153.2696 0002523   7.2141 223.9250  1.00271808 21998
COSMOS 2522             
1 42939U 17055A   23229.40697237  .00000053  00000+0  00000+0 0  9997
2 42939  64.1021 227.2005 0010155 243.1382 116.7719  2.13102048 45929
QZS-4 (MICHIBIKI-4)     
1 42965U 17062A   23229.23672946 -.00000331  00000+0  00000+0 0  9995
2 42965  40.6431 356.6757 0747081 268.9930 283.8326  1.00286580 21420
BEIDOU-3 M1             
1 43001U 17069A   23229.96063527 -.00000002  00000+0  00000+0 0  9998
2 43001  55.8285  97.4070 0008453 303.6225  56.3926  1.86231819 39340
BEIDOU-3 M2             
1 43002U 17069B   23229.89732596 -.00000002  00000+0  00000+0 0  9990
2 43002  55.8278  97.4450 0006960 332.7423  27.3169  1.86231287 39334
GSAT0215 (GALILEO 19)   
1 43055U 17079A   23227.52376008  .00000050  00000+0  00000+0 0  9991
2 43055  55.4959 250.0440 0003725 265.2975  94.7212  1.70474401 35319
GSAT0216 (GALILEO 20)   
1 43056U 17079B   23229.57542411  .00000051  00000+0  00000+0 0  9993
2 43056  55.4951 249.9872 0005274 272.1852  87.8047  1.70474502 35333
GSAT0217 (GALILEO 21)   
1 43057U 17079C   23230.38234854  .00000052  00000+0  00000+0 0  9995
2 43057  55.4938 249.9641 0004577 283.1385  76.8565  1.70474497 35360
GSAT0218 (GALILEO 22)   
1 43058U 17079D   23227.66951068  .00000050  00000+0  00000+0 0  9994
2 43058  55.4925 250.0363 0005726 270.2331  89.7618  1.70474462 35315
BEIDOU-3 M7             
1 43107U 18003A   23229.64819285 -.00000097  00000+0  00000+0 0  9993
2 43107  55.1291 338.0907 0003992  78.5743 281.4961  1.86232648 38098
BEIDOU-3 M8             
1 43108U 18003B   23230.12310502 -.00000095  00000+0  00000+0 0  9995
2 43108  55.1218 338.0616 0003514 240.1934 119.7992  1.86231104 38109
BEIDOU-3 M4             
1 43207U 18018A   23228.95473757 -.00000005  00000+0  00000+0 0  9992
2 43207  55.7865  97.5401 0005464   6.7805 353.3211  1.86231775 37463
BEIDOU-3 M3             
1 43208U 18018B   23228.48442886 -.00000008  00000+0  00000+0 0  9993
2 43208  55.7857  97.5602 0006598 320.1445  39.9000  1.86231638 37450
BEIDOU-3 M9             
1 43245U 18029A   23229.78121140 -.00000094  00000+0  00000+0 0  9992
2 43245  55.0240 335.8220 0001115 191.9663 168.0607  1.86232925 36636
BEIDOU-3 M10            
1 43246U 18029B   23229.71127529 -.00000094  00000+0  00000+0 0  9993
2 43246  55.0212 335.8528 0002788   6.4967 353.5361  1.86233119 36624
IRNSS-1I                
1 43286U 18035A   23227.71677240  .00000077  00000+0  00000+0 0  9992
2 43286  29.2045  90.5070 0019380 177.3858   9.0801  1.00276586 19674
COSMOS 2527             
1 43508U 18053A   23229.36565231  .00000018  00000+0  00000+0 0  9993
2 43508  65.0848 108.5529 0007436 224.6194 135.4103  2.13102514 40225
BEIDOU-2 IGSO-7         
1 43539U 18057A   23229.77574795 -.00000144  00000+0  00000+0 0  9992
2 43539  55.1219 172.0129 0064689 231.7561 313.9042  1.00289391 18788
GSAT0221 (GALILEO 25)   
1 43564U 18060A   23227.56912937 -.00000094  00000+0  00000+0 0  9997
2 43564  57.2833   9.7324 0002030 255.4647 104.5073  1.70476217 31509
GSAT0222 (GALILEO 26)   
1 43565U 18060B   23229.54694515 -.00000087  00000+0  00000+0 0  9999
2 43565  57.2868   9.6803 0002810 202.8713 157.1123  1.70475956 31571
GSAT0219 (GALILEO 23)   
1 43566U 18060C   23228.00954641 -.00000093  00000+0  00000+0 0  9996
2 43566  57.2860   9.7237 0001116 264.7199  95.2619  1.70476211 31521
GSAT0220 (GALILEO 24)   
1 43567U 18060D   23228.22994831 -.00000092  00000+0  00000+0 0  9995
2 43567  57.2856   9.7181 0001530 254.4320 105.5457  1.70476209 31507
BEIDOU-3 M5             
1 43581U 18062A   23229.39466607  .00000035  00000+0  00000+0 0  9993
2 43581  54.1816 217.5242 0005708 276.5571  83.3607  1.86232069 34364
BEIDOU-3 M6             
1 43582U 18062B   23230.33427668  .00000043  00000+0  00000+0 0  9993
2 43582  54.1811 217.4818 0004838 348.9990  10.9713  1.86229849 34388
BEIDOU-3 M12            
1 43602U 18067A   23229.19684612  .00000034  00000+0  00000+0 0  9997
2 43602  54.2684 216.1741 0006797   9.9449 350.0495  1.86231661 33840
BEIDOU-3 M11            
1 43603U 18067B   23228.25677462  .00000030  00000+0  00000+0 0  9995
2 43603  54.2657 216.1718 0003985 352.0456   7.9323  1.86231610 33854
BEIDOU-3 M13            
1 43622U 18072A   23229.28944635 -.00000004  00000+0  00000+0 0  9997
2 43622  55.7565  97.0695 0005147 301.8690  58.1758  1.86231784 33383
BEIDOU-3 M14            
1 43623U 18072B   23230.22880641 -.00000002  00000+0  00000+0 0  9998
2 43623  55.7589  97.0308 0003709 342.7872  17.2961  1.86231790 33401
BEIDOU-3 M16            
1 43647U 18078A   23230.39074726 -.00000092  00000+0  00000+0 0  9996
2 43647  54.9196 335.9246 0006091  13.5953 346.4523  1.86227459 32910
BEIDOU-3 M15            
1 43648U 18078B   23228.97660285 -.00000098  00000+0  00000+0 0  9995
2 43648  54.9157 335.9765 0003275  36.1137   7.9446  1.86232343 32900
BEIDOU-3 G1             
1 43683U 18085A   23229.48110808 -.00000280  00000+0  00000+0 0  9993
2 43683   1.4750 125.6549 0003166 343.2150 169.9701  1.00274803 17678
COSMOS 2529             
1 43687U 18086A   23228.05718428  .00000054  00000+0  00000+0 0  9990
2 43687  64.3174 227.6772 0011800 261.5375  98.3495  2.13102162 37205
BEIDOU-3 M17            
1 43706U 18093A   23230.13302126  .00000041  00000+0  00000+0 0  9992
2 43706  54.2639 217.4150 0010745 278.3254  81.5338  1.86232161 32260
BEIDOU-3 M18            
1 43707U 18093B   23229.99877850  .00000040  00000+0  00000+0 0  9995
2 43707  54.2647 217.4113 0008796 301.8226  58.0730  1.86229969 32271
NAVSTAR 77 (USA 289)    
1 43873U 18109A   23230.19614830  .00000006  00000+0  00000+0 0  9990
2 43873  55.1878 133.0432 0025230 191.8679 337.9600  2.00568320 34281
BEIDOU-3 IGSO-1         
1 44204U 19023A   23229.88571973 -.00000189  00000+0  00000+0 0  9992
2 44204  57.1926  48.4260 0023084 194.2806 161.3120  1.00288340 15980
BEIDOU-2 G8             
1 44231U 19027A   23229.78294758 -.00000251  00000+0  00000+0 0  9998
2 44231   1.9104  81.1975 0006190 127.6827 183.2832  1.00267745 15703
COSMOS 2534             
1 44299U 19030A   23230.01191646  .00000056  00000+0  00000+0 0  9998
2 44299  64.3900 227.5354 0013863 280.2229 273.5655  2.13102148 32893
BEIDOU-3 IGSO-2         
1 44337U 19035A   23229.73172257 -.00000150  00000+0  00000+0 0  9996
2 44337  55.1540 167.9475 0033021 197.9552 342.8932  1.00280519 15327
NAVSTAR 78 (USA 293)    
1 44506U 19056A   23228.61168969 -.00000096  00000+0  00000+0 0  9997
2 44506  55.8184  12.1817 0036120 184.2175 181.4629  2.00565570 29295
BEIDOU-3 M24            
1 44542U 19061A   23230.07063602  .00000041  00000+0  00000+0 0  9993
2 44542  54.4912 217.6436 0008303 335.3386  24.6033  1.86231520 26532
BEIDOU-3 M23            
1 44543U 19061B   23230.38624272  .00000044  00000+0  00000+0 0  9997
2 44543  54.4895 217.6022 0006027 317.5127 165.9007  1.86231937 26532
BEIDOU-3 IGSO-3         
1 44709U 19073A   23227.58104000 -.00000152  00000+0  00000+0 0  9995
2 44709  56.5660 291.9609 0035080 188.8902 171.1738  1.00288232 14045
BEIDOU-3 M22            
1 44793U 19078A   23229.91593542 -.00000094  00000+0  00000+0 0  9990
2 44793  54.7684 335.9104 0005053  22.9696 337.0828  1.86232420 25393
BEIDOU-3 M21            
1 44794U 19078B   23228.43569217 -.00000101  00000+0  00000+0 0  9998
2 44794  54.7431 335.9439 0003005  18.8104 341.2250  1.86232907 25361
COSMOS 2544             
1 44850U 19088A   23230.24788495  .00000020  00000+0  00000+0 0  9994
2 44850  65.0711 108.3665 0011764 254.9601 105.0010  2.13102267 28661
BEIDOU-3 M19            
1 44864U 19090A   23229.48206545 -.00000004  00000+0  00000+0 0  9990
2 44864  55.6905  97.2508 0015859 277.4453 257.9783  1.86232066 24954
BEIDOU-3 M20            
1 44865U 19090B   23227.23084995 -.00000018  00000+0  00000+0 0  9990
2 44865  55.6910  97.3589 0013958 292.7123 263.1640  1.86232020 24897
BEIDOU-3 G2             
1 45344U 20017A   23229.44195310 -.00000143  00000+0  00000+0 0  9992
2 45344   2.0374  15.2319 0003116 142.2885  47.1926  1.00272429 12896
COSMOS 2545             
1 45358U 20018A   23229.97536135 -.00000075  00000+0  00000+0 0  9994
2 45358  64.8493 348.5251 0009142 235.4910 124.4371  2.13102727 26622
BEIDOU-3 G3             
1 45807U 20040A   23229.88976141 -.00000355  00000+0  00000+0 0  9994
2 45807   0.6319 340.1064 0004949 352.4347  64.3390  1.00271145 11713
NAVSTAR 79 (USA 304)    
1 45854U 20041A   23228.86070398 -.00000024  00000+0  00000+0 0  9996
2 45854  55.8657  69.4526 0035214 185.8330 303.1082  2.00564315 23265
GALAXY 30 (G-30)        
1 46114U 20056C   23230.04610900  .00000036  00000+0  00000+0 0  9996
2 46114   0.0194 120.7266 0002686  42.4525  54.5738  1.00270396 11035
COSMOS 2547             
1 46805U 20075A   23230.16449430  .00000057  00000+0  00000+0 0  9998
2 46805  64.6171 227.0812 0008790 243.9810 115.9401  2.13103054 21871
NAVSTAR 80 (USA 309)    
1 46826U 20078A   23228.44544772  .00000033  00000+0  00000+0 0  9991
2 46826  54.3210 252.8320 0035398 194.4236 330.1137  2.00562866 20726
NAVSTAR 81 (USA 319)    
1 48859U 21054A   23228.46758372 -.00000095  00000+0  00000+0 0  9998
2 48859  55.3355  13.9822 0011462 209.7509 152.4376  2.00575089 15979
QZS-1R                  
1 49336U 21096A   23223.74525463 -.00000331  00000+0  00000+0 0  9997
2 49336  35.3005  95.2790 0740332 268.7858 355.3268  1.00301615  6575
GSAT0223 (GALILEO 27)   
1 49809U 21116A   23229.86832451 -.00000086  00000+0  00000+0 0  9999
2 49809  57.2772   9.5702 0003056 165.4015 210.3527  1.70476400 10540
GSAT0224 (GALILEO 28)   
1 49810U 21116B   23229.07201722 -.00000089  00000+0  00000+0 0  9998
2 49810  57.2785   9.5898 0002680 153.0389 206.4829  1.70476400 10553
COSMOS 2557             
1 52984U 22075A   23230.32688098 -.00000074  00000+0  00000+0 0  9998
2 52984  64.7654 350.6739 0011264 276.6750  83.2101  2.13102415  8666
COSMOS 2559             
1 54031U 22130A   23229.33026523 -.00000080  00000+0  00000+0 0  9990
2 54031  64.7366 350.8367 0006636 213.5820 146.3859  2.13101632  6631
COSMOS 2564             
1 54377U 22161A   23228.11580311  .00000054  00000+0  00000+0 0  9992
2 54377  64.7579 227.1996 0011253 226.8638 133.0619  2.13102231  5552
NAVSTAR 82 (USA 343)    
1 55268U 23009A   23228.64177917  .00000009  00000+0  00000+0 0  9996
2 55268  55.0925 189.1466 0004042  93.1805  77.3088  2.00557136  4461
BEIDOU-3 G4             
1 56564U 23066A   23229.99407025 -.00000114  00000+0  00000+0 0  9992
2 56564   2.8886 288.8693 0007130 205.3775 349.5964  1.00274212  1037
IRNSS-1J (NVS-01)       
1 56759U 23076A   23229.73908773 -.00000340  00000+0  00000+0 0  9998
2 56759   4.7859 272.3963 0005703 341.1825 107.8888  1.00270855   837
