NAVSTAR 43 (USA 132)    
1 24876U 97035A   23282.49704472  .00000039  00000+0  00000+0 0  9995
2 24876  55.5959 136.9705 0073991  53.0804 307.6859  2.00564433192262
NAVSTAR 47 (USA 150)    
1 26360U 00025A   23282.34352281 -.00000037  00000+0  00000+0 0  9998
2 26360  54.4629  59.1698 0041768 201.2360 138.3813  2.00568469171575
NAVSTAR 51 (USA 166)    
1 27663U 03005A   23282.63011926 -.00000008  00000+0  00000+0 0  9994
2 27663  55.2284 254.0060 0133128  44.8690 120.8365  2.00564036151624
NAVSTAR 52 (USA 168)    
1 27704U 03010A   23282.61760015 -.00000109  00000+0  00000+0 0  9996
2 27704  55.1153   3.9473 0249805 319.5652  56.6510  2.00576788150425
NAVSTAR 54 (USA 177)    
1 28190U 04009A   23282.38588861 -.00000040  00000+0  00000+0 0  9990
2 28190  55.6634 315.0750 0092492 140.2255   5.6356  2.00566372143258
NAVSTAR 56 (USA 180)    
1 28474U 04045A   23282.63454106 -.00000109  00000+0  00000+0 0  9993
2 28474  55.4426   4.2802 0163135 283.3126  96.4023  2.00556149138742
ANIK F1R                
1 28868U 05036A   23282.59068421 -.00000078  00000+0  00000+0 0  9992
2 28868   1.7785  88.5549 0001708  79.0661 315.6977  1.00273288 36611
NAVSTAR 57 (USA 183)    
1 28874U 05038A   23282.22044431 -.00000036  00000+0  00000+0 0  9990
2 28874  55.7142 312.5345 0140250 280.1259 128.7425  2.00573246132146
INMARSAT 4-F2           
1 28899U 05044A   23278.94424344 -.00000024  00000+0  00000+0 0  9990
2 28899   3.8913  40.9277 0006145  43.1630 334.3200  1.00395805 65629
NAVSTAR 58 (USA 190)    
1 29486U 06042A   23282.44892035 -.00000035  00000+0  00000+0 0  9990
2 29486  54.6810 190.2645 0103925  33.3087  81.6799  2.00567928124709
NAVSTAR 59 (USA 192)    
1 29601U 06052A   23282.21265981 -.00000006  00000+0  00000+0 0  9997
2 29601  55.2506 252.9842 0083783  79.4819 281.4464  2.00551441123717
NAVSTAR 60 (USA 196)    
1 32260U 07047A   23282.52710511  .00000046  00000+0  00000+0 0  9998
2 32260  53.4814 120.6815 0152484  71.5183 290.2138  2.00549935117126
COSMOS 2433             
1 32275U 07052A   23281.75764121 -.00000081  00000+0  00000+0 0  9990
2 32275  66.0122 348.7913 0004803 233.6983 126.3158  2.13104224124161
COSMOS 2432             
1 32276U 07052B   23282.36408007 -.00000078  00000+0  00000+0 0  9993
2 32276  66.0265 348.8805 0009322 313.0637  99.1420  2.13103360124160
NAVSTAR 61 (USA 199)    
1 32384U 07062A   23282.58476986 -.00000036  00000+0  00000+0 0  9993
2 32384  55.8468 313.3464 0024519 152.0520  20.7138  2.00560672115824
COSMOS 2434             
1 32393U 07065A   23281.58277572 -.00000014  00000+0  00000+0 0  9991
2 32393  64.3337 225.1427 0001364  68.2237  48.9274  2.13103104122838
COSMOS 2436             
1 32395U 07065C   23282.42909799 -.00000019  00000+0  00000+0 0  9995
2 32395  64.3422 225.1759 0016156 356.7736 185.1263  2.13102764122807
NAVSTAR 62 (USA 201)    
1 32711U 08012A   23281.94148384 -.00000038  00000+0  00000+0 0  9992
2 32711  54.4489 189.1076 0177737 236.0654 122.2680  2.00558392114056
NAVSTAR 64 (USA 206)    
1 35752U 09043A   23282.45178986 -.00000018  00000+0  00000+0 0  9991
2 35752  55.4645  66.3155 0057772  69.9389 315.0033  2.00556080103679
COSMOS 2456             
1 36111U 09070A   23282.36734674  .00000072  00000+0  00000+0 0  9992
2 36111  64.5054 104.6030 0001398 340.2236 177.4972  2.13099251107505
COSMOS 2457             
1 36112U 09070B   23282.45492538  .00000073  00000+0  00000+0 0  9994
2 36112  64.4899 104.4644 0006467 147.0322 208.9374  2.13101424107504
COSMOS 2460             
1 36402U 10007C   23282.55069020 -.00000074  00000+0  00000+0 0  9997
2 36402  65.8737 347.4744 0001937 224.4389 193.8007  2.13106398105814
NAVSTAR 65 (USA 213)    
1 36585U 10022A   23282.50517752 -.00000014  00000+0  00000+0 0  9995
2 36585  54.5505 248.1664 0110540  59.7054 121.1802  2.00563817 97907
BEIDOU-2 IGSO-1         
1 36828U 10036A   23282.35267491 -.00000133  00000+0  00000+0 0  9997
2 36828  54.2334 171.8506 0037651 192.6383 244.4877  1.00300565 48369
QZS-1 (MICHIBIKI-1)     
1 37158U 10045A   23282.05257692  .00000027  00000+0  00000+0 0  9994
2 37158  42.9157 127.2759 0003698 101.2710 260.3085  0.87715749 47783
BEIDOU-2 G4             
1 37210U 10057A   23282.64064961 -.00000116  00000+0  00000+0 0  9996
2 37210   1.2546  62.3947 0007225 163.7105 182.5396  1.00273020 47441
BEIDOU-2 IGSO-2         
1 37256U 10068A   23282.31008235 -.00000173  00000+0  00000+0 0  9997
2 37256  49.3473 283.8797 0031984 213.6368 100.2163  1.00272955 46940
BEIDOU-2 IGSO-3         
1 37384U 11013A   23282.31256153 -.00000170  00000+0  00000+0 0  9991
2 37384  60.9919  49.5567 0028256 176.9796  11.8155  1.00273205 45814
GSAT-8                  
1 37605U 11022A   23282.53563679  .00000079  00000+0  00000+0 0  9992
2 37605   0.0425  48.4222 0007061 204.5445  12.8473  1.00272770 43372
NAVSTAR 66 (USA 232)    
1 37753U 11036A   23282.22940292 -.00000110  00000+0  00000+0 0  9994
2 37753  56.7477  10.1155 0126857  56.3565  11.8124  2.00568993 89584
BEIDOU-2 IGSO-4         
1 37763U 11038A   23282.09273997 -.00000112  00000+0  00000+0 0  9995
2 37763  54.5070 174.4040 0111877 227.7013 103.8950  1.00267213 44798
GSAT0101 (GALILEO-PFM)  
1 37846U 11060A   23280.14549676 -.00000110  00000+0  00000+0 0  9994
2 37846  57.1125   8.4118 0000464  50.4407 309.5924  1.70476001 74343
GSAT0102 (GALILEO-FM2)  
1 37847U 11060B   23282.45114264 -.00000104  00000+0  00000+0 0  9995
2 37847  57.1133   8.3496 0001910 302.6071  78.6515  1.70475477 74398
COSMOS 2476             
1 37867U 11064A   23281.76196713  .00000069  00000+0  00000+0 0  9992
2 37867  64.7843 106.1640 0021289 230.3251  92.5805  2.13101825 92824
COSMOS 2477             
1 37868U 11064B   23282.31988139  .00000074  00000+0  00000+0 0  9992
2 37868  64.7922 106.2148 0018488 230.4485 338.3386  2.13101698 92838
COSMOS 2475             
1 37869U 11064C   23282.32432247  .00000074  00000+0  00000+0 0  9998
2 37869  64.7992 106.2274 0022443 248.9893 281.7232  2.13102010 92840
BEIDOU-2 IGSO-5         
1 37948U 11073A   23282.47211028 -.00000122  00000+0  00000+0 0  9999
2 37948  49.4729 283.5475 0094838 220.8993 138.5788  1.00264905 43292
LUCH-5A                 
1 37951U 11074B   23282.61520208 -.00000048  00000+0  00000+0 0  9990
2 37951   6.2329  89.0849 0004199  96.4138 220.8689  1.00271978 43200
BEIDOU-2 G5             
1 38091U 12008A   23282.53642000  .00000053  00000+0  00000+0 0  9995
2 38091   1.7928  68.9556 0005616 180.9692  19.7659  1.00272610 42521
BEIDOU-2 M3             
1 38250U 12018A   23282.10054935 -.00000087  00000+0  00000+0 0  9998
2 38250  56.4918 337.7215 0024726 257.3800 102.4055  1.86231313 77657
BEIDOU-2 M4             
1 38251U 12018B   23282.03184237 -.00000086  00000+0  00000+0 0  9999
2 38251  56.4021 337.0142 0015620 257.9441 101.9429  1.86232031 77652
SES-5                   
1 38652U 12036A   23282.31074722  .00000028  00000+0  00000+0 0  9997
2 38652   0.0510 299.8626 0002139 264.1861 290.4825  1.00272911 34647
BEIDOU-2 M6             
1 38775U 12050B   23282.27857809  .00000043  00000+0  00000+0 0  9996
2 38775  55.7185  95.5955 0010809 340.0386  19.9630  1.86231321 75022
GSAT-10                 
1 38779U 12051B   23282.56230007 -.00000171  00000+0  00000+0 0  9991
2 38779   0.0418  99.0969 0003361 153.4786  50.8028  1.00272760 40279
NAVSTAR 67 (USA 239)    
1 38833U 12053A   23282.11699174 -.00000034  00000+0  00000+0 0  9997
2 38833  53.5103 183.7720 0144292  52.6580 308.6911  2.00567878 79748
GSAT0103 (GALILEO-FM3)  
1 38857U 12055A   23281.94444903  .00000042  00000+0  00000+0 0  9991
2 38857  55.2961 128.5407 0002113 249.1002 110.9679  1.70473827 68267
GSAT0104 (GALILEO-FM4)  
1 38858U 12055B   23281.91385494  .00000041  00000+0  00000+0 0  9997
2 38858  55.2962 128.5430 0001048 141.7604 218.3377  1.70474071 68266
BEIDOU-2 G6             
1 38953U 12059A   23282.56230007 -.00000180  00000+0  00000+0 0  9993
2 38953   1.9145  81.7866 0006789 301.4144 281.2183  1.00271290 40060
LUCH-5B                 
1 38977U 12061A   23282.18174505 -.00000136  00000+0  00000+0 0  9991
2 38977   8.3328  58.8295 0005673 130.1090 237.7392  1.00271503 39770
COSMOS 2485             
1 39155U 13019A   23280.34450181  .00000053  00000+0  00000+0 0  9994
2 39155  64.9438 106.7430 0021824 226.3824 133.4911  2.13101961 81313
NAVSTAR 68 (USA 242)    
1 39166U 13023A   23281.98002542 -.00000031  00000+0  00000+0 0  9993
2 39166  55.3293 308.7261 0115044  41.5712 319.3522  2.00564348 76185
IRNSS-1A                
1 39199U 13034A   23282.04493834  .00000100  00000+0  00000+0 0  9993
2 39199  33.5050  78.1753 0021275 180.1878 190.3023  1.00276605 37522
NAVSTAR 69 (USA 248)    
1 39533U 14008A   23281.98028008 -.00000038  00000+0  00000+0 0  9997
2 39533  53.5969 189.3401 0067076 215.5356 144.0503  2.00553705 69987
ASTRA 5B                
1 39617U 14011B   23282.31431515  .00000131  00000+0  00000+0 0  9996
2 39617   0.0790 303.0168 0003493 276.5330 294.7746  1.00271489 34828
COSMOS 2492             
1 39620U 14012A   23281.70779110 -.00000079  00000+0  00000+0 0  9991
2 39620  65.7574 347.1161 0012478 311.7887  48.1647  2.13103249 74305
IRNSS-1B                
1 39635U 14017A   23281.99910720  .00000094  00000+0  00000+0 0  9993
2 39635  28.6384 257.0834 0018803 190.8720 344.1540  1.00275789 34945
LUCH-5V                 
1 39727U 14023A   23282.59702279 -.00000271  00000+0  00000+0 0  9995
2 39727   2.6624  77.1292 0004156 156.4821  93.9860  1.00269120 34510
NAVSTAR 70 (USA 251)    
1 39741U 14026A   23282.26184655 -.00000110  00000+0  00000+0 0  9992
2 39741  56.6997   9.6362 0030119 309.7126  50.0536  2.00554815 68841
COSMOS 2500             
1 40001U 14032A   23282.35988313 -.00000075  00000+0  00000+0 0  9993
2 40001  65.6954 346.9190 0008538 208.2590 151.7560  2.13105953 72535
NAVSTAR 71 (USA 256)    
1 40105U 14045A   23281.84645250  .00000037  00000+0  00000+0 0  9992
2 40105  54.8259 127.6925 0027044 114.2339 246.1315  2.00549344 66372
GSAT0201 (GALILEO 5)    
1 40128U 14050A   23279.68265073 -.00000064  00000+0  00000+0 0  9994
2 40128  49.9064 313.2721 1607808 141.6024 231.0293  1.85519484 60052
GSAT0202 (GALILEO 6)    
1 40129U 14050B   23282.09788981 -.00000053  00000+0  00000+0 0  9990
2 40129  49.9232 312.2477 1605612 142.5033 229.8758  1.85520188 62267
IRNSS-1C                
1 40269U 14061A   23282.56230007 -.00000164  00000+0  00000+0 0  9993
2 40269   4.0470 111.6342 0019739   6.2033 185.5399  1.00271882 32845
NAVSTAR 72 (USA 258)    
1 40294U 14068A   23282.22123292 -.00000009  00000+0  00000+0 0  9996
2 40294  56.2087  69.0933 0049080  62.7125 297.7952  2.00574174 65511
COSMOS 2501             
1 40315U 14075A   23282.14089498 -.00000019  00000+0  00000+0 0  9999
2 40315  63.6367 224.4472 0019399 209.9017 149.9771  2.13101313 68928
NAVSTAR 73 (USA 260)    
1 40534U 15013A   23282.36013942 -.00000018  00000+0  00000+0 0  9999
2 40534  53.4489 244.8386 0082133  25.9038 334.4834  2.00552482 62139
GSAT0203 (GALILEO 7)    
1 40544U 15017A   23281.09804201 -.00000108  00000+0  00000+0 0  9999
2 40544  56.9071   8.3544 0003651 231.0665 128.9305  1.70476562 52440
GSAT0204 (GALILEO 8)    
1 40545U 15017B   23280.17861038 -.00000110  00000+0  00000+0 0  9992
2 40545  56.9137   8.3939 0004319 222.7050 137.2905  1.70475799 15471
IRNSS-1D                
1 40547U 15018A   23281.83382788 -.00000291  00000+0  00000+0 0  9999
2 40547  28.0048 257.0521 0019039 187.7469 344.3710  1.00272281 31133
BEIDOU-3S IGSO-1S       
1 40549U 15019A   23282.54303372 -.00000117  00000+0  00000+0 0  9990
2 40549  51.0366 307.1560 0040773 197.2509 159.8659  1.00249917 31225
NAVSTAR 74 (USA 262)    
1 40730U 15033A   23282.52200745 -.00000029  00000+0  00000+0 0  9998
2 40730  54.8167 307.3014 0086568  13.9867 346.3044  2.00553367 60306
BEIDOU-3S M2S           
1 40748U 15037A   23282.23425548 -.00000084  00000+0  00000+0 0  9990
2 40748  55.6414 335.5852 0012462 246.1956 113.7360  1.86233363 55836
BEIDOU-3S M1S           
1 40749U 15037B   23282.50440867 -.00000083  00000+0  00000+0 0  9991
2 40749  55.6443 335.5625 0004635 295.6558  64.3595  1.86233057 55849
GSAT0205 (GALILEO 9)    
1 40889U 15045A   23282.29292565 -.00000002  00000+0  00000+0 0  9992
2 40889  55.3460 248.7307 0004171   4.9735 355.0016  1.70473163 50272
GSAT0206 (GALILEO 10)   
1 40890U 15045B   23281.92701790 -.00000002  00000+0  00000+0 0  9998
2 40890  55.3455 248.7362 0002681 339.8660  20.0955  1.70473162 50292
BEIDOU-3S IGSO-2S       
1 40938U 15053A   23282.31491105 -.00000116  00000+0  00000+0 0  9996
2 40938  50.7578 270.3368 0047624 194.7050 122.6201  1.00275502 29508
NAVSTAR 75 (USA 265)    
1 41019U 15062A   23282.07479544 -.00000010  00000+0  00000+0 0  9996
2 41019  56.1917  68.9497 0090688 221.3005 138.0206  2.00562375 58130
GSAT-15                 
1 41028U 15065A   23282.59702279 -.00000264  00000+0  00000+0 0  9991
2 41028   0.0404  96.3161 0002335  96.9438 133.1481  1.00272643 28953
GSAT0209 (GALILEO 12)   
1 41174U 15079A   23282.09864824  .00000043  00000+0  00000+0 0  9992
2 41174  55.3140 128.2436 0002191 344.2402  15.8442  1.70474313 48034
GSAT0208 (GALILEO 11)   
1 41175U 15079B   23279.38534981  .00000021  00000+0  00000+0 0  9995
2 41175  55.3111 128.3163 0001755 354.9595   5.1210  1.70474137 48407
IRNSS-1E                
1 41241U 16003A   23282.35604818 -.00000276  00000+0  00000+0 0  9998
2 41241  31.0581  77.2659 0021078 179.7827   0.7291  1.00275693 28234
NAVSTAR 76 (USA 266)    
1 41328U 16007A   23282.16448073  .00000041  00000+0  00000+0 0  9995
2 41328  55.0292 128.4662 0071945 233.5851 125.8323  2.00574195 56148
COSMOS 2514             
1 41330U 16008A   23282.12236324 -.00000076  00000+0  00000+0 0  9998
2 41330  65.4924 346.4996 0012413 213.4722 146.5103  2.13102736 59690
IRNSS-1F                
1 41384U 16015A   23282.53111163  .00000156  00000+0  00000+0 0  9991
2 41384   3.0050 128.1525 0019109 173.4202 299.9939  1.00267030 27821
BEIDOU-2 IGSO-6         
1 41434U 16021A   23282.34650708 -.00000150  00000+0  00000+0 0  9991
2 41434  58.8068  47.9105 0048462 219.0701 332.2959  1.00276485 27637
IRNSS-1G                
1 41469U 16027A   23282.54007547 -.00000337  00000+0  00000+0 0  9991
2 41469   2.8937 129.7356 0001265 358.3614 213.8296  1.00273061 27338
GSAT0211 (GALILEO 14)   
1 41549U 16030A   23281.26612039  .00000000  00000+0  00000+0 0  9996
2 41549  55.4933 248.7385 0004031 319.7676  40.1762  1.70473231 45892
GSAT0210 (GALILEO 13)   
1 41550U 16030B   23282.14419682 -.00000002  00000+0  00000+0 0  9998
2 41550  55.4919 248.7155 0003753 286.7910  73.1393  1.70473232 45928
COSMOS 2516             
1 41554U 16032A   23280.35912262 -.00000003  00000+0  00000+0 0  9998
2 41554  63.8634 224.9193 0015243 213.8061 146.0891  2.13106430 57266
BEIDOU-2 G7             
1 41586U 16037A   23282.54563253 -.00000357  00000+0  00000+0 0  9995
2 41586   1.9538  68.8725 0006724 337.1845 278.8046  1.00268294 26946
EUTELSAT 117 WEST B     
1 41589U 16038B   23282.58466212 -.00000017  00000+0  00000+0 0  9993
2 41589   0.0155  53.7878 0000194  55.3680   2.2741  1.00271722 26825
GSAT0207 (GALILEO 15)   
1 41859U 16069A   23281.80588433  .00000040  00000+0  00000+0 0  9996
2 41859  54.9769 128.3150 0001971 314.5168  45.5571  1.70474220 42656
GSAT0212 (GALILEO 16)   
1 41860U 16069B   23282.24708683  .00000044  00000+0  00000+0 0  9992
2 41860  54.9746 128.2997 0001946  22.5278 337.5727  1.70474486 42911
GSAT0213 (GALILEO 17)   
1 41861U 16069C   23282.61342533  .00000047  00000+0  00000+0 0  9995
2 41861  54.9771 128.2955 0001899 265.5619  94.5099  1.70473141 42783
GSAT0214 (GALILEO 18)   
1 41862U 16069D   23282.17410765  .00000043  00000+0  00000+0 0  9996
2 41862  54.9751 128.3016 0000942 268.7918  91.2890  1.70472994 42908
SES-15                  
1 42709U 17026A   23282.57701888  .00000055  00000+0  00000+0 0  9997
2 42709   0.0109 111.6916 0000295 101.7207 243.0896  1.00266372 24301
QZS-2 (MICHIBIKI-2)     
1 42738U 17028A   23282.26732294 -.00000204  00000+0  00000+0 0  9999
2 42738  40.9891 257.3693 0747073 270.5559  85.4470  1.00255543 23304
QZS-3 (MICHIBIKI-3)     
1 42917U 17048A   23282.55327274 -.00000353  00000+0  00000+0 0  9995
2 42917   0.0613 214.9060 0001572 345.2883 143.8950  1.00277411 22417
COSMOS 2522             
1 42939U 17055A   23282.43319874 -.00000019  00000+0  00000+0 0  9990
2 42939  64.0973 225.3831 0008656 242.7312 117.1690  2.13102035 47056
QZS-4 (MICHIBIKI-4)     
1 42965U 17062A   23281.55929241 -.00000338  00000+0  00000+0 0  9998
2 42965  40.6218 356.0099 0749991 269.9668  91.8435  1.00271950 21969
BEIDOU-3 M1             
1 43001U 17069A   23282.04487633  .00000042  00000+0  00000+0 0  9997
2 43001  55.8698  95.6667 0007147 298.3077  61.6639  1.86231741 40317
BEIDOU-3 M2             
1 43002U 17069B   23281.98167560  .00000041  00000+0  00000+0 0  9993
2 43002  55.8691  95.7052 0005380 333.0657  26.9501  1.86231249 40302
GSAT0215 (GALILEO 19)   
1 43055U 17079A   23282.07593476 -.00000002  00000+0  00000+0 0  9990
2 43055  55.4692 248.5416 0003347 278.7434  81.1902  1.70473958 36242
GSAT0216 (GALILEO 20)   
1 43056U 17079B   23281.19466296  .00000001  00000+0  00000+0 0  9990
2 43056  55.4702 248.5657 0004923 282.1706  77.7480  1.70474068 36249
GSAT0217 (GALILEO 21)   
1 43057U 17079C   23282.00161132 -.00000002  00000+0  00000+0 0  9995
2 43057  55.4676 248.5425 0004432 294.3072  65.6183  1.70474055 36241
GSAT0218 (GALILEO 22)   
1 43058U 17079D   23282.22166315 -.00000002  00000+0  00000+0 0  9998
2 43058  55.4677 248.5340 0005333 278.8125  81.0982  1.70473997 36272
BEIDOU-3 M7             
1 43107U 18003A   23282.26932344 -.00000086  00000+0  00000+0 0  9990
2 43107  55.0979 336.2852 0002763  72.5754 287.5164  1.86232627 39067
BEIDOU-3 M8             
1 43108U 18003B   23281.13380203 -.00000092  00000+0  00000+0 0  9994
2 43108  55.0915 336.3111 0004651 249.5753 110.4336  1.86231062 39056
BEIDOU-3 M4             
1 43207U 18018A   23281.03899124  .00000033  00000+0  00000+0 0  9990
2 43207  55.8279  95.7979 0004266  20.7343 339.3251  1.86231660 38434
BEIDOU-3 M3             
1 43208U 18018B   23281.64260606  .00000039  00000+0  00000+0 0  9991
2 43208  55.8275  95.7822 0005044 317.0722  42.9317  1.86231633 38447
BEIDOU-3 M9             
1 43245U 18029A   23282.40227470 -.00000082  00000+0  00000+0 0  9990
2 43245  54.9907 334.0114 0001841 238.3661 121.6786  1.86232902 37614
BEIDOU-3 M10            
1 43246U 18029B   23282.33224999 -.00000082  00000+0  00000+0 0  9996
2 43246  54.9880 334.0424 0003035 342.1012  17.9505  1.86233060 37599
IRNSS-1I                
1 43286U 18035A   23282.53572382  .00000111  00000+0  00000+0 0  9993
2 43286  29.3326  89.6283 0021122 176.7797 359.3831  1.00273714 20232
COSMOS 2527             
1 43508U 18053A   23281.92268924  .00000071  00000+0  00000+0 0  9991
2 43508  65.1058 106.7893 0007541 213.3825 146.6287  2.13102522 41346
BEIDOU-2 IGSO-7         
1 43539U 18057A   23282.39518132 -.00000146  00000+0  00000+0 0  9994
2 43539  55.1174 171.5520 0063787 230.3587 231.9890  1.00273218 19308
GSAT0221 (GALILEO 25)   
1 43564U 18060A   23280.94830530 -.00000108  00000+0  00000+0 0  9992
2 43564  57.2883   8.2952 0003676 254.9345 105.0545  1.70476382 32404
GSAT0222 (GALILEO 26)   
1 43565U 18060B   23281.75302228 -.00000106  00000+0  00000+0 0  9999
2 43565  57.2920   8.2745 0004252 224.4666 135.5296  1.70476095 32464
GSAT0219 (GALILEO 23)   
1 43566U 18060C   23281.97530601 -.00000106  00000+0  00000+0 0  9992
2 43566  57.2911   8.2708 0003064 259.3855 100.6106  1.70476335 32449
GSAT0220 (GALILEO 24)   
1 43567U 18060D   23279.26282748 -.00000111  00000+0  00000+0 0  9994
2 43567  57.2907   8.3437 0003304 255.3398 104.6528  1.70476293 32388
BEIDOU-3 M5             
1 43581U 18062A   23281.47854717 -.00000038  00000+0  00000+0 0  9997
2 43581  54.1706 215.7488 0004237 291.2266  68.7186  1.86232033 35333
BEIDOU-3 M6             
1 43582U 18062B   23282.41875677 -.00000041  00000+0  00000+0 0  9995
2 43582  54.1699 215.7064 0005650   9.0182 350.9809  1.86229941 35351
BEIDOU-3 M12            
1 43602U 18067A   23282.35473805 -.00000042  00000+0  00000+0 0  9994
2 43602  54.2575 214.3671 0007425  17.3920 342.6243  1.86231536 34836
BEIDOU-3 M11            
1 43603U 18067B   23281.95162010 -.00000041  00000+0  00000+0 0  9992
2 43603  54.2547 214.3465 0004381   5.5144 354.4819  1.86231497 34850
BEIDOU-3 M13            
1 43622U 18072A   23281.91061851  .00000040  00000+0  00000+0 0  9994
2 43622  55.7981  95.3082 0003982 291.1992  68.8012  1.86231590 34362
BEIDOU-3 M14            
1 43623U 18072B   23281.77607291  .00000039  00000+0  00000+0 0  9991
2 43623  55.8000  95.3056 0002280 349.3315  10.7065  1.86231604 34351
BEIDOU-3 M16            
1 43647U 18078A   23281.93936695 -.00000085  00000+0  00000+0 0  9996
2 43647  54.8872 334.1470 0006046   2.2577 357.8064  1.86227436 33863
BEIDOU-3 M15            
1 43648U 18078B   23280.99515234 -.00000090  00000+0  00000+0 0  9990
2 43648  54.8836 334.1833 0002789   7.1776 352.8855  1.86232380 33870
BEIDOU-3 G1             
1 43683U 18085A   23282.57688400 -.00000283  00000+0  00000+0 0  9993
2 43683   1.5911 122.0029 0001940   7.9553 235.6081  1.00266695 18214
COSMOS 2529             
1 43687U 18086A   23282.02194497 -.00000016  00000+0  00000+0 0  9990
2 43687  64.3127 225.8420 0010365 263.7699  96.1008  2.13102080 38353
BEIDOU-3 M17            
1 43706U 18093A   23282.21689300 -.00000041  00000+0  00000+0 0  9991
2 43706  54.2529 215.6435 0009336 284.8814  75.0046  1.86232120 33251
BEIDOU-3 M18            
1 43707U 18093B   23282.08325793 -.00000041  00000+0  00000+0 0  9990
2 43707  54.2537 215.6398 0007975 313.1490  46.7739  1.86229957 33249
NAVSTAR 77 (USA 289)    
1 43873U 18109A   23282.31109531  .00000042  00000+0  00000+0 0  9998
2 43873  55.2039 130.9825 0026298 189.8922 170.6927  2.00570260 35388
BEIDOU-3 IGSO-1         
1 44204U 19023A   23282.26157946 -.00000203  00000+0  00000+0 0  9990
2 44204  57.2737  47.8764 0024095 196.6126 347.1667  1.00272494 16497
BEIDOU-2 G8             
1 44231U 19027A   23282.60326958 -.00000250  00000+0  00000+0 0  9995
2 44231   2.0446  80.9748 0006942 136.0861 162.6404  1.00273449 16239
COSMOS 2534             
1 44299U 19030A   23282.55596912 -.00000019  00000+0  00000+0 0  9999
2 44299  64.3856 225.7535 0012642 283.9760 259.8402  2.13101978 34000
BEIDOU-3 IGSO-2         
1 44337U 19035A   23281.71467962 -.00000147  00000+0  00000+0 0  9998
2 44337  55.1517 167.4897 0032811 195.6055  30.4696  1.00264190 15811
NAVSTAR 78 (USA 293)    
1 44506U 19056A   23282.43150050 -.00000110  00000+0  00000+0 0  9996
2 44506  55.8254  10.0519 0037958 187.0913 159.4114  2.00566462 30376
BEIDOU-3 M24            
1 44542U 19061A   23282.15468761 -.00000041  00000+0  00000+0 0  9995
2 44542  54.4800 215.8825 0008548 348.4203  11.5491  1.86231599 27501
BEIDOU-3 M23            
1 44543U 19061B   23282.48287313 -.00000041  00000+0  00000+0 0  9994
2 44543  54.4786 215.8405 0005738 335.5953 156.3402  1.86231970 27510
BEIDOU-3 IGSO-3         
1 44709U 19073A   23281.42924500 -.00000145  00000+0  00000+0 0  9995
2 44709  56.4794 291.3919 0034969 190.8565 169.0969  1.00271738 14600
BEIDOU-3 M22            
1 44793U 19078A   23279.85230438 -.00000095  00000+0  00000+0 0  9991
2 44793  54.7368 334.1822 0004783  10.2986 349.7682  1.86232327 26318
BEIDOU-3 M21            
1 44794U 19078B   23281.59364267 -.00000087  00000+0  00000+0 0  9995
2 44794  54.7095 334.1032 0002915 354.2812   5.7758  1.86232796 26350
COSMOS 2544             
1 44850U 19088A   23281.86645468  .00000071  00000+0  00000+0 0  9996
2 44850  65.0918 106.6334 0011144 248.3661 111.5735  2.13102289 29783
BEIDOU-3 M19            
1 44864U 19090A   23282.37520269  .00000043  00000+0  00000+0 0  9991
2 44864  55.7329  95.4773 0015175 273.8347  83.9317  1.86231974 25949
BEIDOU-3 M20            
1 44865U 19090B   23281.43602962  .00000036  00000+0  00000+0 0  9991
2 44865  55.7339  95.5415 0012880 289.2742 248.6007  1.86231916 25914
BEIDOU-3 G2             
1 45344U 20017A   23282.55535522 -.00000145  00000+0  00000+0 0  9998
2 45344   2.0714  18.0102 0003230 186.0767  93.8098  1.00272573 13414
COSMOS 2545             
1 45358U 20018A   23282.53255418 -.00000075  00000+0  00000+0 0  9997
2 45358  64.8325 346.7020 0011203 241.8425 118.1058  2.13102685 27742
BEIDOU-3 G3             
1 45807U 20040A   23282.54563253 -.00000360  00000+0  00000+0 0  9998
2 45807   0.5929 351.4437 0007853 316.0280  17.4521  1.00271560 12220
NAVSTAR 79 (USA 304)    
1 45854U 20041A   23282.53056559 -.00000014  00000+0  00000+0 0  9992
2 45854  55.9139  67.3351 0037531 187.2570 173.8642  2.00562830 24355
GALAXY 30 (G-30)        
1 46114U 20056C   23282.58046545  .00000032  00000+0  00000+0 0  9996
2 46114   0.0189 190.2917 0002572  16.6740 254.9360  1.00270570 11457
COSMOS 2547             
1 46805U 20075A   23282.25207356 -.00000018  00000+0  00000+0 0  9992
2 46805  64.6131 225.3303 0007760 243.5030 116.4062  2.13102883 22980
NAVSTAR 80 (USA 309)    
1 46826U 20078A   23282.15183661 -.00000010  00000+0  00000+0 0  9991
2 46826  54.2961 250.6497 0036667 194.9453 228.3808  2.00562902 21810
NAVSTAR 81 (USA 319)    
1 48859U 21054A   23282.35179406 -.00000110  00000+0  00000+0 0  9999
2 48859  55.3438  11.8243 0013305 215.1391 175.8883  2.00571891 17064
QZS-1R                  
1 49336U 21096A   23281.81855066 -.00000227  00000+0  00000+0 0  9998
2 49336  35.4247  94.3847 0745683 269.9231  82.4859  1.00281499  7166
GSAT0223 (GALILEO 27)   
1 49809U 21116A   23277.29379497 -.00000111  00000+0  00000+0 0  9994
2 49809  57.2820   8.2923 0003651 199.0596 122.7870  1.70476230 11351
GSAT0224 (GALILEO 28)   
1 49810U 21116B   23279.50556902 -.00000111  00000+0  00000+0 0  9990
2 49810  57.2829   8.2311 0002917 191.6737 160.0776  1.70476466 11410
COSMOS 2557             
1 52984U 22075A   23282.41487892 -.00000079  00000+0  00000+0 0  9999
2 52984  64.7503 348.8617 0012908 275.3272  84.5849  2.13102375  9797
COSMOS 2559             
1 54031U 22130A   23282.35697621 -.00000080  00000+0  00000+0 0  9994
2 54031  64.7216 348.9900 0007746 223.3906 136.6073  2.13101614  7768
COSMOS 2564             
1 54377U 22161A   23282.08061971 -.00000017  00000+0  00000+0 0  9994
2 54377  64.7538 225.3954 0009856 223.9249 135.9859  2.13102153  6701
NAVSTAR 82 (USA 343)    
1 55268U 23009A   23281.76908292 -.00000037  00000+0  00000+0 0  9998
2 55268  55.0871 187.0649 0004876  89.1840 280.4218  2.00553528  5543
BEIDOU-3 G4             
1 56564U 23066A   23282.48490259 -.00000121  00000+0  00000+0 0  9994
2 56564   2.7582 288.6710 0005998 223.7812 200.0052  1.00272317  1553
IRNSS-1J (NVS-01)       
1 56759U 23076A   23282.47889803 -.00000350  00000+0  00000+0 0  9991
2 56759   4.6505 271.4055 0007330 347.9005  60.5382  1.00270569  1273
