NAVSTAR 43 (USA 132)    
1 24876U 97035A   23296.95578562  .00000086  00000+0  00000+0 0  9992
2 24876  55.6005 136.4055 0074455  53.3256 307.4360  2.00564365192559
NAVSTAR 47 (USA 150)    
1 26360U 00025A   23297.33193912 -.00000035  00000+0  00000+0 0  9995
2 26360  54.4750  58.5569 0041854 202.3400 159.9219  2.00567166171889
NAVSTAR 51 (USA 166)    
1 27663U 03005A   23297.63516090 -.00000020  00000+0  00000+0 0  9996
2 27663  55.2202 253.4097 0133837  44.9977 155.1236  2.00562997151928
NAVSTAR 52 (USA 168)    
1 27704U 03010A   23297.54750840 -.00000088  00000+0  00000+0 0  9995
2 27704  55.1151   3.3445 0249961 319.7926  36.3010  2.00553307150719
NAVSTAR 54 (USA 177)    
1 28190U 04009A   23297.16578619 -.00000025  00000+0  00000+0 0  9995
2 28190  55.6523 314.4868 0092305 140.7551 237.0343  2.00565648143550
NAVSTAR 56 (USA 180)    
1 28474U 04045A   23297.59075807 -.00000088  00000+0  00000+0 0  9997
2 28474  55.4426   3.6813 0163676 283.8130  94.6120  2.00556429139040
ANIK F1R                
1 28868U 05036A   23297.50327091 -.00000078  00000+0  00000+0 0  9990
2 28868   1.8175  88.3740 0001639  80.2685 297.9143  1.00271299 36762
NAVSTAR 57 (USA 183)    
1 28874U 05038A   23297.13533911 -.00000021  00000+0  00000+0 0  9996
2 28874  55.7026 311.9414 0140419 280.4595  98.1695  2.00571966132449
INMARSAT 4-F2           
1 28899U 05044A   23297.63930493 -.00000355  00000+0  00000+0 0  9991
2 28899   3.9204  41.1332 0003444 194.2918 127.3707  1.00835888 65828
NAVSTAR 58 (USA 190)    
1 29486U 06042A   23296.56489837  .00000006  00000+0  00000+0 0  9997
2 29486  54.6799 189.7050 0104212  33.8205 193.8667  2.00567121124980
NAVSTAR 59 (USA 192)    
1 29601U 06052A   23297.17092199 -.00000015  00000+0  00000+0 0  9997
2 29601  55.2429 252.3908 0084203  79.5106 281.4204  2.00552107124012
NAVSTAR 60 (USA 196)    
1 32260U 07047A   23297.48540305  .00000083  00000+0  00000+0 0  9992
2 32260  53.4893 120.0615 0152768  71.8762 289.8411  2.00549017117428
COSMOS 2433             
1 32275U 07052A   23297.24318604 -.00000048  00000+0  00000+0 0  9995
2 32275  66.0082 348.2761 0005154 239.9933 120.0236  2.13103973124456
COSMOS 2432             
1 32276U 07052B   23297.32820204 -.00000048  00000+0  00000+0 0  9999
2 32276  66.0226 348.3829 0009947 311.8052  60.3383  2.13103124124489
NAVSTAR 61 (USA 199)    
1 32384U 07062A   23297.54661642 -.00000025  00000+0  00000+0 0  9998
2 32384  55.8356 312.7537 0024299 152.3525  23.4390  2.00561157116120
COSMOS 2434             
1 32393U 07065A   23297.10029128 -.00000013  00000+0  00000+0 0  9997
2 32393  64.3316 224.6164 0002073  68.8794  72.8547  2.13102998123165
COSMOS 2436             
1 32395U 07065C   23297.49414021 -.00000016  00000+0  00000+0 0  9994
2 32395  64.3402 224.6652 0016376 359.1330 220.2053  2.13102632123120
NAVSTAR 62 (USA 201)    
1 32711U 08012A   23297.39779949  .00000011  00000+0  00000+0 0  9995
2 32711  54.4479 188.4914 0177851 236.1475 122.2123  2.00558812114360
NAVSTAR 64 (USA 206)    
1 35752U 09043A   23297.38003456 -.00000017  00000+0  00000+0 0  9997
2 35752  55.4769  65.7201 0057378  70.2033 293.2388  2.00554987103971
COSMOS 2456             
1 36111U 09070A   23296.94919473  .00000091  00000+0  00000+0 0  9994
2 36111  64.5122 104.1023 0001215 332.5261 211.7418  2.13099018107810
COSMOS 2457             
1 36112U 09070B   23297.45492753  .00000089  00000+0  00000+0 0  9996
2 36112  64.4966 103.9491 0006587 148.6024 194.8217  2.13101191107827
COSMOS 2460             
1 36402U 10007C   23297.10464414 -.00000046  00000+0  00000+0 0  9999
2 36402  65.8697 346.9876 0002223 239.7901 183.8849  2.13106144106124
NAVSTAR 65 (USA 213)    
1 36585U 10022A   23297.48580226 -.00000022  00000+0  00000+0 0  9993
2 36585  54.5432 247.5621 0111300  59.7668 137.9664  2.00564415 98208
BEIDOU-2 IGSO-1         
1 36828U 10036A   23297.29778889 -.00000111  00000+0  00000+0 0  9990
2 36828  54.2331 171.7153 0037886 191.5991 241.9528  1.00295666 48513
QZS-1 (MICHIBIKI-1)     
1 37158U 10045A   23297.49644309  .00000045  00000+0  00000+0 0  9993
2 37158  42.9376 127.1031 0003894 117.9030  80.6686  0.87714767 47919
BEIDOU-2 G4             
1 37210U 10057A   23297.58104807 -.00000116  00000+0  00000+0 0  9999
2 37210   1.2886  63.0081 0007483 166.7661 172.1677  1.00271247 47593
BEIDOU-2 IGSO-2         
1 37256U 10068A   23297.20521720 -.00000193  00000+0  00000+0 0  9992
2 37256  49.3214 283.7016 0031553 214.5037  76.2084  1.00267149 47091
BEIDOU-2 IGSO-3         
1 37384U 11013A   23297.25413150 -.00000188  00000+0  00000+0 0  9991
2 37384  61.0117  49.4132 0028424 178.1184   4.2212  1.00268409 45961
GSAT-8                  
1 37605U 11022A   23297.38104977  .00000079  00000+0  00000+0 0  9993
2 37605   0.0208 248.9888 0007719 359.7965 336.0293  1.00272450 43529
NAVSTAR 66 (USA 232)    
1 37753U 11036A   23297.60335562 -.00000090  00000+0  00000+0 0  9997
2 37753  56.7494   9.5194 0126862  56.3095 312.8296  2.00568850 89892
BEIDOU-2 IGSO-4         
1 37763U 11038A   23297.63667763 -.00000038  00000+0  00000+0 0  9996
2 37763  54.5067 174.2653 0111959 227.3409 315.0671  1.00263391 44956
GSAT0101 (GALILEO-PFM)  
1 37846U 11060A   23295.98329858 -.00000086  00000+0  00000+0 0  9992
2 37846  57.1138   7.9830 0000465 338.2572  21.7892  1.70475734 74612
GSAT0102 (GALILEO-FM2)  
1 37847U 11060B   23297.15109233 -.00000090  00000+0  00000+0 0  9992
2 37847  57.1145   7.9513 0002350 299.7323 103.1827  1.70475153 74640
COSMOS 2476             
1 37867U 11064A   23297.34569325  .00000093  00000+0  00000+0 0  9993
2 37867  64.7913 105.6349 0021508 230.0105 168.1738  2.13101610 93166
COSMOS 2477             
1 37868U 11064B   23296.67186101  .00000095  00000+0  00000+0 0  9998
2 37868  64.7983 105.7276 0018705 230.0329 189.0732  2.13101475 93140
COSMOS 2475             
1 37869U 11064C   23297.33527727  .00000093  00000+0  00000+0 0  9994
2 37869  64.8056 105.7178 0022622 248.4854 278.1031  2.13101758 93161
BEIDOU-2 IGSO-5         
1 37948U 11073A   23297.30369976 -.00000140  00000+0  00000+0 0  9993
2 37948  49.4471 283.3707 0094525 221.2226  91.7873  1.00260668 43432
LUCH-5A                 
1 37951U 11074B   23297.24540108 -.00000047  00000+0  00000+0 0  9995
2 37951   6.2709  88.8406 0004069 105.8290  93.0135  1.00272099 43355
BEIDOU-2 G5             
1 38091U 12008A   23297.51281914  .00000053  00000+0  00000+0 0  9992
2 38091   1.8288  69.1826 0006598 185.1514  21.7269  1.00266705 42678
BEIDOU-2 M3             
1 38250U 12018A   23296.59835696 -.00000057  00000+0  00000+0 0  9994
2 38250  56.4841 337.2398 0025117 258.5661 101.2134  1.86231025 77927
BEIDOU-2 M4             
1 38251U 12018B   23297.06654336 -.00000057  00000+0  00000+0 0  9998
2 38251  56.3938 336.5136 0016012 259.6718 100.2095  1.86231749 77934
SES-5                   
1 38652U 12036A   23297.28482233  .00000028  00000+0  00000+0 0  9999
2 38652   0.0490 298.4497 0001984 270.0315 291.4892  1.00270415 34790
BEIDOU-2 M6             
1 38775U 12050B   23296.23930369  .00000064  00000+0  00000+0 0  9993
2 38775  55.7299  95.1281 0010586 338.8360  21.1388  1.86231049 75285
GSAT-10                 
1 38779U 12051B   23297.63301992 -.00000171  00000+0  00000+0 0  9997
2 38779   0.0297 254.7243 0003950 349.2088  99.7440  1.00270957 40426
NAVSTAR 67 (USA 239)    
1 38833U 12053A   23297.07399196  .00000016  00000+0  00000+0 0  9998
2 38833  53.5098 183.1605 0145248  52.9908 308.4015  2.00567953 80048
GSAT0103 (GALILEO-FM3)  
1 38857U 12055A   23297.19562726  .00000078  00000+0  00000+0 0  9998
2 38857  55.3033 128.1213 0002068 241.6623 118.3906  1.70473557 68528
GSAT0104 (GALILEO-FM4)  
1 38858U 12055B   23294.81866630  .00000071  00000+0  00000+0 0  9999
2 38858  55.3019 128.1881 0001297 143.4630 216.6147  1.70473816 68598
BEIDOU-2 G6             
1 38953U 12059A   23297.63232876 -.00000178  00000+0  00000+0 0  9990
2 38953   1.9532  81.7325 0006786 297.3063 325.3164  1.00267305 40218
LUCH-5B                 
1 38977U 12061A   23297.13724100 -.00000135  00000+0  00000+0 0  9993
2 38977   8.3658  58.7083 0005571 134.7695 231.9447  1.00271382 39927
COSMOS 2485             
1 39155U 13019A   23296.76859441  .00000095  00000+0  00000+0 0  9995
2 39155  64.9510 106.1886 0022039 226.0342 133.8184  2.13101735 81667
NAVSTAR 68 (USA 242)    
1 39166U 13023A   23297.43596048 -.00000021  00000+0  00000+0 0  9998
2 39166  55.3171 308.1055 0115614  41.5295 319.3806  2.00564064 76498
IRNSS-1A                
1 39199U 13034A   23296.02202184  .00000100  00000+0  00000+0 0  9992
2 39199  33.5376  77.9692 0021985 179.5635 196.6326  1.00269010 37665
NAVSTAR 69 (USA 248)    
1 39533U 14008A   23296.93830322  .00000007  00000+0  00000+0 0  9993
2 39533  53.5960 188.7309 0067056 215.4032 144.2134  2.00554394 70288
ASTRA 5B                
1 39617U 14011B   23297.50342317  .00000131  00000+0  00000+0 0  9994
2 39617   0.0648 308.2935 0003596 280.6534   8.4435  1.00270583 34970
COSMOS 2492             
1 39620U 14012A   23297.19339107 -.00000046  00000+0  00000+0 0  9993
2 39620  65.7530 346.5959 0013109 310.9174  49.0376  2.13103013 74631
IRNSS-1B                
1 39635U 14017A   23296.94354903  .00000084  00000+0  00000+0 0  9998
2 39635  28.6084 256.8320 0018527 188.6467 341.3067  1.00271717 35092
LUCH-5V                 
1 39727U 14023A   23297.63678516 -.00000273  00000+0  00000+0 0  9994
2 39727   2.7013  77.0751 0003899 163.3235 116.4044  1.00271842 34666
NAVSTAR 70 (USA 251)    
1 39741U 14026A   23297.22009016 -.00000088  00000+0  00000+0 0  9995
2 39741  56.7011   9.0562 0030692 309.5077  50.2674  2.00553483 69143
COSMOS 2500             
1 40001U 14032A   23297.37601911 -.00000046  00000+0  00000+0 0  9995
2 40001  65.6911 346.4134 0008583 212.3478 147.6679  2.13105781 72851
NAVSTAR 71 (USA 256)    
1 40105U 14045A   23297.30343089  .00000088  00000+0  00000+0 0  9991
2 40105  54.8326 127.0749 0027372 114.7279 245.6252  2.00550106 66683
GSAT0201 (GALILEO 5)    
1 40128U 14050A   23295.31348702 -.00000031  00000+0  00000+0 0  9997
2 40128  49.8926 312.6464 1607282 142.1923 230.2868  1.85519251 60348
GSAT0202 (GALILEO 6)    
1 40129U 14050B   23296.65067882 -.00000036  00000+0  00000+0 0  9998
2 40129  49.9103 311.6654 1605222 143.0527 229.1800  1.85519930 62539
IRNSS-1C                
1 40269U 14061A   23297.56958740 -.00000162  00000+0  00000+0 0  9998
2 40269   4.0841 111.1805 0019096   7.2130 202.3452  1.00269477 32992
NAVSTAR 72 (USA 258)    
1 40294U 14068A   23296.67930649 -.00000003  00000+0  00000+0 0  9996
2 40294  56.2207  68.5275 0048953  62.8724 297.6238  2.00574899 65804
COSMOS 2501             
1 40315U 14075A   23296.21871910 -.00000006  00000+0  00000+0 0  9996
2 40315  63.6347 223.9573 0019085 208.9450 150.9610  2.13101161 69223
NAVSTAR 73 (USA 260)    
1 40534U 15013A   23297.31828498 -.00000023  00000+0  00000+0 0  9996
2 40534  53.4414 244.2193 0083008  26.2990 334.1036  2.00551468 62437
GSAT0203 (GALILEO 7)    
1 40544U 15017A   23296.93580114 -.00000090  00000+0  00000+0 0  9992
2 40544  56.9097   7.9233 0006196 247.5542 112.4278  1.70476155 52716
GSAT0204 (GALILEO 8)    
1 40545U 15017B   23297.18958646 -.00000091  00000+0  00000+0 0  9991
2 40545  56.9153   7.9309 0004669 229.7124 130.2944  1.70475527 15769
IRNSS-1D                
1 40547U 15018A   23297.30605584 -.00000305  00000+0  00000+0 0  9996
2 40547  27.9727 256.7898 0018904 184.9312 172.6978  1.00276708 31286
BEIDOU-3S IGSO-1S       
1 40549U 15019A   23297.52885325 -.00000134  00000+0  00000+0 0  9996
2 40549  51.0117 306.9804 0037441 195.8582 170.6546  1.00299478 31380
NAVSTAR 74 (USA 262)    
1 40730U 15033A   23296.48295694 -.00000014  00000+0  00000+0 0  9999
2 40730  54.8055 306.7340 0087283  14.0722 346.2050  2.00552411 60589
BEIDOU-3S M2S           
1 40748U 15037A   23297.26881771 -.00000058  00000+0  00000+0 0  9994
2 40748  55.6329 335.0753 0012773 248.8165 111.1076  1.86232987 56111
BEIDOU-3S M1S           
1 40749U 15037B   23297.00203638 -.00000057  00000+0  00000+0 0  9996
2 40749  55.6361 335.0707 0005244 297.2682  62.7390  1.86232760 56113
GSAT0205 (GALILEO 9)    
1 40889U 15045A   23295.78446084  .00000002  00000+0  00000+0 0  9996
2 40889  55.3387 248.3587 0004431   9.9321 350.0576  1.70472856 50501
GSAT0206 (GALILEO 10)   
1 40890U 15045B   23297.17829600 -.00000012  00000+0  00000+0 0  9994
2 40890  55.3368 248.3157 0002904 350.6789   9.2892  1.70472899 50558
BEIDOU-3S IGSO-2S       
1 40938U 15053A   23297.25239656 -.00000141  00000+0  00000+0 0  9994
2 40938  50.7351 270.1657 0047229 194.8290 114.8268  1.00271189 29653
NAVSTAR 75 (USA 265)    
1 41019U 15062A   23297.03232973 -.00000006  00000+0  00000+0 0  9996
2 41019  56.2041  68.3646 0091413 221.5561 137.7449  2.00562107 58436
GSAT-15                 
1 41028U 15065A   23297.63867521 -.00000264  00000+0  00000+0 0  9994
2 41028   0.0651 266.1476 0003636 285.9701 164.1295  1.00271358 29108
GSAT0209 (GALILEO 12)   
1 41174U 15079A   23297.34977624  .00000078  00000+0  00000+0 0  9997
2 41174  55.3212 127.8244 0001942 346.3264  13.7419  1.70474121 48294
GSAT0208 (GALILEO 11)   
1 41175U 15079B   23295.22307543  .00000072  00000+0  00000+0 0  9994
2 41175  55.3185 127.8809 0001370   1.8276 358.2420  1.70474054 48836
IRNSS-1E                
1 41241U 16003A   23297.30614286 -.00000277  00000+0  00000+0 0  9990
2 41241  31.0932  77.0412 0021405 180.9387 356.4981  1.00268578 28385
NAVSTAR 76 (USA 266)    
1 41328U 16007A   23296.12394568  .00000082  00000+0  00000+0 0  9990
2 41328  55.0352 127.9114 0072326 233.5590 125.8380  2.00573329 56427
COSMOS 2514             
1 41330U 16008A   23297.60798817 -.00000046  00000+0  00000+0 0  9994
2 41330  65.4878 345.9743 0012535 216.6255 143.3573  2.13102458 60029
IRNSS-1F                
1 41384U 16015A   23297.50516362  .00000157  00000+0  00000+0 0  9995
2 41384   3.0368 127.4526 0019751 174.0981 305.4028  1.00275123 27970
BEIDOU-2 IGSO-6         
1 41434U 16021A   23297.25049726 -.00000167  00000+0  00000+0 0  9997
2 41434  58.8270  47.7602 0048970 219.4724 312.0802  1.00272491 27787
IRNSS-1G                
1 41469U 16027A   23297.59439733 -.00000337  00000+0  00000+0 0  9998
2 41469   2.9251 128.9982 0000721  17.6343 229.5528  1.00265225 27485
GSAT0211 (GALILEO 14)   
1 41549U 16030A   23295.34423903  .00000006  00000+0  00000+0 0  9996
2 41549  55.4854 248.3519 0004068 327.5139  32.4437  1.70472977 46159
GSAT0210 (GALILEO 13)   
1 41550U 16030B   23296.22227779 -.00000002  00000+0  00000+0 0  9996
2 41550  55.4843 248.3288 0003565 291.2220  68.7188  1.70473230 46160
COSMOS 2516             
1 41554U 16032A   23294.43662055  .00000017  00000+0  00000+0 0  9998
2 41554  63.8614 224.4334 0015044 213.1460 146.7768  2.13106250 57564
BEIDOU-2 G7             
1 41586U 16037A   23297.64776086 -.00000358  00000+0  00000+0 0  9993
2 41586   1.9902  69.0573 0007035 339.5496 327.9735  1.00271369 27094
EUTELSAT 117 WEST B     
1 41589U 16038B   23297.50327091 -.00000017  00000+0  00000+0 0  9992
2 41589   0.0105  88.4376 0000134 176.1599 192.2444  1.00271996 26972
GSAT0207 (GALILEO 15)   
1 41859U 16069A   23295.88383233  .00000073  00000+0  00000+0 0  9996
2 41859  54.9838 127.9246 0001704 311.6159  48.4400  1.70474091 42891
GSAT0212 (GALILEO 16)   
1 41860U 16069B   23296.32501703  .00000074  00000+0  00000+0 0  9993
2 41860  54.9818 127.9092 0001794  30.0359 330.0460  1.70474308 43150
GSAT0213 (GALILEO 17)   
1 41861U 16069C   23297.27805557  .00000077  00000+0  00000+0 0  9996
2 41861  54.9842 127.8889 0001793 257.6948 102.3587  1.70472921 43037
GSAT0214 (GALILEO 18)   
1 41862U 16069D   23295.07897945  .00000071  00000+0  00000+0 0  9999
2 41862  54.9813 127.9438 0000845 252.1903 107.8693  1.70472848 43121
SES-15                  
1 42709U 17026A   23297.47305226  .00000055  00000+0  00000+0 0  9998
2 42709   0.0258  22.0871 0000376 163.9537 247.7347  1.00268126 24443
QZS-2 (MICHIBIKI-2)     
1 42738U 17028A   23296.76368928 -.00000207  00000+0  00000+0 0  9991
2 42738  40.9652 257.1634 0744739 270.7505 277.3935  1.00251405 23447
QZS-3 (MICHIBIKI-3)     
1 42917U 17048A   23297.65733660 -.00000354  00000+0  00000+0 0  9993
2 42917   0.0532 178.9917 0001636  36.1693 181.3458  1.00268305 22561
COSMOS 2522             
1 42939U 17055A   23296.98025246 -.00000013  00000+0  00000+0 0  9996
2 42939  64.0953 224.8853 0007997 241.9113 118.0157  2.13101937 47361
QZS-4 (MICHIBIKI-4)     
1 42965U 17062A   23297.48104789 -.00000317  00000+0  00000+0 0  9996
2 42965  40.6156 355.8078 0750161 270.2572  78.9424  1.00266415 22116
BEIDOU-3 M1             
1 43001U 17069A   23296.54253614  .00000064  00000+0  00000+0 0  9991
2 43001  55.8815  95.1837 0007226 294.1465  65.7964  1.86231181 40588
BEIDOU-3 M2             
1 43002U 17069B   23297.01631644  .00000062  00000+0  00000+0 0  9996
2 43002  55.8811  95.2037 0005199 329.8048  30.1830  1.86230981 40583
GSAT0215 (GALILEO 19)   
1 43055U 17079A   23296.15399381 -.00000001  00000+0  00000+0 0  9992
2 43055  55.4611 248.1548 0003012 286.5083  73.4378  1.70473656 36483
GSAT0216 (GALILEO 20)   
1 43056U 17079B   23297.03245124 -.00000010  00000+0  00000+0 0  9996
2 43056  55.4614 248.1304 0004581 287.4519  72.4724  1.70473782 36511
GSAT0217 (GALILEO 21)   
1 43057U 17079C   23296.07966229 -.00000001  00000+0  00000+0 0  9996
2 43057  55.4598 248.1557 0004277 299.8886  60.0486  1.70473767 36486
GSAT0218 (GALILEO 22)   
1 43058U 17079D   23296.29971091 -.00000003  00000+0  00000+0 0  9996
2 43058  55.4599 248.1472 0005019 282.6506  77.2718  1.70473745 36516
BEIDOU-3 M7             
1 43107U 18003A   23296.23001571 -.00000057  00000+0  00000+0 0  9999
2 43107  55.0901 335.8056 0002585  67.2913 292.7958  1.86232311 39321
BEIDOU-3 M8             
1 43108U 18003B   23296.70547615 -.00000058  00000+0  00000+0 0  9997
2 43108  55.0828 335.7761 0004862 253.3051 106.7016  1.86230756 39345
BEIDOU-3 M4             
1 43207U 18018A   23296.61055932  .00000064  00000+0  00000+0 0  9995
2 43207  55.8401  95.2787 0003714  19.1876 340.8449  1.86231122 38724
BEIDOU-3 M3             
1 43208U 18018B   23296.67722056  .00000064  00000+0  00000+0 0  9990
2 43208  55.8397  95.2809 0004941 311.0679  48.9078  1.86231124 38728
BEIDOU-3 M9             
1 43245U 18029A   23295.82599303 -.00000053  00000+0  00000+0 0  9995
2 43245  54.9829 333.5495 0001985 247.6997 112.3380  1.86232277 37866
BEIDOU-3 M10            
1 43246U 18029B   23295.75595250 -.00000053  00000+0  00000+0 0  9995
2 43246  54.9801 333.5801 0003280 339.4779  20.5677  1.86232730 37847
IRNSS-1I                
1 43286U 18035A   23297.50968880  .00000111  00000+0  00000+0 0  9998
2 43286  29.3677  89.3929 0021698 178.0899   3.8331  1.00277253 20385
COSMOS 2527             
1 43508U 18053A   23296.93896302  .00000096  00000+0  00000+0 0  9992
2 43508  65.1121 106.2857 0007749 212.9352 147.0511  2.13102311 41668
BEIDOU-2 IGSO-7         
1 43539U 18057A   23297.58137721 -.00000118  00000+0  00000+0 0  9991
2 43539  55.1176 171.4188 0063674 229.7017 314.6038  1.00267788 19458
GSAT0221 (GALILEO 25)   
1 43564U 18060A   23295.02634225 -.00000083  00000+0  00000+0 0  9992
2 43564  57.2894   7.9156 0004506 259.9422 100.0570  1.70475870 32642
GSAT0222 (GALILEO 26)   
1 43565U 18060B   23297.00424360 -.00000090  00000+0  00000+0 0  9998
2 43565  57.2930   7.8633 0004550 230.9512 129.0563  1.70475730 32728
GSAT0219 (GALILEO 23)   
1 43566U 18060C   23297.22650586 -.00000090  00000+0  00000+0 0  9994
2 43566  57.2923   7.8594 0003440 262.7869  97.2220  1.70476024 32703
GSAT0220 (GALILEO 24)   
1 43567U 18060D   23296.27378752 -.00000087  00000+0  00000+0 0  9997
2 43567  57.2918   7.8856 0003730 258.6812 101.3252  1.70475673 32670
BEIDOU-3 M5             
1 43581U 18062A   23297.05005535 -.00000020  00000+0  00000+0 0  9995
2 43581  54.1665 215.2185 0003616 298.3443  61.6374  1.86231725 35621
BEIDOU-3 M6             
1 43582U 18062B   23296.91653501 -.00000020  00000+0  00000+0 0  9992
2 43582  54.1661 215.2127 0005942  15.7345 344.3024  1.86229640 35626
BEIDOU-3 M12            
1 43602U 18067A   23297.38933539 -.00000020  00000+0  00000+0 0  9994
2 43602  54.2541 213.8563 0007626  20.0293 340.0206  1.86231394 35115
BEIDOU-3 M11            
1 43603U 18067B   23296.98621945 -.00000019  00000+0  00000+0 0  9993
2 43603  54.2512 213.8356 0004504  10.1378 349.8920  1.86231353 35137
BEIDOU-3 M13            
1 43622U 18072A   23296.94523365  .00000062  00000+0  00000+0 0  9990
2 43622  55.8102  94.8058 0004070 286.3476  73.6250  1.86231255 34644
BEIDOU-3 M14            
1 43623U 18072B   23297.34763889  .00000060  00000+0  00000+0 0  9991
2 43623  55.8125  94.7851 0002034 342.7674  17.2421  1.86231262 34647
BEIDOU-3 M16            
1 43647U 18078A   23296.97436509 -.00000056  00000+0  00000+0 0  9993
2 43647  54.8782 333.6281 0006245 359.9808   0.0785  1.86227123 34149
BEIDOU-3 M15            
1 43648U 18078B   23297.10365208 -.00000057  00000+0  00000+0 0  9998
2 43648  54.8739 333.6271 0002989   1.3077 358.7524  1.86232083 34165
BEIDOU-3 G1             
1 43683U 18085A   23297.59949999 -.00000281  00000+0  00000+0 0  9992
2 43683   1.6253 121.0513 0002368   5.9857 261.6380  1.00271734 18368
COSMOS 2529             
1 43687U 18086A   23297.03826584 -.00000013  00000+0  00000+0 0  9993
2 43687  64.3106 225.3322 0009685 264.5230  95.3735  2.13101960 38678
BEIDOU-3 M17            
1 43706U 18093A   23297.25145250 -.00000021  00000+0  00000+0 0  9990
2 43706  54.2490 215.1326 0008711 287.0344  72.8881  1.86231802 33530
BEIDOU-3 M18            
1 43707U 18093B   23296.58104007 -.00000018  00000+0  00000+0 0  9997
2 43707  54.2498 215.1472 0007600 317.5766  42.3843  1.86229653 33513
NAVSTAR 77 (USA 289)    
1 43873U 18109A   23297.52570175  .00000090  00000+0  00000+0 0  9996
2 43873  55.2106 130.3816 0026792 189.8051 356.8854  2.00570283 35684
BEIDOU-3 IGSO-1         
1 44204U 19023A   23296.77632778 -.00000218  00000+0  00000+0 0  9998
2 44204  57.2936  47.7252 0024412 197.2057 186.0136  1.00267124 16644
BEIDOU-2 G8             
1 44231U 19027A   23297.60031421 -.00000251  00000+0  00000+0 0  9990
2 44231   1.3658  70.9063 0004592 152.8820 169.6185  1.00274423 16387
COSMOS 2534             
1 44299U 19030A   23297.03152558 -.00000013  00000+0  00000+0 0  9996
2 44299  64.3833 225.2635 0012056 285.6703 203.3035  2.13101706 34315
BEIDOU-3 IGSO-2         
1 44337U 19035A   23297.53973137 -.00000114  00000+0  00000+0 0  9995
2 44337  55.1526 167.3503 0033033 194.6934 343.4360  1.00258522 15970
NAVSTAR 78 (USA 293)    
1 44506U 19056A   23296.35326491 -.00000087  00000+0  00000+0 0  9999
2 44506  55.8267   9.5009 0038271 187.6363 131.1697  2.00566172 30653
BEIDOU-3 M24            
1 44542U 19061A   23297.18929825 -.00000021  00000+0  00000+0 0  9995
2 44542  54.4764 215.3743 0008606 353.2890   6.7170  1.86231437 27786
BEIDOU-3 M23            
1 44543U 19061B   23296.57357892 -.00000017  00000+0  00000+0 0  9992
2 44543  54.4749 215.3644 0005630 342.5664 236.5775  1.86231676 27772
BEIDOU-3 IGSO-3         
1 44709U 19073A   23296.38864661 -.00000159  00000+0  00000+0 0  9992
2 44709  56.4554 291.2339 0034773 190.8572 169.0619  1.00267146 14756
BEIDOU-3 M22            
1 44793U 19078A   23297.57165472 -.00000059  00000+0  00000+0 0  9995
2 44793  54.7262 333.5684 0004997   6.0568 354.0086  1.86232014 26642
BEIDOU-3 M21            
1 44794U 19078B   23296.62819894 -.00000056  00000+0  00000+0 0  9992
2 44794  54.7005 333.5820 0003143 350.5467   9.5063  1.86232481 26631
COSMOS 2544             
1 44850U 19088A   23297.35200421  .00000094  00000+0  00000+0 0  9998
2 44850  65.0985 106.1137 0011302 247.4636 112.4504  2.13102077 30119
BEIDOU-3 M19            
1 44864U 19090A   23297.07860882  .00000061  00000+0  00000+0 0  9992
2 44864  55.7444  94.9856 0015456 272.4342 223.2628  1.86231421 26228
BEIDOU-3 M20            
1 44865U 19090B   23297.27716434  .00000060  00000+0  00000+0 0  9997
2 44865  55.7466  95.0119 0013030 287.1973  71.3997  1.86231394 26204
BEIDOU-3 G2             
1 45344U 20017A   23297.56938762 -.00000145  00000+0  00000+0 0  9998
2 45344   2.0822  18.7889 0003289 195.5620 103.3719  1.00269184 13567
COSMOS 2545             
1 45358U 20018A   23297.07962514 -.00000047  00000+0  00000+0 0  9993
2 45358  64.8283 346.1967 0011574 244.2642 115.6837  2.13102446 28055
BEIDOU-3 G3             
1 45807U 20040A   23297.64785304 -.00000361  00000+0  00000+0 0  9999
2 45807   0.5866 354.9935 0008979 313.6538  67.9279  1.00275616 12383
NAVSTAR 79 (USA 304)    
1 45854U 20041A   23297.48304647 -.00000014  00000+0  00000+0 0  9996
2 45854  55.9259  66.7462 0038187 187.9696 169.4978  2.00561915 24646
GALAXY 30 (G-30)        
1 46114U 20056C   23297.47383546  .00000032  00000+0  00000+0 0  9995
2 46114   0.0141 222.6941 0002901 352.1750 223.3320  1.00270588 11597
COSMOS 2547             
1 46805U 20075A   23297.26835379 -.00000014  00000+0  00000+0 0  9997
2 46805  64.6110 224.8264 0007273 242.8444 117.0884  2.13102717 23309
NAVSTAR 80 (USA 309)    
1 46826U 20078A   23297.26184240 -.00000019  00000+0  00000+0 0  9992
2 46826  54.2879 250.0368 0036907 194.8161 338.7168  2.00562588 22110
NAVSTAR 81 (USA 319)    
1 48859U 21054A   23297.26512556 -.00000091  00000+0  00000+0 0  9990
2 48859  55.3458  11.2268 0013633 216.3904 143.1875  2.00570459 17354
QZS-1R                  
1 49336U 21096A   23297.30910163 -.00000192  00000+0  00000+0 0  9990
2 49336  35.4576  94.1495 0747507 270.1575 274.6353  1.00275088  7318
GSAT0223 (GALILEO 27)   
1 49809U 21116A   23297.30722809 -.00000090  00000+0  00000+0 0  9993
2 49809  57.2834   7.7533 0003655 202.9935 161.5686  1.70475886 11703
GSAT0224 (GALILEO 28)   
1 49810U 21116B   23296.52544486 -.00000088  00000+0  00000+0 0  9998
2 49810  57.2840   7.7729 0002961 199.3735 157.8764  1.70475916 11704
COSMOS 2557             
1 52984U 22075A   23296.96197401 -.00000051  00000+0  00000+0 0  9998
2 52984  64.7464 348.3548 0013345 275.9751  83.9395  2.13102075 10108
COSMOS 2559             
1 54031U 22130A   23297.37338534 -.00000051  00000+0  00000+0 0  9995
2 54031  64.7178 348.4663 0007904 226.4519 133.5494  2.13101339  8089
COSMOS 2564             
1 54377U 22161A   23297.09695009 -.00000013  00000+0  00000+0 0  9992
2 54377  64.7518 224.8941 0009280 221.9156 138.0209  2.13102127  7025
NAVSTAR 82 (USA 343)    
1 55268U 23009A   23297.46147824  .00000015  00000+0  00000+0 0  9993
2 55268  55.0860 186.4498 0005159  89.3864  90.3503  2.00552076  5855
BEIDOU-3 G4             
1 56564U 23066A   23297.45895458 -.00000122  00000+0  00000+0 0  9998
2 56564   2.7206 288.6203 0005836 225.9333 203.3138  1.00270632  1702
IRNSS-1J (NVS-01)       
1 56759U 23076A   23297.65713679 -.00000349  00000+0  00000+0 0  9992
2 56759   4.6116 271.1218 0006997 343.0287 144.7388  1.00275967  1421
