NAVSTAR 43 (USA 132)    
1 24876U 97035A   23268.03827456  .00000030  00000+0  00000+0 0  9998
2 24876  55.5919 137.5358 0073439  52.7986 307.9580  2.00564124191971
NAVSTAR 47 (USA 150)    
1 26360U 00025A   23268.40965743 -.00000010  00000+0  00000+0 0  9993
2 26360  54.4510  59.7399 0041690 200.3239 158.0545  2.00569195171294
NAVSTAR 51 (USA 166)    
1 27663U 03005A   23268.56970064  .00000035  00000+0  00000+0 0  9996
2 27663  55.2357 254.5652 0132568  44.7715  48.5426  2.00564698151348
NAVSTAR 52 (USA 168)    
1 27704U 03010A   23268.08073638 -.00000088  00000+0  00000+0 0  9995
2 27704  55.1154   4.5343 0249266 319.2157   0.0145  2.00575775150126
NAVSTAR 54 (USA 177)    
1 28190U 04009A   23268.31944751 -.00000024  00000+0  00000+0 0  9993
2 28190  55.6742 315.6350 0092659 139.6543 289.4131  2.00566555142971
NAVSTAR 56 (USA 180)    
1 28474U 04045A   23268.08148328 -.00000087  00000+0  00000+0 0  9997
2 28474  55.4428   4.8628 0162576 282.8623  29.2635  2.00555297138443
ANIK F1R                
1 28868U 05036A   23268.60681667 -.00000084  00000+0  00000+0 0  9998
2 28868   1.7411  88.7425 0002004  70.7682 315.8162  1.00271639 36473
NAVSTAR 57 (USA 183)    
1 28874U 05038A   23268.27975650 -.00000018  00000+0  00000+0 0  9995
2 28874  55.7252 313.0892 0140029 279.8498 142.6661  2.00573948131869
INMARSAT 4-F2           
1 28899U 05044A   23268.49355684  .00000002  00000+0  00000+0 0  9994
2 28899   3.8772  40.8043 0002875 150.5745  54.2846  1.00271161 65530
NAVSTAR 58 (USA 190)    
1 29486U 06042A   23268.60749130 -.00000013  00000+0  00000+0 0  9995
2 29486  54.6824 190.8130 0103608  32.8077 167.6934  2.00568487124426
NAVSTAR 59 (USA 192)    
1 29601U 06052A   23268.25158142  .00000039  00000+0  00000+0 0  9990
2 29601  55.2574 253.5387 0083495  79.4347 281.5068  2.00550620123437
NAVSTAR 60 (USA 196)    
1 32260U 07047A   23268.06745229  .00000041  00000+0  00000+0 0  9990
2 32260  53.4742 121.2812 0152083  71.1646 290.5707  2.00550378116830
COSMOS 2433             
1 32275U 07052A   23267.67987193 -.00000064  00000+0  00000+0 0  9992
2 32275  66.0162 349.2596 0004378 227.6602 132.3521  2.13104003123824
COSMOS 2432             
1 32276U 07052B   23267.89090544 -.00000064  00000+0  00000+0 0  9992
2 32276  66.0306 349.3616 0008772 315.5487 153.3581  2.13103125123855
NAVSTAR 61 (USA 199)    
1 32384U 07062A   23268.38577450 -.00000020  00000+0  00000+0 0  9996
2 32384  55.8576 313.9092 0024677 151.5469 209.0389  2.00559715115543
COSMOS 2434             
1 32393U 07065A   23268.52427581  .00000024  00000+0  00000+0 0  9997
2 32393  64.3352 225.5858 0000852  68.4634 110.5907  2.13102993122554
COSMOS 2436             
1 32395U 07065C   23268.34856823  .00000026  00000+0  00000+0 0  9996
2 32395  64.3438 225.6536 0015974 354.8512 184.8983  2.13102673122501
NAVSTAR 62 (USA 201)    
1 32711U 08012A   23267.98090455 -.00000011  00000+0  00000+0 0  9996
2 32711  54.4501 189.6641 0177655 235.9833 122.3286  2.00557799113771
NAVSTAR 64 (USA 206)    
1 35752U 09043A   23268.46420133  .00000008  00000+0  00000+0 0  9998
2 35752  55.4524  66.8738 0058058  69.6443 295.9290  2.00556640103395
COSMOS 2456             
1 36111U 09070A   23268.61216455  .00000078  00000+0  00000+0 0  9992
2 36111  64.4994 105.0756 0001614 339.8934  65.4592  2.13099103107215
COSMOS 2457             
1 36112U 09070B   23268.16527551  .00000076  00000+0  00000+0 0  9993
2 36112  64.4832 104.9556 0006251 146.6362  46.8326  2.13101284107205
COSMOS 2460             
1 36402U 10007C   23268.38514837 -.00000063  00000+0  00000+0 0  9991
2 36402  65.8779 347.9482 0001665 205.6359 145.1493  2.13106166105508
NAVSTAR 65 (USA 213)    
1 36585U 10022A   23268.33680685  .00000033  00000+0  00000+0 0  9996
2 36585  54.5571 248.7385 0109928  59.6700 330.8989  2.00562943 97624
BEIDOU-2 IGSO-1         
1 36828U 10036A   23268.31936091 -.00000153  00000+0  00000+0 0  9998
2 36828  54.2345 171.9831 0036713 187.6303 224.5676  1.00247050 48227
QZS-1 (MICHIBIKI-1)     
1 37158U 10045A   23267.82202189 -.00000014  00000+0  00000+0 0  9990
2 37158  42.8965 127.4394 0003112 109.2655  78.4738  0.87715172 47663
BEIDOU-2 G4             
1 37210U 10057A   23268.62424275 -.00000122  00000+0  00000+0 0  9993
2 37210   1.2223  61.7823 0006618 155.5670 171.5280  1.00272406 47302
BEIDOU-2 IGSO-2         
1 37256U 10068A   23268.30841069 -.00000163  00000+0  00000+0 0  9999
2 37256  49.3725 284.0514 0032285 213.7359  85.5431  1.00276714 46801
BEIDOU-2 IGSO-3         
1 37384U 11013A   23268.33312983 -.00000160  00000+0  00000+0 0  9990
2 37384  60.9706  49.6929 0028463 175.5491   6.8286  1.00275887 45679
GSAT-8                  
1 37605U 11022A   23268.49181639  .00000074  00000+0  00000+0 0  9998
2 37605   0.0193 275.0271 0005651 334.5462 346.6127  1.00272034 43234
NAVSTAR 66 (USA 232)    
1 37753U 11036A   23268.16259542 -.00000085  00000+0  00000+0 0  9993
2 37753  56.7463  10.6608 0126939  56.3793 294.6688  2.00568606 89296
BEIDOU-2 IGSO-4         
1 37763U 11038A   23268.17086440 -.00000104  00000+0  00000+0 0  9994
2 37763  54.5080 174.5287 0111921 227.7967 118.3513  1.00269459 44656
GSAT0101 (GALILEO-PFM)  
1 37846U 11060A   23264.30771728 -.00000078  00000+0  00000+0 0  9992
2 37846  57.1111   8.8408 0001178  75.3836 284.6539  1.70475880 74078
GSAT0102 (GALILEO-FM2)  
1 37847U 11060B   23262.59751560 -.00000079  00000+0  00000+0 0  9995
2 37847  57.1117   8.8871 0001306 321.5110 115.1776  1.70475346 74059
COSMOS 2476             
1 37867U 11064A   23268.42609392  .00000078  00000+0  00000+0 0  9992
2 37867  64.7786 106.6171 0021213 230.9318 301.1664  2.13101664 92543
COSMOS 2477             
1 37868U 11064B   23268.52405580  .00000078  00000+0  00000+0 0  9997
2 37868  64.7861 106.6835 0018417 231.0984 194.0288  2.13101546 92548
COSMOS 2475             
1 37869U 11064C   23268.30447448  .00000077  00000+0  00000+0 0  9992
2 37869  64.7930 106.7034 0022433 249.6432 325.5326  2.13101892 92542
BEIDOU-2 IGSO-5         
1 37948U 11073A   23268.50025758 -.00000115  00000+0  00000+0 0  9992
2 37948  49.4977 283.7179 0095111 220.8924 135.2160  1.00267281 43141
LUCH-5A                 
1 37951U 11074B   23268.55131905 -.00000055  00000+0  00000+0 0  9997
2 37951   6.1954  89.3272 0004448  79.9338 200.2992  1.00269509 43061
BEIDOU-2 G5             
1 38091U 12008A   23268.49259959  .00000048  00000+0  00000+0 0  9995
2 38091   1.7584  68.7322 0004630 173.4059 358.0301  1.00267251 42389
BEIDOU-2 M3             
1 38250U 12018A   23267.60273369 -.00000070  00000+0  00000+0 0  9992
2 38250  56.4998 338.2030 0024191 256.3769 103.4125  1.86231017 77385
BEIDOU-2 M4             
1 38251U 12018B   23268.07104304 -.00000069  00000+0  00000+0 0  9995
2 38251  56.4100 337.4790 0015103 256.5035 103.3881  1.86231715 77390
SES-5                   
1 38652U 12036A   23268.33856958  .00000024  00000+0  00000+0 0  9998
2 38652   0.0547 304.3942 0002140 235.1458 311.2363  1.00271554 34508
BEIDOU-2 M6             
1 38775U 12050B   23267.78090217  .00000052  00000+0  00000+0 0  9997
2 38775  55.7067  96.0816 0011084 340.2794  19.7486  1.86231130 74758
GSAT-10                 
1 38779U 12051B   23268.58313161 -.00000176  00000+0  00000+0 0  9995
2 38779   0.0180 182.7674 0002451  62.2224  52.1057  1.00271004 40133
NAVSTAR 67 (USA 239)    
1 38833U 12053A   23268.15710772 -.00000012  00000+0  00000+0 0  9999
2 38833  53.5112 184.3424 0143369  52.3608 308.9482  2.00567479 79460
GSAT0103 (GALILEO-FM3)  
1 38857U 12055A   23267.27983430  .00000033  00000+0  00000+0 0  9994
2 38857  55.2896 128.9443 0002392 257.6236 102.4464  1.70473622 68159
GSAT0104 (GALILEO-FM4)  
1 38858U 12055B   23267.83585079  .00000034  00000+0  00000+0 0  9995
2 38858  55.2900 128.9305 0000678 148.3278 211.7749  1.70473864 68024
BEIDOU-2 G6             
1 38953U 12059A   23268.56507674 -.00000186  00000+0  00000+0 0  9990
2 38953   1.8778  81.8436 0007142 310.2094 259.5604  1.00272695 39920
LUCH-5B                 
1 38977U 12061A   23268.23938360 -.00000140  00000+0  00000+0 0  9993
2 38977   8.3006  58.9437 0005879 117.6657 257.1112  1.00271282 39634
COSMOS 2485             
1 39155U 13019A   23265.79745330  .00000060  00000+0  00000+0 0  9997
2 39155  64.9377 107.2341 0021740 227.0453 132.8488  2.13101864 81005
NAVSTAR 68 (USA 242)    
1 39166U 13023A   23268.51840668 -.00000012  00000+0  00000+0 0  9995
2 39166  55.3400 309.2668 0114626  41.6203 319.3161  2.00564114 75913
IRNSS-1A                
1 39199U 13034A   23267.56024093  .00000092  00000+0  00000+0 0  9990
2 39199  33.4712  78.3891 0020837 179.3105   2.1512  1.00272266 37372
NAVSTAR 69 (USA 248)    
1 39533U 14008A   23268.01940418 -.00000011  00000+0  00000+0 0  9995
2 39533  53.5981 189.9086 0067134 215.6378 143.9222  2.00552770 69703
ASTRA 5B                
1 39617U 14011B   23268.29285453  .00000127  00000+0  00000+0 0  9990
2 39617   0.0873 300.9496 0003759 260.8220 291.0097  1.00270006 34686
COSMOS 2492             
1 39620U 14012A   23266.69145063 -.00000062  00000+0  00000+0 0  9998
2 39620  65.7620 347.6204 0011898 313.6170  46.3360  2.13103034 73988
IRNSS-1B                
1 39635U 14017A   23267.56024093  .00000110  00000+0  00000+0 0  9998
2 39635  28.6672 257.3244 0019168 190.6955 171.7970  1.00271778 34806
LUCH-5V                 
1 39727U 14023A   23268.49973545 -.00000279  00000+0  00000+0 0  9992
2 39727   2.6260  77.1784 0003416 140.6767  60.8575  1.00273183 34378
NAVSTAR 70 (USA 251)    
1 39741U 14026A   23268.30089361 -.00000086  00000+0  00000+0 0  9991
2 39741  56.6985  10.1775 0029594 310.1219  49.6402  2.00555548 68566
COSMOS 2500             
1 40001U 14032A   23267.34373729 -.00000062  00000+0  00000+0 0  9990
2 40001  65.6999 347.4244 0008341 203.6636 156.3496  2.13105810 72218
NAVSTAR 71 (USA 256)    
1 40105U 14045A   23267.88523681  .00000037  00000+0  00000+0 0  9993
2 40105  54.8202 128.2507 0026615 113.9207 246.4485  2.00548267 66099
GSAT0201 (GALILEO 5)    
1 40128U 14050A   23268.36377530 -.00000033  00000+0  00000+0 0  9995
2 40128  49.9166 313.7255 1608185 141.1732 231.5767  1.85519147 59844
GSAT0202 (GALILEO 6)    
1 40129U 14050B   23267.54509915 -.00000030  00000+0  00000+0 0  9996
2 40129  49.9364 312.8303 1606158 141.9531 230.5792  1.85519893 61996
IRNSS-1C                
1 40269U 14061A   23268.58313161 -.00000171  00000+0  00000+0 0  9990
2 40269   4.0133 112.0621 0020195   5.0855 179.8811  1.00274160 32705
NAVSTAR 72 (USA 258)    
1 40294U 14068A   23265.27031013  .00000013  00000+0  00000+0 0  9995
2 40294  56.1936  69.7574 0049119  62.4237 298.1048  2.00572917 65171
COSMOS 2501             
1 40315U 14075A   23268.06309728  .00000028  00000+0  00000+0 0  9994
2 40315  63.6385 224.9373 0019664 210.6197 149.2517  2.13101224 68625
NAVSTAR 73 (USA 260)    
1 40534U 15013A   23268.39928314  .00000027  00000+0  00000+0 0  9993
2 40534  53.4555 245.4171 0081404  25.6107 334.7791  2.00553342 61855
GSAT0203 (GALILEO 7)    
1 40544U 15017A   23264.67372741 -.00000079  00000+0  00000+0 0  9990
2 40544  56.9063   8.8014 0003705 231.1064 128.8850  1.70476062 52823
GSAT0204 (GALILEO 8)    
1 40545U 15017B   23263.16764989 -.00000078  00000+0  00000+0 0  9992
2 40545  56.9127   8.8568 0003932 215.0847 144.9135  1.70475744 52800
IRNSS-1D                
1 40547U 15018A   23266.88521569 -.00000272  00000+0  00000+0 0  9998
2 40547  28.0351 257.3034 0019356 190.0863 345.4253  1.00267128 30989
BEIDOU-3S IGSO-1S       
1 40549U 15019A   23268.10223942 -.00000126  00000+0  00000+0 0  9990
2 40549  51.0630 307.3282 0040839 197.1282 348.1905  1.00251534 31081
NAVSTAR 74 (USA 262)    
1 40730U 15033A   23268.06249932 -.00000010  00000+0  00000+0 0  9992
2 40730  54.8284 307.8893 0085926  13.9340 346.3701  2.00554036 60011
BEIDOU-3S M2S           
1 40748U 15037A   23268.27359039 -.00000068  00000+0  00000+0 0  9991
2 40748  55.6498 336.0587 0012031 243.7965 116.1407  1.86233010 55573
BEIDOU-3S M1S           
1 40749U 15037B   23267.46982167 -.00000067  00000+0  00000+0 0  9995
2 40749  55.6533 336.0722 0003959 296.2032  63.8160  1.86232759 55564
GSAT0205 (GALILEO 9)    
1 40889U 15045A   23268.21485476  .00000035  00000+0  00000+0 0  9998
2 40889  55.3537 249.1193 0003808   0.9952 358.9929  1.70473115 50034
GSAT0206 (GALILEO 10)   
1 40890U 15045B   23267.26237028  .00000043  00000+0  00000+0 0  9991
2 40890  55.3530 249.1411 0002536 331.2539  28.7239  1.70473149 50044
BEIDOU-3S IGSO-2S       
1 40938U 15053A   23268.41651292 -.00000099  00000+0  00000+0 0  9996
2 40938  50.7787 270.4998 0047665 194.9428 144.9863  1.00278018 29366
NAVSTAR 75 (USA 265)    
1 41019U 15062A   23268.11444451  .00000016  00000+0  00000+0 0  9999
2 41019  56.1795  69.4964 0090049 221.1181 138.2313  2.00562163 57857
GSAT-15                 
1 41028U 15065A   23268.56507674 -.00000269  00000+0  00000+0 0  9999
2 41028   0.0021 186.2942 0002239 344.1164 130.6587  1.00270726 28815
GSAT0209 (GALILEO 12)   
1 41174U 15079A   23265.67431724  .00000032  00000+0  00000+0 0  9994
2 41174  55.3067 128.6955 0002609 337.8564  22.2272  1.70474035 47755
GSAT0208 (GALILEO 11)   
1 41175U 15079B   23268.24028706  .00000036  00000+0  00000+0 0  9997
2 41175  55.3061 128.6230 0001961 346.5286  13.5666  1.70473870 48212
IRNSS-1E                
1 41241U 16003A   23266.88521569 -.00000286  00000+0  00000+0 0  9990
2 41241  31.0219  77.4985 0020962 176.3871 179.0077  1.00267342 28075
NAVSTAR 76 (USA 266)    
1 41328U 16007A   23267.20794099  .00000032  00000+0  00000+0 0  9995
2 41328  55.0235 129.0607 0071665 233.6765 125.7470  2.00574595 55847
COSMOS 2514             
1 41330U 16008A   23268.04452148 -.00000062  00000+0  00000+0 0  9992
2 41330  65.4968 346.9770 0012191 210.9469 149.0335  2.13102415 59392
IRNSS-1F                
1 41384U 16015A   23268.48729122  .00000150  00000+0  00000+0 0  9993
2 41384   2.9758 128.8144 0019097 176.7489 266.2643  1.00278605 27680
BEIDOU-2 IGSO-6         
1 41434U 16021A   23268.35667028 -.00000141  00000+0  00000+0 0  9999
2 41434  58.7853  48.0534 0048053 218.1545 322.8843  1.00278344 27495
IRNSS-1G                
1 41469U 16027A   23268.50652319 -.00000345  00000+0  00000+0 0  9993
2 41469   2.8650 130.4341 0002203   6.9502 178.5372  1.00268422 27199
GSAT0211 (GALILEO 14)   
1 41549U 16030A   23267.77463952  .00000040  00000+0  00000+0 0  9998
2 41549  55.5004 249.1096 0004099 316.2103  43.7469  1.70473173 45693
GSAT0210 (GALILEO 13)   
1 41550U 16030B   23268.06613839  .00000037  00000+0  00000+0 0  9990
2 41550  55.4996 249.1027 0004058 280.1784  79.7640  1.70473398 45685
COSMOS 2516             
1 41554U 16032A   23268.15864644  .00000028  00000+0  00000+0 0  9998
2 41554  63.8649 225.3406 0015329 214.1576 145.7296  2.13106314 57002
BEIDOU-2 G7             
1 41586U 16037A   23268.55535425 -.00000364  00000+0  00000+0 0  9998
2 41586   1.9195  68.6944 0007412 344.2195 261.6744  1.00274686 26800
EUTELSAT 117 WEST B     
1 41589U 16038B   23268.42499521 -.00000022  00000+0  00000+0 0  9995
2 41589   0.0364  26.7242 0000197 230.0719 143.1960  1.00271865 26679
GSAT0207 (GALILEO 15)   
1 41859U 16069A   23267.14132116  .00000032  00000+0  00000+0 0  9991
2 41859  54.9701 128.7221 0002324 314.5421  45.5352  1.70473961 42625
GSAT0212 (GALILEO 16)   
1 41860U 16069B   23266.99595334  .00000031  00000+0  00000+0 0  9999
2 41860  54.9677 128.7230 0001986  10.3768 349.7233  1.70474130 42656
GSAT0213 (GALILEO 17)   
1 41861U 16069C   23267.94876607  .00000034  00000+0  00000+0 0  9994
2 41861  54.9706 128.7025 0002151 272.4161  87.6583  1.70472831 42534
GSAT0214 (GALILEO 18)   
1 41862U 16069D   23268.09602757  .00000034  00000+0  00000+0 0  9995
2 41862  54.9688 128.6925 0001262 283.1032  76.9823  1.70472676 42669
SES-15                  
1 42709U 17026A   23268.25880182  .00000050  00000+0  00000+0 0  9996
2 42709   0.0399  22.3757 0001171 151.6055 153.8704  1.00271367 24151
QZS-2 (MICHIBIKI-2)     
1 42738U 17028A   23268.29549338 -.00000148  00000+0  00000+0 0  9998
2 42738  41.0117 257.5668 0749121 270.3659  82.6131  1.00259412 23162
QZS-3 (MICHIBIKI-3)     
1 42917U 17048A   23268.50617510 -.00000359  00000+0  00000+0 0  9995
2 42917   0.0593 157.9294 0001805  31.7697 123.6488  1.00271890 22279
COSMOS 2522             
1 42939U 17055A   23268.35542384  .00000026  00000+0  00000+0 0  9996
2 42939  64.0990 225.8652 0009187 243.1536 116.7373  2.13101919 46753
QZS-4 (MICHIBIKI-4)     
1 42965U 17062A   23268.54092378 -.00000311  00000+0  00000+0 0  9995
2 42965  40.6272 356.1774 0749877 269.6527  72.6394  1.00274334 21829
BEIDOU-3 M1             
1 43001U 17069A   23268.08416650  .00000054  00000+0  00000+0 0  9999
2 43001  55.8581  96.1335 0007307 298.6615  61.3363  1.86231302 40050
BEIDOU-3 M2             
1 43002U 17069B   23268.02094160  .00000054  00000+0  00000+0 0  9992
2 43002  55.8577  96.1712 0005646 334.3394  25.7039  1.86231065 40040
GSAT0215 (GALILEO 19)   
1 43055U 17079A   23267.41134823  .00000043  00000+0  00000+0 0  9992
2 43055  55.4768 248.9451 0003558 274.5771  85.3733  1.70473864 35996
GSAT0216 (GALILEO 20)   
1 43056U 17079B   23268.28982885  .00000035  00000+0  00000+0 0  9999
2 43056  55.4773 248.9208 0005126 279.5258  80.4029  1.70473984 36023
GSAT0217 (GALILEO 21)   
1 43057U 17079C   23267.33703065  .00000043  00000+0  00000+0 0  9995
2 43057  55.4753 248.9460 0004587 290.0147  69.9273  1.70473963 35992
GSAT0218 (GALILEO 22)   
1 43058U 17079D   23267.55708086  .00000042  00000+0  00000+0 0  9997
2 43058  55.4754 248.9377 0005612 275.3375  84.5889  1.70473949 36025
BEIDOU-3 M7             
1 43107U 18003A   23268.30862604 -.00000070  00000+0  00000+0 0  9993
2 43107  55.1061 336.7649 0003054  76.4140 283.6797  1.86232313 38807
BEIDOU-3 M8             
1 43108U 18003B   23268.24690116 -.00000070  00000+0  00000+0 0  9994
2 43108  55.0991 336.7538 0004407 246.6445 113.3688  1.86230780 38813
BEIDOU-3 M4             
1 43207U 18018A   23267.07827649  .00000049  00000+0  00000+0 0  9998
2 43207  55.8161  96.2654 0004338  18.4408 341.6446  1.86231261 38176
BEIDOU-3 M3             
1 43208U 18018B   23264.99712253  .00000036  00000+0  00000+0 0  9997
2 43208  55.8139  96.3396 0005293 317.4976  42.5278  1.86231306 38135
BEIDOU-3 M9             
1 43245U 18029A   23268.44159257 -.00000066  00000+0  00000+0 0  9997
2 43245  54.9997 334.4928 0001654 229.6050 130.4425  1.86232291 37357
BEIDOU-3 M10            
1 43246U 18029B   23268.37159355 -.00000066  00000+0  00000+0 0  9999
2 43246  54.9967 334.5233 0002826 347.1623  12.8924  1.86232768 37333
IRNSS-1I                
1 43286U 18035A   23268.08799584  .00000095  00000+0  00000+0 0  9993
2 43286  29.2971  89.8607 0020154 176.9888 183.7212  1.00277929 20094
COSMOS 2527             
1 43508U 18053A   23267.84493141  .00000075  00000+0  00000+0 0  9991
2 43508  65.0998 107.2617 0007434 214.9580 145.0743  2.13102338 41046
BEIDOU-2 IGSO-7         
1 43539U 18057A   23267.73166801 -.00000166  00000+0  00000+0 0  9999
2 43539  55.1186 171.6811 0064038 230.5985 338.2338  1.00277137 19154
GSAT0221 (GALILEO 25)   
1 43564U 18060A   23259.83127371 -.00000085  00000+0  00000+0 0  9992
2 43564  57.2861   8.8642 0002955 251.6027 108.3809  1.70476287 32045
GSAT0222 (GALILEO 26)   
1 43565U 18060B   23268.26156266 -.00000089  00000+0  00000+0 0  9999
2 43565  57.2909   8.6384 0003978 219.4623 140.5279  1.70475771 32237
GSAT0219 (GALILEO 23)   
1 43566U 18060C   23267.31070046 -.00000085  00000+0  00000+0 0  9992
2 43566  57.2900   8.6662 0002535 256.4137 103.5787  1.70476004 32195
GSAT0220 (GALILEO 24)   
1 43567U 18060D   23263.42504255 -.00000078  00000+0  00000+0 0  9997
2 43567  57.2896   8.7718 0002906 252.8548 107.1378  1.70475951 32119
BEIDOU-3 M5             
1 43581U 18062A   23268.05484431  .00000006  00000+0  00000+0 0  9992
2 43581  54.1736 216.2065 0004663 286.4713  73.4538  1.86231749 35088
BEIDOU-3 M6             
1 43582U 18062B   23267.92100023  .00000007  00000+0  00000+0 0  9991
2 43582  54.1734 216.2006 0005362   3.2374 356.7430  1.86229617 35086
BEIDOU-3 M12            
1 43602U 18067A   23267.32016781  .00000014  00000+0  00000+0 0  9998
2 43602  54.2610 214.8781 0007223  14.9429 345.0591  1.86231410 34559
BEIDOU-3 M11            
1 43603U 18067B   23267.45399407  .00000012  00000+0  00000+0 0  9990
2 43603  54.2580 214.8392 0004257   1.4368 358.5445  1.86231389 34586
BEIDOU-3 M13            
1 43622U 18072A   23266.87600763  .00000047  00000+0  00000+0 0  9990
2 43622  55.7858  95.8112 0004100 294.8942  65.1318  1.86231447 34081
BEIDOU-3 M14            
1 43623U 18072B   23267.81536770  .00000052  00000+0  00000+0 0  9998
2 43623  55.7885  95.7725 0002556 350.2922   9.7733  1.86231483 34095
BEIDOU-3 M16            
1 43647U 18078A   23267.97829331 -.00000066  00000+0  00000+0 0  9991
2 43647  54.8958 334.6289 0005931   4.9385 355.1286  1.86227114 33601
BEIDOU-3 M15            
1 43648U 18078B   23267.57140442 -.00000066  00000+0  00000+0 0  9997
2 43648  54.8917 334.6469 0002736  14.2517 345.8168  1.86232135 33613
BEIDOU-3 G1             
1 43683U 18085A   23268.56021875 -.00000288  00000+0  00000+0 0  9998
2 43683   1.5590 122.9457 0002854 356.6966 226.2599  1.00270848 18077
COSMOS 2529             
1 43687U 18086A   23267.94416461  .00000033  00000+0  00000+0 0  9990
2 43687  64.3144 226.3203 0010881 263.1225  96.7406  2.13101963 38053
BEIDOU-3 M17            
1 43706U 18093A   23268.25624647  .00000003  00000+0  00000+0 0  9999
2 43706  54.2561 216.1185 0009773 282.7896  77.0764  1.86231830 32993
BEIDOU-3 M18            
1 43707U 18093B   23268.12244967  .00000005  00000+0  00000+0 0  9991
2 43707  54.2569 216.1147 0008219 309.5976  50.3058  1.86229662 32980
NAVSTAR 77 (USA 289)    
1 43873U 18109A   23268.06463632  .00000036  00000+0  00000+0 0  9992
2 43873  55.1991 131.5462 0026131 190.3265 323.2537  2.00569416 35093
BEIDOU-3 IGSO-1         
1 44204U 19023A   23268.28974990 -.00000195  00000+0  00000+0 0  9992
2 44204  57.2516  48.0240 0024077 194.9803 345.1302  1.00275721 16352
BEIDOU-2 G8             
1 44231U 19027A   23268.56021875 -.00000257  00000+0  00000+0 0  9991
2 44231   2.0079  81.0320 0006549 127.3868 141.7789  1.00276642 16098
COSMOS 2534             
1 44299U 19030A   23268.47061153  .00000025  00000+0  00000+0 0  9994
2 44299  64.3869 226.2308 0013069 282.6940 255.3130  2.13101758 33709
BEIDOU-3 IGSO-2         
1 44337U 19035A   23267.63382932 -.00000165  00000+0  00000+0 0  9996
2 44337  55.1521 167.6143 0032983 195.9786 347.3819  1.00268030 15674
NAVSTAR 78 (USA 293)    
1 44506U 19056A   23268.54222625 -.00000087  00000+0  00000+0 0  9993
2 44506  55.8237  10.6023 0037609 186.0711 211.6078  2.00565634 30102
BEIDOU-3 M24            
1 44542U 19061A   23268.19399649  .00000004  00000+0  00000+0 0  9999
2 44542  54.4833 216.3544 0008482 344.2307  15.7183  1.86231413 27247
BEIDOU-3 M23            
1 44543U 19061B   23267.52423623  .00000013  00000+0  00000+0 0  9996
2 44543  54.4820 216.3465 0005812 329.4441 213.3774  1.86231681 27232
BEIDOU-3 IGSO-3         
1 44709U 19073A   23266.47056849 -.00000140  00000+0  00000+0 0  9990
2 44709  56.5026 291.5493 0035235 190.3762 169.6239  1.00276343 14455
BEIDOU-3 M22            
1 44793U 19078A   23267.50246258 -.00000066  00000+0  00000+0 0  9995
2 44793  54.7446 334.6101 0004752  13.7583 346.3152  1.86232091 26095
BEIDOU-3 M21            
1 44794U 19078B   23268.16993099 -.00000066  00000+0  00000+0 0  9991
2 44794  54.7179 334.5687 0002776 359.2802   0.7807  1.86232500 26108
COSMOS 2544             
1 44850U 19088A   23266.38089638  .00000065  00000+0  00000+0 0  9990
2 44850  65.0853 107.1534 0011165 249.8151 110.1424  2.13102142 29454
BEIDOU-3 M19            
1 44864U 19090A   23268.42648675  .00000055  00000+0  00000+0 0  9996
2 44864  55.7214  95.9454 0015278 274.0171  91.8000  1.86231524 25695
BEIDOU-3 M20            
1 44865U 19090B   23262.91678747  .00000028  00000+0  00000+0 0  9998
2 44865  55.7185  96.1630 0013066 289.9285  71.6816  1.86231769 25575
BEIDOU-3 G2             
1 45344U 20017A   23268.49677668 -.00000150  00000+0  00000+0 0  9999
2 45344   2.0614  17.2581 0003307 164.7573  80.9099  1.00270134 13271
COSMOS 2545             
1 45358U 20018A   23268.45473864 -.00000063  00000+0  00000+0 0  9996
2 45358  64.8369 347.1909 0010709 239.7101 120.2360  2.13102410 27441
BEIDOU-3 G3             
1 45807U 20040A   23268.28774837 -.00000363  00000+0  00000+0 0  9998
2 45807   0.6009 348.1453 0006021 324.4867 265.2313  1.00264026 12086
NAVSTAR 79 (USA 304)    
1 45854U 20041A   23268.50668235  .00000011  00000+0  00000+0 0  9999
2 45854  55.9012  67.8888 0037089 186.7324 128.5114  2.00562735 24067
GALAXY 30 (G-30)        
1 46114U 20056C   23268.51328966  .00000026  00000+0  00000+0 0  9996
2 46114   0.0235 163.2561 0002362  22.9827 237.6165  1.00270426 11302
COSMOS 2547             
1 46805U 20075A   23268.17433312  .00000029  00000+0  00000+0 0  9991
2 46805  64.6144 225.8031 0008123 243.8420 116.0603  2.13102766 22681
NAVSTAR 80 (USA 309)    
1 46826U 20078A   23268.34320294  .00000033  00000+0  00000+0 0  9995
2 46826  54.3029 251.2111 0036350 194.9816 337.7982  2.00562642 21536
NAVSTAR 81 (USA 319)    
1 48859U 21054A   23268.30870381 -.00000086  00000+0  00000+0 0  9990
2 48859  55.3421  12.3873 0012831 212.7753 118.0452  2.00572141 16776
QZS-1R                  
1 49336U 21096A   23267.85743932 -.00000217  00000+0  00000+0 0  9993
2 49336  35.3941  94.6006 0744665 269.6531  82.2773  1.00285470  7026
GSAT0223 (GALILEO 27)   
1 49809U 21116A   23267.41475998 -.00000085  00000+0  00000+0 0  9990
2 49809  57.2810   8.5598 0003498 188.0129 190.8503  1.70475882 11193
GSAT0224 (GALILEO 28)   
1 49810U 21116B   23268.38835812 -.00000089  00000+0  00000+0 0  9998
2 49810  57.2819   8.5318 0002960 179.5637 189.3032  1.70475874 11232
COSMOS 2557             
1 52984U 22075A   23267.39852128 -.00000065  00000+0  00000+0 0  9992
2 52984  64.7544 349.3847 0012410 275.2302  84.6771  2.13102184  9472
COSMOS 2559             
1 54031U 22130A   23268.27909073 -.00000066  00000+0  00000+0 0  9990
2 54031  64.7255 349.4809 0007497 220.5104 139.4827  2.13101397  7460
COSMOS 2564             
1 54377U 22161A   23268.00282424  .00000032  00000+0  00000+0 0  9994
2 54377  64.7552 225.8655 0010342 225.2669 134.6358  2.13102096  6406
NAVSTAR 82 (USA 343)    
1 55268U 23009A   23268.57478567 -.00000013  00000+0  00000+0 0  9993
2 55268  55.0874 187.5819 0004722  91.2553 111.8347  2.00554148  5274
BEIDOU-3 G4             
1 56564U 23066A   23268.44847836 -.00000125  00000+0  00000+0 0  9995
2 56564   2.7943 288.7179 0006751 216.6936 180.0897  1.00271653  1411
IRNSS-1J (NVS-01)       
1 56759U 23076A   23268.50652319 -.00000353  00000+0  00000+0 0  9992
2 56759   4.6876 271.6727 0006405 343.5920  60.6682  1.00276372  1139
