NAVSTAR 43 (USA 132)    
1 24876U 97035A   23232.14055359  .00000015  00000+0  00000+0 0  9999
2 24876  55.5843 138.9388 0071866  51.9814 308.7127  2.00564009191055
NAVSTAR 47 (USA 150)    
1 26360U 00025A   23231.17397425 -.00000036  00000+0  00000+0 0  9991
2 26360  54.4179  61.2642 0041308 198.7038 272.6293  2.00571984170546
NAVSTAR 51 (USA 166)    
1 27663U 03005A   23230.78207185  .00000033  00000+0  00000+0 0  9994
2 27663  55.2539 256.0695 0131501  44.6295 123.7454  2.00567042150579
NAVSTAR 52 (USA 168)    
1 27704U 03010A   23231.26933289 -.00000088  00000+0  00000+0 0  9992
2 27704  55.1154   6.0191 0248368 318.3815  59.7106  2.00574265149384
NAVSTAR 54 (USA 177)    
1 28190U 04009A   23231.33276259 -.00000060  00000+0  00000+0 0  9996
2 28190  55.7031 317.1061 0093071 137.8528 224.5606  2.00567884142266
NAVSTAR 56 (USA 180)    
1 28474U 04045A   23230.35260755 -.00000092  00000+0  00000+0 0  9991
2 28474  55.4423   6.3717 0161824 282.1234 147.2857  2.00579480137682
ANIK F1R                
1 28868U 05036A   23232.05625788 -.00000070  00000+0  00000+0 0  9995
2 28868   1.6468  89.2511 0002611  35.5555 116.2691  1.00272514 65800
NAVSTAR 57 (USA 183)    
1 28874U 05038A   23231.74952285 -.00000056  00000+0  00000+0 0  9998
2 28874  55.7544 314.5412 0139107 279.3193  45.0643  2.00576613131126
INMARSAT 4-F2           
1 28899U 05044A   23232.44867208  .00000016  00000+0  00000+0 0  9995
2 28899   3.8501  40.6235 0002650 115.7481  37.5690  1.00271714 65155
NAVSTAR 58 (USA 190)    
1 29486U 06042A   23231.64786775  .00000044  00000+0  00000+0 0  9998
2 29486  54.6867 192.2772 0102781  31.5428 121.3208  2.00570788123830
NAVSTAR 59 (USA 192)    
1 29601U 06052A   23232.35311521  .00000043  00000+0  00000+0 0  9999
2 29601  55.2737 254.9650 0084188  79.3167 281.6779  2.00576908122756
NAVSTAR 60 (USA 196)    
1 32260U 07047A   23232.16776441  .00000005  00000+0  00000+0 0  9992
2 32260  53.4583 122.7703 0150771  70.2262 291.4658  2.00552224116134
COSMOS 2433             
1 32275U 07052A   23232.01618787 -.00000065  00000+0  00000+0 0  9993
2 32275  66.0263 350.4443 0003201 210.6425 149.3572  2.13104229123105
COSMOS 2432             
1 32276U 07052B   23231.66353167 -.00000066  00000+0  00000+0 0  9993
2 32276  66.0407 350.5643 0007896 325.2195  71.3472  2.13103381123099
NAVSTAR 61 (USA 199)    
1 32384U 07062A   23230.72757549 -.00000058  00000+0  00000+0 0  9993
2 32384  55.8867 315.4003 0024990 148.9751  21.2283  2.00558059114846
COSMOS 2434             
1 32393U 07065A   23231.45896880  .00000066  00000+0  00000+0 0  9997
2 32393  64.3380 226.8452 0000160 193.7047 349.9328  2.13103164121792
COSMOS 2436             
1 32395U 07065C   23231.66076892  .00000068  00000+0  00000+0 0  9997
2 32395  64.3466 226.8999 0015579 351.5617 122.4265  2.13102901121738
NAVSTAR 62 (USA 201)    
1 32711U 08012A   23231.08497507  .00000037  00000+0  00000+0 0  9994
2 32711  54.4537 191.1343 0177370 235.7297 122.5490  2.00556882113033
NAVSTAR 64 (USA 206)    
1 35752U 09043A   23232.25613172 -.00000025  00000+0  00000+0 0  9993
2 35752  55.4200  68.3198 0058475  68.4474  73.8569  2.00558875102648
COSMOS 2456             
1 36111U 09070A   23231.87018885  .00000017  00000+0  00000+0 0  9990
2 36111  64.4838 106.3379 0002701 328.6125 329.9095  2.13099298106460
COSMOS 2457             
1 36112U 09070B   23230.64485638  .00000019  00000+0  00000+0 0  9991
2 36112  64.4673 106.2456 0005104 150.4284  58.7268  2.13101476106449
COSMOS 2460             
1 36402U 10007C   23231.32132743 -.00000068  00000+0  00000+0 0  9992
2 36402  65.8894 349.1855 0001605 145.5366 210.7948  2.13106431104809
NAVSTAR 65 (USA 213)    
1 36585U 10022A   23231.44200296  .00000040  00000+0  00000+0 0  9992
2 36585  54.5726 250.2289 0108824  59.6635 331.0701  2.00561222 96878
BEIDOU-2 IGSO-1         
1 36828U 10036A   23231.35245440 -.00000125  00000+0  00000+0 0  9992
2 36828  54.2372 172.3169 0036684 189.9320 200.2075  1.00258380 47879
QZS-1 (MICHIBIKI-1)     
1 37158U 10045A   23224.51019722 -.00000072  00000+0  00000+0 0  9992
2 37158  42.7913 127.6971 0037647 277.2224 272.4955  0.88387770 47281
BEIDOU-2 G4             
1 37210U 10057A   23232.08938383 -.00000108  00000+0  00000+0 0  9998
2 37210   1.1414  60.0954 0005227 146.5762 313.6043  1.00272452 46932
BEIDOU-2 IGSO-2         
1 37256U 10068A   23231.72341201 -.00000170  00000+0  00000+0 0  9996
2 37256  49.4367 284.4956 0032291 211.4665 199.6012  1.00289527 46437
BEIDOU-2 IGSO-3         
1 37384U 11013A   23232.29955882 -.00000156  00000+0  00000+0 0  9992
2 37384  60.9164  50.0409 0027685 174.0404 319.7746  1.00286044 45325
GSAT-8                  
1 37605U 11022A   23232.08859604  .00000089  00000+0  00000+0 0  9994
2 37605   0.0212 107.5061 0004007 139.0066 168.6185  1.00273241 44894
NAVSTAR 66 (USA 232)    
1 37753U 11036A   23231.88821546 -.00000079  00000+0  00000+0 0  9994
2 37753  56.7416  12.0658 0127245  56.2128  22.4752  2.00568542 88564
BEIDOU-2 IGSO-4         
1 37763U 11038A   23231.36172406 -.00000065  00000+0  00000+0 0  9999
2 37763  54.5113 174.8563 0112034 228.3921 149.8742  1.00277687 44280
GSAT0101 (GALILEO-PFM)  
1 37846U 11060A   23230.28579670 -.00000085  00000+0  00000+0 0  9992
2 37846  57.1079   9.7603 0002387  72.3738 287.6496  1.70476143 73627
GSAT0102 (GALILEO-FM2)  
1 37847U 11060B   23230.76104728 -.00000083  00000+0  00000+0 0  9992
2 37847  57.1086   9.7474 0001470  11.3950 326.6088  1.70475522 73624
COSMOS 2476             
1 37867U 11064A   23231.41156198  .00000019  00000+0  00000+0 0  9997
2 37867  64.7637 107.8747 0021387 234.0876 341.7738  2.13101818 91807
COSMOS 2477             
1 37868U 11064B   23231.60359660  .00000018  00000+0  00000+0 0  9997
2 37868  64.7710 107.9375 0018620 234.7372 306.3376  2.13101731 91766
COSMOS 2475             
1 37869U 11064C   23231.86225137  .00000018  00000+0  00000+0 0  9997
2 37869  64.7784 107.9410 0022931 252.3368  85.6261  2.13102115 91777
BEIDOU-2 IGSO-5         
1 37948U 11073A   23231.89296315 -.00000126  00000+0  00000+0 0  9995
2 37948  49.5614 284.1610 0094851 220.1206 241.1963  1.00276700 43055
LUCH-5A                 
1 37951U 11074B   23232.03277435 -.00000043  00000+0  00000+0 0  9997
2 37951   6.1021  89.9647 0005060  48.0859   8.8220  1.00273589 42848
BEIDOU-2 G5             
1 38091U 12008A   23232.08929334  .00000062  00000+0  00000+0 0  9998
2 38091   1.6721  68.1484 0002085 167.7146 183.1810  1.00268720 42125
BEIDOU-2 M3             
1 38250U 12018A   23231.62664298 -.00000088  00000+0  00000+0 0  9999
2 38250  56.5203 339.3962 0022703 255.0469 104.7321  1.86231279 77057
BEIDOU-2 M4             
1 38251U 12018B   23230.48423340 -.00000092  00000+0  00000+0 0  9999
2 38251  56.4318 338.7283 0013550 254.4449 105.4333  1.86232014 77042
SES-5                   
1 38652U 12036A   23232.29353544  .00000039  00000+0  00000+0 0  9993
2 38652   0.0510 302.2567 0001954 201.2725 295.4845  1.00270500 40720
BEIDOU-2 M6             
1 38775U 12050B   23231.26817688 -.00000002  00000+0  00000+0 0  9996
2 38775  55.6781  97.3063 0012246 338.5487  21.4953  1.86231359 74424
GSAT-10                 
1 38779U 12051B   23232.02896459 -.00000161  00000+0  00000+0 0  9995
2 38779   0.0966 272.3214 0000846 347.4204 161.7704  1.00273153 39943
NAVSTAR 67 (USA 239)    
1 38833U 12053A   23232.26022475  .00000044  00000+0  00000+0 0  9992
2 38833  53.5144 185.8086 0140986  51.6397 309.5925  2.00567005 79637
GSAT0103 (GALILEO-FM3)  
1 38857U 12055A   23230.91147581  .00000002  00000+0  00000+0 0  9990
2 38857  55.2766 129.9450 0004530 271.1183  88.8924  1.70473889 67536
GSAT0104 (GALILEO-FM4)  
1 38858U 12055B   23231.46758736  .00000004  00000+0  00000+0 0  9994
2 38858  55.2766 129.9313 0000745 273.4815  86.5749  1.70474049 67513
BEIDOU-2 G6             
1 38953U 12059A   23232.02896459 -.00000171  00000+0  00000+0 0  9998
2 38953   1.7850  82.0004 0008083 316.1758  24.4309  1.00272364 39699
LUCH-5B                 
1 38977U 12061A   23232.36091384 -.00000130  00000+0  00000+0 0  9993
2 38977   8.2206  59.2487 0005726  97.5129 285.3288  1.00272600 39839
COSMOS 2485             
1 39155U 13019A   23232.01071821  .00000018  00000+0  00000+0 0  9996
2 39155  64.9243 108.3747 0021859 229.9153 129.9836  2.13102027 80283
NAVSTAR 68 (USA 242)    
1 39166U 13023A   23231.12496965 -.00000051  00000+0  00000+0 0  9992
2 39166  55.3702 310.7681 0114105  41.7904 319.1417  2.00564412 75150
IRNSS-1A                
1 39199U 13034A   23232.16015833  .00000087  00000+0  00000+0 0  9994
2 39199  33.3884  78.9172 0019782 176.2520 185.7061  1.00274975 37302
NAVSTAR 69 (USA 248)    
1 39533U 14008A   23230.62396897  .00000030  00000+0  00000+0 0  9997
2 39533  53.6018 191.4308 0067267 215.7859 143.7292  2.00550863 69506
ASTRA 5B                
1 39617U 14011B   23232.29719637  .00000142  00000+0  00000+0 0  9994
2 39617   0.0553 306.2892 0003192 230.1029 282.4484  1.00273325 34522
COSMOS 2492             
1 39620U 14012A   23230.55836291 -.00000071  00000+0  00000+0 0  9994
2 39620  65.7733 348.8318 0010949 320.3548  39.5807  2.13103276 73216
IRNSS-1B                
1 39635U 14017A   23232.16015833  .00000124  00000+0  00000+0 0  9993
2 39635  28.7339 257.9195 0020310 191.1482 351.8919  1.00269812 34439
LUCH-5V                 
1 39727U 14023A   23232.07084029 -.00000263  00000+0  00000+0 0  9990
2 39727   2.5337  77.3532 0003281 114.9334 256.0381  1.00268165552169
NAVSTAR 70 (USA 251)    
1 39741U 14026A   23231.40444177 -.00000082  00000+0  00000+0 0  9998
2 39741  56.6947  11.6068 0028681 311.7474  48.0136  2.00558478 67810
COSMOS 2500             
1 40001U 14032A   23231.21113136 -.00000068  00000+0  00000+0 0  9997
2 40001  65.7113 348.6386 0007647 193.1310 166.8673  2.13106100 71447
NAVSTAR 71 (USA 256)    
1 40105U 14045A   23230.99150075  .00000008  00000+0  00000+0 0  9996
2 40105  54.8073 129.7259 0024179 112.9411 247.3738  2.00576703 66248
GSAT0201 (GALILEO 5)    
1 40128U 14050A   23232.25113140 -.00000074  00000+0  00000+0 0  9994
2 40128  49.9488 315.1714 1609568 139.8015 233.3103  1.85519239 61110
GSAT0202 (GALILEO 6)    
1 40129U 14050B   23231.43258664 -.00000074  00000+0  00000+0 0  9995
2 40129  49.9690 314.2753 1607511 140.5786 232.3202  1.85519993 61294
IRNSS-1C                
1 40269U 14061A   23232.09408741 -.00000157  00000+0  00000+0 0  9990
2 40269   3.9277 113.1837 0020345  15.4474 316.4117  1.00273199 32475
NAVSTAR 72 (USA 258)    
1 40294U 14068A   23231.86674664 -.00000021  00000+0  00000+0 0  9998
2 40294  56.1633  71.0668 0048952  61.3007 299.2626  2.00570890 64487
COSMOS 2501             
1 40315U 14075A   23231.46087746  .00000065  00000+0  00000+0 0  9992
2 40315  63.6415 226.2132 0020182 211.6840 148.2016  2.13101435 67840
NAVSTAR 73 (USA 260)    
1 40534U 15013A   23232.00166025  .00000045  00000+0  00000+0 0  9995
2 40534  53.4711 246.9260 0079721  25.1044 335.3143  2.00555722 61546
GSAT0203 (GALILEO 7)    
1 40544U 15017A   23232.41163736 -.00000078  00000+0  00000+0 0  9998
2 40544  56.9030   9.6778 0002557 220.2130 139.7705  1.70476306 52270
GSAT0204 (GALILEO 8)    
1 40545U 15017B   23231.49205298 -.00000081  00000+0  00000+0 0  9990
2 40545  56.9091   9.7170 0003001 200.5976 159.3905  1.70475772 52264
IRNSS-1D                
1 40547U 15018A   23230.47405885 -.00000264  00000+0  00000+0 0  9997
2 40547  28.1062 257.9213 0020668 191.1734 159.9522  1.00271345 30872
BEIDOU-3S IGSO-1S       
1 40549U 15019A   23231.20634806 -.00000155  00000+0  00000+0 0  9998
2 40549  51.1291 307.7634 0040629 194.8916 353.7243  1.00260091 30720
NAVSTAR 74 (USA 262)    
1 40730U 15033A   23230.66744134 -.00000051  00000+0  00000+0 0  9996
2 40730  54.8592 309.4086 0084772  14.0516 346.2514  2.00556267 59286
BEIDOU-3S M2S           
1 40748U 15037A   23231.76104735 -.00000088  00000+0  00000+0 0  9998
2 40748  55.6718 337.2951 0010565 239.2399 120.6895  1.86233279 54899
BEIDOU-3S M1S           
1 40749U 15037B   23231.49417447 -.00000088  00000+0  00000+0 0  9996
2 40749  55.6750 337.2904 0002603 311.8731  48.1372  1.86233037 54880
GSAT0205 (GALILEO 9)    
1 40889U 15045A   23230.67341974  .00000052  00000+0  00000+0 0  9990
2 40889  55.3718 250.1571 0003277 357.7987   2.2448  1.70473647 49390
GSAT0206 (GALILEO 10)   
1 40890U 15045B   23230.30752889  .00000051  00000+0  00000+0 0  9992
2 40890  55.3713 250.1626 0002197 320.4055  39.6253  1.70473627 49410
BEIDOU-3S IGSO-2S       
1 40938U 15053A   23231.51862639 -.00000095  00000+0  00000+0 0  9992
2 40938  50.8333 270.9295 0047847 194.1306 144.6709  1.00287259 28999
NAVSTAR 75 (USA 265)    
1 41019U 15062A   23227.23054426 -.00000025  00000+0  00000+0 0  9997
2 41019  56.1430  71.0981 0088275 221.0902 138.3189  2.00562346 57034
GSAT-15                 
1 41028U 15065A   23232.06507660 -.00000253  00000+0  00000+0 0  9993
2 41028   0.0985 273.2151 0002261 195.0541 336.7914  1.00272928 28516
GSAT0209 (GALILEO 12)   
1 41174U 15079A   23232.23898935  .00000007  00000+0  00000+0 0  9993
2 41174  55.2944 129.6154 0003521 325.0828  34.9616  1.70473976 47762
GSAT0208 (GALILEO 11)   
1 41175U 15079B   23230.11223842 -.00000003  00000+0  00000+0 0  9995
2 41175  55.2921 129.6720 0003162 325.6258  34.4127  1.70474006 47724
IRNSS-1E                
1 41241U 16003A   23230.69336422 -.00000292  00000+0  00000+0 0  9999
2 41241  30.9376  78.0484 0019581 173.8430  76.3760  1.00273151 27832
NAVSTAR 76 (USA 266)    
1 41328U 16007A   23231.81024297  .00000010  00000+0  00000+0 0  9995
2 41328  55.0123 130.4679 0071654 234.6503 124.7390  2.00551014 55174
COSMOS 2514             
1 41330U 16008A   23231.91138061 -.00000066  00000+0  00000+0 0  9997
2 41330  65.5085 348.2004 0011276 204.2883 155.6795  2.13102721 58625
IRNSS-1F                
1 41384U 16015A   23232.22737736  .00000164  00000+0  00000+0 0  9991
2 41384   2.9022 130.5485 0018036 177.7469 134.2760  1.00268862 27311
BEIDOU-2 IGSO-6         
1 41434U 16021A   23231.57768080 -.00000134  00000+0  00000+0 0  9995
2 41434  58.7289  48.4258 0046823 217.9757   5.1709  1.00286617 27124
IRNSS-1G                
1 41469U 16027A   23231.81678987 -.00000330  00000+0  00000+0 0  9990
2 41469   2.7944 132.2939 0003934 352.6985 266.5555  1.00271712 26821
GSAT0211 (GALILEO 14)   
1 41549U 16030A   23231.40636908  .00000054  00000+0  00000+0 0  9997
2 41549  55.5178 250.1108 0003810 305.9616  54.0449  1.70473675 45044
GSAT0210 (GALILEO 13)   
1 41550U 16030B   23229.93816558  .00000051  00000+0  00000+0 0  9992
2 41550  55.5180 250.1524 0004190 272.1448  87.8560  1.70473784 45017
COSMOS 2516             
1 41554U 16032A   23232.02652760  .00000071  00000+0  00000+0 0  9997
2 41554  63.8679 226.5899 0015489 214.7889 145.1175  2.13106502 56237
BEIDOU-2 G7             
1 41586U 16037A   23231.52665345 -.00000350  00000+0  00000+0 0  9995
2 41586   1.8319  68.2106 0007138 349.8928 209.5623  1.00266598 26421
EUTELSAT 117 WEST B     
1 41589U 16038B   23231.22015807 -.00000009  00000+0  00000+0 0  9999
2 41589   0.0105 250.2933 0000165 211.5487 187.7197  1.00272170 26344
GSAT0207 (GALILEO 15)   
1 41859U 16069A   23231.94626019  .00000006  00000+0  00000+0 0  9991
2 41859  54.9567 129.6990 0003503 306.9407  53.0937  1.70473928 42027
GSAT0212 (GALILEO 16)   
1 41860U 16069B   23230.04117640 -.00000004  00000+0  00000+0 0  9997
2 41860  54.9537 129.7488 0002671 343.5905  16.4589  1.70474161 42020
GSAT0213 (GALILEO 17)   
1 41861U 16069C   23231.58029896  .00000004  00000+0  00000+0 0  9992
2 41861  54.9566 129.7121 0003345 280.9005  79.1273  1.70472786 42040
GSAT0214 (GALILEO 18)   
1 41862U 16069D   23228.20796334 -.00000017  00000+0  00000+0 0  9991
2 41862  54.9536 129.7997 0002530 289.0178  70.9995  1.70472626 41980
SES-15                  
1 42709U 17026A   23231.69357961  .00000064  00000+0  00000+0 0  9993
2 42709   0.0197  43.4016 0000287  96.5578 308.3385  1.00268754 23835
QZS-2 (MICHIBIKI-2)     
1 42738U 17028A   23232.40956369 -.00000113  00000+0  00000+0 0  9990
2 42738  41.0670 258.0785 0753815 269.8844  89.4773  1.00268897 22798
QZS-3 (MICHIBIKI-3)     
1 42917U 17048A   23232.04841230 -.00000343  00000+0  00000+0 0  9996
2 42917   0.0651 149.9884 0002588  10.2995 312.3021  1.00270520 22013
COSMOS 2522             
1 42939U 17055A   23231.28400122  .00000064  00000+0  00000+0 0  9993
2 42939  64.1020 227.1361 0010127 243.1789 116.7266  2.13102042 45967
QZS-4 (MICHIBIKI-4)     
1 42965U 17062A   23231.67693111 -.00000316  00000+0  00000+0 0  9996
2 42965  40.6423 356.6453 0747008 269.0311  84.7980  1.00285808 21457
BEIDOU-3 M1             
1 43001U 17069A   23232.10843676 -.00000003  00000+0  00000+0 0  9990
2 43001  55.8299  97.3355 0008366 303.1246  56.8888  1.86231759 39380
BEIDOU-3 M2             
1 43002U 17069B   23232.04513462 -.00000003  00000+0  00000+0 0  9991
2 43002  55.8295  97.3733 0006857 332.9175  27.1406  1.86231242 39374
GSAT0215 (GALILEO 19)   
1 43055U 17079A   23231.04322977  .00000053  00000+0  00000+0 0  9992
2 43055  55.4943 249.9471 0003739 266.1461  93.8541  1.70474347 35378
GSAT0216 (GALILEO 20)   
1 43056U 17079B   23231.33515818  .00000054  00000+0  00000+0 0  9994
2 43056  55.4944 249.9388 0005280 272.4567  87.5245  1.70474475 35369
GSAT0217 (GALILEO 21)   
1 43057U 17079C   23232.14208544  .00000056  00000+0  00000+0 0  9992
2 43057  55.4932 249.9156 0004658 284.5875  75.3998  1.70474446 35395
GSAT0218 (GALILEO 22)   
1 43058U 17079D   23231.18897902  .00000053  00000+0  00000+0 0  9995
2 43058  55.4914 249.9395 0005753 270.8152  89.1612  1.70474396 35372
BEIDOU-3 M7             
1 43107U 18003A   23231.79600098 -.00000089  00000+0  00000+0 0  9993
2 43107  55.1277 338.0173 0003928  78.7662 281.3100  1.86232603 38138
BEIDOU-3 M8             
1 43108U 18003B   23231.73397442 -.00000089  00000+0  00000+0 0  9994
2 43108  55.1208 338.0065 0003560 240.2689 119.7278  1.86231067 38133
BEIDOU-3 M4             
1 43207U 18018A   23231.10254565 -.00000002  00000+0  00000+0 0  9994
2 43207  55.7880  97.4686 0005342   7.8151 352.2886  1.86231722 37508
BEIDOU-3 M3             
1 43208U 18018B   23231.70614007 -.00000002  00000+0  00000+0 0  9992
2 43208  55.7879  97.4529 0006446 319.5490  40.4975  1.86231572 37517
BEIDOU-3 M9             
1 43245U 18029A   23230.85511357 -.00000090  00000+0  00000+0 0  9991
2 43245  55.0233 335.7853 0001115 192.6698 167.3605  1.86232893 36651
BEIDOU-3 M10            
1 43246U 18029B   23232.39602529 -.00000086  00000+0  00000+0 0  9990
2 43246  55.0195 335.7607 0002752   5.2047 354.8346  1.86233086 36673
IRNSS-1I                
1 43286U 18035A   23231.86298060  .00000092  00000+0  00000+0 0  9999
2 43286  29.2125  90.4418 0019334 177.7210  65.5955  1.00277798 19711
COSMOS 2527             
1 43508U 18053A   23231.24269336  .00000020  00000+0  00000+0 0  9993
2 43508  65.0855 108.4899 0007421 223.9864 136.0462  2.13102502 40268
BEIDOU-2 IGSO-7         
1 43539U 18057A   23231.46913948 -.00000129  00000+0  00000+0 0  9991
2 43539  55.1217 171.9984 0064635 231.7054 205.3531  1.00288826 18803
GSAT0221 (GALILEO 25)   
1 43564U 18060A   23230.50205361 -.00000084  00000+0  00000+0 0  9990
2 43564  57.2836   9.6536 0002142 254.3004 105.6737  1.70476222 31555
GSAT0222 (GALILEO 26)   
1 43565U 18060B   23232.47987865 -.00000077  00000+0  00000+0 0  9997
2 43565  57.2872   9.6015 0002904 203.6134 156.3757  1.70475916 31627
GSAT0219 (GALILEO 23)   
1 43566U 18060C   23230.94247255 -.00000083  00000+0  00000+0 0  9997
2 43566  57.2861   9.6449 0001186 262.3825  97.6026  1.70476195 31577
GSAT0220 (GALILEO 24)   
1 43567U 18060D   23230.57628760 -.00000084  00000+0  00000+0 0  9992
2 43567  57.2860   9.6553 0001517 253.7436 106.2376  1.70476210 31543
BEIDOU-3 M5             
1 43581U 18062A   23231.54244979  .00000056  00000+0  00000+0 0  9992
2 43581  54.1812 217.4511 0005671 277.2346  82.6817  1.86232060 34406
BEIDOU-3 M6             
1 43582U 18062B   23231.40818225  .00000055  00000+0  00000+0 0  9998
2 43582  54.1809 217.4452 0004845 349.2169  10.7534  1.86229839 34400
BEIDOU-3 M12            
1 43602U 18067A   23231.34463497  .00000054  00000+0  00000+0 0  9995
2 43602  54.2681 216.1011 0006809  10.2017 349.7909  1.86231640 33883
BEIDOU-3 M11            
1 43603U 18067B   23231.47845495  .00000055  00000+0  00000+0 0  9993
2 43603  54.2653 216.0623 0003988 352.4587   7.5143  1.86231598 33914
BEIDOU-3 M13            
1 43622U 18072A   23232.13724462 -.00000003  00000+0  00000+0 0  9998
2 43622  55.7572  96.9736 0005795 301.5370 167.8253  1.86231757 33430
BEIDOU-3 M14            
1 43623U 18072B   23231.30270766 -.00000002  00000+0  00000+0 0  9999
2 43623  55.7597  96.9948 0003666 343.1411  16.9418  1.86231776 33423
BEIDOU-3 M16            
1 43647U 18078A   23232.00164632 -.00000087  00000+0  00000+0 0  9996
2 43647  54.9186 335.8693 0006072  13.1589 346.8924  1.86227400 32942
BEIDOU-3 M15            
1 43648U 18078B   23231.59572242 -.00000088  00000+0  00000+0 0  9991
2 43648  54.9146 335.8872 0003100  30.4665 329.5863  1.86232405 32956
BEIDOU-3 G1             
1 43683U 18085A   23232.06646583 -.00000273  00000+0  00000+0 0  9997
2 43683   1.4798 125.4806 0003237 343.9304  22.7297  1.00273676 17708
COSMOS 2529             
1 43687U 18086A   23232.28049996  .00000074  00000+0  00000+0 0  9999
2 43687  64.3172 227.5334 0011739 261.7156  98.1607  2.13102138 37291
BEIDOU-3 M17            
1 43706U 18093A   23231.20691343  .00000052  00000+0  00000+0 0  9995
2 43706  54.2637 217.3786 0010726 278.5431  81.3158  1.86232155 32283
BEIDOU-3 M18            
1 43707U 18093B   23232.14659019  .00000064  00000+0  00000+0 0  9997
2 43707  54.2643 217.3384 0008797 302.3719  57.5245  1.86229938 32316
NAVSTAR 77 (USA 289)    
1 43873U 18109A   23232.20427866  .00000012  00000+0  00000+0 0  9992
2 43873  55.1883 132.9640 0025286 191.7587 348.0788  2.00568352 34324
BEIDOU-3 IGSO-1         
1 44204U 19023A   23231.51498442 -.00000191  00000+0  00000+0 0  9997
2 44204  57.1949  48.4094 0023183 194.3129  29.5070  1.00287785 16004
BEIDOU-2 G8             
1 44231U 19027A   23231.53850677 -.00000244  00000+0  00000+0 0  9994
2 44231   1.9143  81.1924 0005700 123.7102 101.0065  1.00277051 15728
COSMOS 2534             
1 44299U 19030A   23231.40647072  .00000066  00000+0  00000+0 0  9992
2 44299  64.3899 227.4881 0013857 280.3098 263.3346  2.13102142 32924
BEIDOU-3 IGSO-2         
1 44337U 19035A   23231.79725597 -.00000132  00000+0  00000+0 0  9996
2 44337  55.1538 167.9296 0032999 197.7874   8.7541  1.00279804 15344
NAVSTAR 78 (USA 293)    
1 44506U 19056A   23230.85778242 -.00000086  00000+0  00000+0 0  9996
2 44506  55.8188  12.0932 0036217 184.2639   3.2159  2.00565580 29333
BEIDOU-3 M24            
1 44542U 19061A   23232.21843191  .00000065  00000+0  00000+0 0  9996
2 44542  54.4909 217.5709 0008322 335.7328  24.2101  1.86231510 26576
BEIDOU-3 M23            
1 44543U 19061B   23231.55130316  .00000057  00000+0  00000+0 0  9992
2 44543  54.4893 217.5629 0006037 317.9547 226.5814  1.86231926 26553
BEIDOU-3 IGSO-3         
1 44709U 19073A   23230.57239414 -.00000155  00000+0  00000+0 0  9999
2 44709  56.5609 291.9291 0035164 189.0224 171.0412  1.00287322 14078
BEIDOU-3 M22            
1 44793U 19078A   23229.91593542 -.00000094  00000+0  00000+0 0  9990
2 44793  54.7684 335.9104 0005053  22.9696 337.0828  1.86232420 25393
BEIDOU-3 M21            
1 44794U 19078B   23232.19434794 -.00000087  00000+0  00000+0 0  9990
2 44794  54.7408 335.8141 0002927  18.8169 341.2300  1.86232800 25433
COSMOS 2544             
1 44850U 19088A   23230.24788495  .00000020  00000+0  00000+0 0  9994
2 44850  65.0711 108.3665 0011764 254.9601 105.0010  2.13102267 28661
BEIDOU-3 M19            
1 44864U 19090A   23231.78450376 -.00000003  00000+0  00000+0 0  9998
2 44864  55.6922  97.1739 0015826 277.2137   1.8878  1.86232018 25004
BEIDOU-3 M20            
1 44865U 19090B   23231.55148338 -.00000003  00000+0  00000+0 0  9996
2 44865  55.6940  97.2146 0013837 292.2457 280.4138  1.86231966 24981
BEIDOU-3 G2             
1 45344U 20017A   23231.79022431 -.00000137  00000+0  00000+0 0  9999
2 45344   2.0385  15.3313 0003184 141.7104 175.3673  1.00272075 12919
COSMOS 2545             
1 45358U 20018A   23232.32167095 -.00000066  00000+0  00000+0 0  9992
2 45358  64.8486 348.4439 0009233 235.6086 124.3259  2.13102685 26670
BEIDOU-3 G3             
1 45807U 20040A   23232.13762494 -.00000348  00000+0  00000+0 0  9992
2 45807   0.6301 340.4746 0004882 352.2839 155.5578  1.00269824 11738
NAVSTAR 79 (USA 304)    
1 45854U 20041A   23228.86070398 -.00000024  00000+0  00000+0 0  9996
2 45854  55.8657  69.4526 0035214 185.8330 303.1082  2.00564315 23265
GALAXY 30 (G-30)        
1 46114U 20056C   23232.55079550  .00000043  00000+0  00000+0 0  9992
2 46114   0.0220 116.3122 0002777  46.0600 239.5382  1.00271291 11059
COSMOS 2547             
1 46805U 20075A   23231.57226299  .00000068  00000+0  00000+0 0  9992
2 46805  64.6171 227.0339 0008772 244.0110 115.9076  2.13103046 21903
NAVSTAR 80 (USA 309)    
1 46826U 20078A   23230.95594487  .00000034  00000+0  00000+0 0  9999
2 46826  54.3202 252.7303 0035443 194.5168 342.7298  2.00562847 20774
NAVSTAR 81 (USA 319)    
1 48859U 21054A   23230.71153469 -.00000086  00000+0  00000+0 0  9995
2 48859  55.3357  13.8927 0011528 209.7887 332.7315  2.00574928 16011
QZS-1R                  
1 49336U 21096A   23223.74525463 -.00000331  00000+0  00000+0 0  9997
2 49336  35.3005  95.2790 0740332 268.7858 355.3268  1.00301615  6575
GSAT0223 (GALILEO 27)   
1 49809U 21116A   23232.27028066 -.00000078  00000+0  00000+0 0  9998
2 49809  57.2774   9.5060 0003122 166.3846 243.5065  1.70476314 10588
GSAT0224 (GALILEO 28)   
1 49810U 21116B   23231.71310453 -.00000080  00000+0  00000+0 0  9995
2 49810  57.2794   9.5192 0002716 153.5707  26.8498  1.70476368 10592
COSMOS 2557             
1 52984U 22075A   23231.73466913 -.00000068  00000+0  00000+0 0  9997
2 52984  64.7650 350.6249 0011298 276.5751  83.3141  2.13102381  8695
COSMOS 2559             
1 54031U 22130A   23232.14585115 -.00000067  00000+0  00000+0 0  9995
2 54031  64.7359 350.7389 0006713 213.9982 145.9777  2.13101580  6697
COSMOS 2564             
1 54377U 22161A   23232.33912364  .00000076  00000+0  00000+0 0  9992
2 54377  64.7577 227.0582 0011195 226.8324 133.0830  2.13102223  5643
NAVSTAR 82 (USA 343)    
1 55268U 23009A   23231.14471046  .00000037  00000+0  00000+0 0  9996
2 55268  55.0922 189.0486 0004091  92.8476  84.8307  2.00556944  4512
BEIDOU-3 G4             
1 56564U 23066A   23232.41671337 -.00000107  00000+0  00000+0 0  9994
2 56564   2.8833 288.8572 0007203 205.5211 144.0249  1.00274027  1053
IRNSS-1J (NVS-01)       
1 56759U 23076A   23232.03167741 -.00000333  00000+0  00000+0 0  9999
2 56759   4.7807 272.3561 0005672 340.5151 216.1758  1.00269647   853
