NAVSTAR 43 (USA 132)    
1 24876U 97035A   23281.00130304  .00000017  00000+0  00000+0 0  9994
2 24876  55.5955 137.0290 0073951  53.0508 307.7091  2.00564416192244
NAVSTAR 47 (USA 150)    
1 26360U 00025A   23281.40124832 -.00000037  00000+0  00000+0 0  9993
2 26360  54.4621  59.2083 0041764 201.1689 178.0607  2.00568523171567
NAVSTAR 51 (USA 166)    
1 27663U 03005A   23281.63374840 -.00000001  00000+0  00000+0 0  9993
2 27663  55.2289 254.0456 0133087  44.8640 121.4085  2.00564091151602
NAVSTAR 52 (USA 168)    
1 27704U 03010A   23281.62087824 -.00000113  00000+0  00000+0 0  9991
2 27704  55.1153   3.9876 0249767 319.5403  56.9473  2.00576723150401
NAVSTAR 54 (USA 177)    
1 28190U 04009A   23281.40385931 -.00000043  00000+0  00000+0 0  9998
2 28190  55.6641 315.1141 0092503 140.1894  16.5896  2.00566392143232
NAVSTAR 56 (USA 180)    
1 28474U 04045A   23281.62356850 -.00000112  00000+0  00000+0 0  9992
2 28474  55.4426   4.3207 0163099 283.2797  86.4923  2.00556093138728
ANIK F1R                
1 28868U 05036A   23281.58272795 -.00000080  00000+0  00000+0 0  9994
2 28868   1.7761  88.5687 0001754  77.3739 313.5128  1.00273236 36603
NAVSTAR 57 (USA 183)    
1 28874U 05038A   23281.34487271 -.00000038  00000+0  00000+0 0  9997
2 28874  55.7149 312.5693 0140240 280.1055 216.5276  2.00573296132125
INMARSAT 4-F2           
1 28899U 05044A   23278.94424344 -.00000024  00000+0  00000+0 0  9990
2 28899   3.8913  40.9277 0006145  43.1630 334.3200  1.00395805 65629
NAVSTAR 58 (USA 190)    
1 29486U 06042A   23281.42211993 -.00000040  00000+0  00000+0 0  9991
2 29486  54.6811 190.3052 0103892  33.2649  60.3020  2.00567948124689
NAVSTAR 59 (USA 192)    
1 29601U 06052A   23281.21544308  .00000002  00000+0  00000+0 0  9994
2 29601  55.2511 253.0238 0083764  79.4799 281.4501  2.00551386123697
NAVSTAR 60 (USA 196)    
1 32260U 07047A   23281.03126848  .00000026  00000+0  00000+0 0  9995
2 32260  53.4807 120.7435 0152448  71.4834 290.2429  2.00549983117091
COSMOS 2433             
1 32275U 07052A   23281.28838170 -.00000084  00000+0  00000+0 0  9997
2 32275  66.0124 348.8069 0004780 233.3281 126.6855  2.13104210124115
COSMOS 2432             
1 32276U 07052B   23281.47233958 -.00000083  00000+0  00000+0 0  9991
2 32276  66.0267 348.9102 0009287 313.1703 134.9240  2.13103347124149
NAVSTAR 61 (USA 199)    
1 32384U 07062A   23281.59113029 -.00000039  00000+0  00000+0 0  9992
2 32384  55.8475 313.3857 0024530 152.0332  23.2877  2.00560595115802
COSMOS 2434             
1 32393U 07065A   23281.58277572 -.00000014  00000+0  00000+0 0  9991
2 32393  64.3337 225.1427 0001364  68.2237  48.9274  2.13103104122838
COSMOS 2436             
1 32395U 07065C   23281.49289101 -.00000013  00000+0  00000+0 0  9993
2 32395  64.3424 225.2077 0016143 356.6314 187.0392  2.13102760122787
NAVSTAR 62 (USA 201)    
1 32711U 08012A   23280.94430229 -.00000040  00000+0  00000+0 0  9996
2 32711  54.4490 189.1473 0177739 236.0592 122.2737  2.00558355114032
NAVSTAR 64 (USA 206)    
1 35752U 09043A   23281.48421377 -.00000018  00000+0  00000+0 0  9998
2 35752  55.4637  66.3540 0057794  69.9209 336.4097  2.00556129103652
COSMOS 2456             
1 36111U 09070A   23281.42841389  .00000064  00000+0  00000+0 0  9991
2 36111  64.5049 104.6352 0001410 340.4335 176.9795  2.13099248107483
COSMOS 2457             
1 36112U 09070B   23281.59072247  .00000066  00000+0  00000+0 0  9991
2 36112  64.4895 104.4941 0006460 146.9750 266.0094  2.13101424107498
COSMOS 2460             
1 36402U 10007C   23281.50638116 -.00000081  00000+0  00000+0 0  9997
2 36402  65.8741 347.5093 0001915 223.1487 113.9226  2.13106381105782
NAVSTAR 65 (USA 213)    
1 36585U 10022A   23281.50408303 -.00000006  00000+0  00000+0 0  9996
2 36585  54.5510 248.2068 0110496  59.7051 118.3357  2.00563762 97888
BEIDOU-2 IGSO-1         
1 36828U 10036A   23280.35640493 -.00000133  00000+0  00000+0 0  9992
2 36828  54.2338 171.8738 0036568 187.1871 249.1014  1.00244294 48346
QZS-1 (MICHIBIKI-1)     
1 37158U 10045A   23281.55414376  .00000016  00000+0  00000+0 0  9990
2 37158  42.9151 127.2814 0003681 101.2667 102.9130  0.87715865 47772
BEIDOU-2 G4             
1 37210U 10057A   23281.64901309 -.00000118  00000+0  00000+0 0  9993
2 37210   1.2526  62.3594 0007230 163.5543 184.7600  1.00273029 47437
BEIDOU-2 IGSO-2         
1 37256U 10068A   23281.27278715 -.00000173  00000+0  00000+0 0  9993
2 37256  49.3489 283.8920 0032042 213.5290  85.8694  1.00273264 46934
BEIDOU-2 IGSO-3         
1 37384U 11013A   23281.31057993 -.00000170  00000+0  00000+0 0  9991
2 37384  60.9906  49.5661 0028229 176.8159  10.2796  1.00273427 45806
GSAT-8                  
1 37605U 11022A   23281.53256594  .00000077  00000+0  00000+0 0  9994
2 37605   0.0401  49.7180 0007045 203.0280  10.9707  1.00272390 43362
NAVSTAR 66 (USA 232)    
1 37753U 11036A   23281.13640506 -.00000112  00000+0  00000+0 0  9990
2 37753  56.7476  10.1579 0126859  56.3585 302.5967  2.00568967 89550
BEIDOU-2 IGSO-4         
1 37763U 11038A   23281.42513844 -.00000119  00000+0  00000+0 0  9996
2 37763  54.5071 174.4100 0111899 227.7117 222.8994  1.00267346 44792
GSAT0101 (GALILEO-PFM)  
1 37846U 11060A   23280.14549676 -.00000110  00000+0  00000+0 0  9994
2 37846  57.1125   8.4118 0000464  50.4407 309.5924  1.70476001 74343
GSAT0102 (GALILEO-FM2)  
1 37847U 11060B   23277.76000083 -.00000111  00000+0  00000+0 0  9994
2 37847  57.1130   8.4766 0001722 306.1584  76.0509  1.70475330 74310
COSMOS 2476             
1 37867U 11064A   23281.10656685  .00000062  00000+0  00000+0 0  9992
2 37867  64.7840 106.1863 0021282 230.3498 309.7561  2.13101821 92811
COSMOS 2477             
1 37868U 11064B   23281.57838073  .00000067  00000+0  00000+0 0  9992
2 37868  64.7918 106.2401 0018481 230.4660 129.4684  2.13101698 92822
COSMOS 2475             
1 37869U 11064C   23281.59693692  .00000067  00000+0  00000+0 0  9991
2 37869  64.7989 106.2521 0022438 249.0083  83.6794  2.13102009 92826
BEIDOU-2 IGSO-5         
1 37948U 11073A   23281.46921347 -.00000121  00000+0  00000+0 0  9998
2 37948  49.4745 283.5594 0094881 220.8577 136.6124  1.00265120 43279
LUCH-5A                 
1 37951U 11074B   23281.65095931 -.00000050  00000+0  00000+0 0  9996
2 37951   6.2306  89.1011 0004222  96.1791 233.0090  1.00271878 43195
BEIDOU-2 G5             
1 38091U 12008A   23281.53326212  .00000051  00000+0  00000+0 0  9996
2 38091   1.7906  68.9435 0005608 180.6804  17.9386  1.00272282 42517
BEIDOU-2 M3             
1 38250U 12018A   23281.56359148 -.00000090  00000+0  00000+0 0  9995
2 38250  56.4921 337.7393 0024709 257.3278 102.4566  1.86231304 77644
BEIDOU-2 M4             
1 38251U 12018B   23281.49488676 -.00000089  00000+0  00000+0 0  9995
2 38251  56.4024 337.0321 0015598 257.8579 102.0280  1.86232015 77647
SES-5                   
1 38652U 12036A   23281.30761244  .00000026  00000+0  00000+0 0  9995
2 38652   0.0502 301.0065 0002111 262.6064 288.7958  1.00272036 34633
BEIDOU-2 M6             
1 38775U 12050B   23281.20467093  .00000034  00000+0  00000+0 0  9990
2 38775  55.7177  95.6314 0010824 340.0935  19.9064  1.86231318 75005
GSAT-10                 
1 38779U 12051B   23281.53813538 -.00000173  00000+0  00000+0 0  9995
2 38779   0.0391 100.7220 0003356 151.4985  41.4450  1.00272896 40266
NAVSTAR 67 (USA 239)    
1 38833U 12053A   23281.61842483 -.00000037  00000+0  00000+0 0  9997
2 38833  53.5103 183.7923 0144245  52.6458 308.7019  2.00567854 79738
GSAT0103 (GALILEO-FM3)  
1 38857U 12055A   23280.77127148  .00000031  00000+0  00000+0 0  9998
2 38857  55.2955 128.5729 0002127 249.8426 110.2205  1.70473806 68242
GSAT0104 (GALILEO-FM4)  
1 38858U 12055B   23278.98092086  .00000019  00000+0  00000+0 0  9997
2 38858  55.2945 128.6236 0000969 142.2701 217.8188  1.70474018 68217
BEIDOU-2 G6             
1 38953U 12059A   23281.53830943 -.00000182  00000+0  00000+0 0  9996
2 38953   1.9121  81.7922 0006775 301.5637 271.4190  1.00271450 40056
LUCH-5B                 
1 38977U 12061A   23281.18868677 -.00000138  00000+0  00000+0 0  9992
2 38977   8.3307  58.8382 0005709 129.9213 239.4403  1.00271545 39764
COSMOS 2485             
1 39155U 13019A   23280.34450181  .00000053  00000+0  00000+0 0  9994
2 39155  64.9438 106.7430 0021824 226.3824 133.4911  2.13101961 81313
NAVSTAR 68 (USA 242)    
1 39166U 13023A   23281.48144485 -.00000032  00000+0  00000+0 0  9992
2 39166  55.3297 308.7461 0115013  41.5826 319.3398  2.00564343 76178
IRNSS-1A                
1 39199U 13034A   23281.53239189  .00000098  00000+0  00000+0 0  9993
2 39199  33.5038  78.1829 0021273 180.1704   5.2849  1.00276452 37517
NAVSTAR 69 (USA 248)    
1 39533U 14008A   23280.98307823 -.00000041  00000+0  00000+0 0  9995
2 39533  53.5970 189.3807 0067085 215.5469 144.0382  2.00553636 69960
ASTRA 5B                
1 39617U 14011B   23281.52621330  .00000130  00000+0  00000+0 0  9993
2 39617   0.0803 302.2522 0003495 276.6221  10.9578  1.00271105 34815
COSMOS 2492             
1 39620U 14012A   23281.23852970 -.00000082  00000+0  00000+0 0  9999
2 39620  65.7576 347.1319 0012454 311.8330  48.1198  2.13103239 74298
IRNSS-1B                
1 39635U 14017A   23281.53239189  .00000096  00000+0  00000+0 0  9998
2 39635  28.6392 257.0912 0018803 190.8958 175.6397  1.00275642 34949
LUCH-5V                 
1 39727U 14023A   23281.61876191 -.00000274  00000+0  00000+0 0  9995
2 39727   2.6601  77.1337 0004155 156.0800 101.2542  1.00269456 34508
NAVSTAR 70 (USA 251)    
1 39741U 14026A   23281.26463327 -.00000112  00000+0  00000+0 0  9999
2 39741  56.6996   9.6749 0030083 309.7343  50.0314  2.00554870 68823
COSMOS 2500             
1 40001U 14032A   23281.42136933 -.00000081  00000+0  00000+0 0  9990
2 40001  65.6956 346.9505 0008525 207.8293 152.1843  2.13106052 72516
NAVSTAR 71 (USA 256)    
1 40105U 14045A   23280.84921936  .00000023  00000+0  00000+0 0  9994
2 40105  54.8255 127.7324 0027014 114.2100 246.1517  2.00549275 66350
GSAT0201 (GALILEO 5)    
1 40128U 14050A   23279.68265073 -.00000064  00000+0  00000+0 0  9994
2 40128  49.9064 313.2721 1607808 141.6024 231.0293  1.85519484 60052
GSAT0202 (GALILEO 6)    
1 40129U 14050B   23281.01990461 -.00000056  00000+0  00000+0 0  9992
2 40129  49.9242 312.2908 1605670 142.4630 229.9271  1.85520192 62247
IRNSS-1C                
1 40269U 14061A   23281.53813538 -.00000166  00000+0  00000+0 0  9997
2 40269   4.0445 111.6659 0019790   6.1084 175.8939  1.00272050 32839
NAVSTAR 72 (USA 258)    
1 40294U 14068A   23280.72556410 -.00000012  00000+0  00000+0 0  9995
2 40294  56.2074  69.1518 0049086  62.6881 297.8196  2.00574106 65483
COSMOS 2501             
1 40315U 14075A   23281.20237786 -.00000012  00000+0  00000+0 0  9993
2 40315  63.6368 224.4798 0019415 209.9458 149.9345  2.13101308 68907
NAVSTAR 73 (USA 260)    
1 40534U 15013A   23281.36293561 -.00000010  00000+0  00000+0 0  9997
2 40534  53.4494 244.8799 0082080  25.8852 334.5039  2.00552559 62118
GSAT0203 (GALILEO 7)    
1 40544U 15017A   23272.29929207 -.00000102  00000+0  00000+0 0  9999
2 40544  56.9059   8.5936 0003937 234.5687 125.4158  1.70476049 52956
GSAT0204 (GALILEO 8)    
1 40545U 15017B   23280.17861038 -.00000110  00000+0  00000+0 0  9992
2 40545  56.9137   8.3939 0004319 222.7050 137.2905  1.70475799 15471
IRNSS-1D                
1 40547U 15018A   23280.87117429 -.00000289  00000+0  00000+0 0  9997
2 40547  28.0068 257.0686 0019048 187.7725 356.8250  1.00272720 31384
BEIDOU-3S IGSO-1S       
1 40549U 15019A   23281.37941046 -.00000121  00000+0  00000+0 0  9991
2 40549  51.0384 307.1695 0040832 197.2135  99.9456  1.00250070 31215
NAVSTAR 74 (USA 262)    
1 40730U 15033A   23281.52479266 -.00000031  00000+0  00000+0 0  9996
2 40730  54.8174 307.3419 0086515  13.9840 346.3055  2.00553494 60286
BEIDOU-3S M2S           
1 40748U 15037A   23281.16035705 -.00000090  00000+0  00000+0 0  9990
2 40748  55.6421 335.6216 0012434 245.9502 113.9793  1.86233265 55813
BEIDOU-3S M1S           
1 40749U 15037B   23281.43050601 -.00000089  00000+0  00000+0 0  9991
2 40749  55.6450 335.5988 0004588 295.5485  64.4645  1.86233038 55828
GSAT0205 (GALILEO 9)    
1 40889U 15045A   23280.53317048  .00000002  00000+0  00000+0 0  9990
2 40889  55.3471 248.7792 0004113   4.7382 355.2405  1.70473155 50246
GSAT0206 (GALILEO 10)   
1 40890U 15045B   23279.58067315  .00000006  00000+0  00000+0 0  9998
2 40890  55.3468 248.8010 0002654 338.9041  21.0598  1.70473193 50254
BEIDOU-3S IGSO-2S       
1 40938U 15053A   23281.31268873 -.00000113  00000+0  00000+0 0  9996
2 40938  50.7591 270.3482 0047690 194.6563 120.8655  1.00275715 29498
NAVSTAR 75 (USA 265)    
1 41019U 15062A   23281.07762724 -.00000012  00000+0  00000+0 0  9992
2 41019  56.1909  68.9887 0090644 221.2866 138.0351  2.00562315 58113
GSAT-15                 
1 41028U 15065A   23281.61865450 -.00000266  00000+0  00000+0 0  9996
2 41028   0.0377  98.0559 0002347  94.6005 140.5708  1.00272955 28949
GSAT0209 (GALILEO 12)   
1 41174U 15079A   23280.92547367  .00000033  00000+0  00000+0 0  9991
2 41174  55.3135 128.2759 0002198 343.9838  16.0957  1.70474321 48013
GSAT0208 (GALILEO 11)   
1 41175U 15079B   23279.38534981  .00000021  00000+0  00000+0 0  9995
2 41175  55.3111 128.3163 0001755 354.9595   5.1210  1.70474137 48407
IRNSS-1E                
1 41241U 16003A   23281.52121311 -.00000280  00000+0  00000+0 0  9993
2 41241  31.0562  77.2784 0021044 179.7699  59.3591  1.00276059 28221
NAVSTAR 76 (USA 266)    
1 41328U 16007A   23281.16737411  .00000027  00000+0  00000+0 0  9995
2 41328  55.0288 128.5058 0071916 233.5944 125.8197  2.00574144 56125
COSMOS 2514             
1 41330U 16008A   23281.18384007 -.00000082  00000+0  00000+0 0  9992
2 41330  65.4927 346.5314 0012406 213.3515 146.6294  2.13102670 59676
IRNSS-1F                
1 41384U 16015A   23281.52804076  .00000153  00000+0  00000+0 0  9998
2 41384   3.0028 128.2001 0019069 173.4024 297.8882  1.00266516 27814
BEIDOU-2 IGSO-6         
1 41434U 16021A   23281.31842326 -.00000150  00000+0  00000+0 0  9996
2 41434  58.8055  47.9206 0048395 219.0132 321.2179  1.00276653 27626
IRNSS-1G                
1 41469U 16027A   23281.59055976 -.00000339  00000+0  00000+0 0  9996
2 41469   2.8918 129.7824 0001302 357.4098 231.9679  1.00273519 27328
GSAT0211 (GALILEO 14)   
1 41549U 16030A   23281.26612039  .00000000  00000+0  00000+0 0  9996
2 41549  55.4933 248.7385 0004031 319.7676  40.1762  1.70473231 45915
GSAT0210 (GALILEO 13)   
1 41550U 16030B   23279.21125362  .00000007  00000+0  00000+0 0  9995
2 41550  55.4937 248.7961 0003807 285.6305  74.3020  1.70473699 45870
COSMOS 2516             
1 41554U 16032A   23280.35912262 -.00000003  00000+0  00000+0 0  9998
2 41554  63.8634 224.9193 0015243 213.8061 146.0891  2.13106430 57266
BEIDOU-2 G7             
1 41586U 16037A   23281.63302836 -.00000360  00000+0  00000+0 0  9996
2 41586   1.9517  68.8619 0006719 337.3229 309.2504  1.00268756 26937
EUTELSAT 117 WEST B     
1 41589U 16038B   23281.25118684 -.00000019  00000+0  00000+0 0  9995
2 41589   0.0138  54.9019 0000169  73.2625 221.8976  1.00272403 26800
GSAT0207 (GALILEO 15)   
1 41859U 16069A   23281.21929720  .00000035  00000+0  00000+0 0  9993
2 41859  54.9767 128.3313 0001990 314.6369  45.4344  1.70474222 42648
GSAT0212 (GALILEO 16)   
1 41860U 16069B   23281.07391539  .00000033  00000+0  00000+0 0  9998
2 41860  54.9738 128.3322 0001963  21.7835 338.3118  1.70474452 42897
GSAT0213 (GALILEO 17)   
1 41861U 16069C   23281.44024329  .00000036  00000+0  00000+0 0  9993
2 41861  54.9766 128.3281 0001908 266.1758  93.8908  1.70473150 42761
GSAT0214 (GALILEO 18)   
1 41862U 16069D   23281.58751518  .00000038  00000+0  00000+0 0  9998
2 41862  54.9748 128.3178 0000950 268.9388  91.1393  1.70473015 42895
SES-15                  
1 42709U 17026A   23281.56854578  .00000053  00000+0  00000+0 0  9998
2 42709   0.0409  23.7819 0000397 198.1946 230.4895  1.00268373 24292
QZS-2 (MICHIBIKI-2)     
1 42738U 17028A   23281.27050359 -.00000202  00000+0  00000+0 0  9992
2 42738  40.9908 257.3836 0747238 270.5430  85.6724  1.00255823 23296
QZS-3 (MICHIBIKI-3)     
1 42917U 17048A   23281.59077244 -.00000355  00000+0  00000+0 0  9999
2 42917   0.0626 216.5991 0001586 343.8922 156.1287  1.00277888 22402
COSMOS 2522             
1 42939U 17055A   23280.55616775 -.00000004  00000+0  00000+0 0  9995
2 42939  64.0976 225.4474 0008712 242.7722 117.1308  2.13102025 47012
QZS-4 (MICHIBIKI-4)     
1 42965U 17062A   23281.55929241 -.00000338  00000+0  00000+0 0  9998
2 42965  40.6218 356.0099 0749991 269.9668  91.8435  1.00271950 21969
BEIDOU-3 M1             
1 43001U 17069A   23280.97097077  .00000032  00000+0  00000+0 0  9995
2 43001  55.8690  95.7024 0007151 298.5176  61.4521  1.86231725 40291
BEIDOU-3 M2             
1 43002U 17069B   23280.90776673  .00000032  00000+0  00000+0 0  9995
2 43002  55.8682  95.7410 0005397 333.2844  26.7295  1.86231252 40287
GSAT0215 (GALILEO 19)   
1 43055U 17079A   23279.72960230  .00000005  00000+0  00000+0 0  9996
2 43055  55.4705 248.6061 0003372 277.8111  82.1256  1.70473928 36200
GSAT0216 (GALILEO 20)   
1 43056U 17079B   23281.19466296  .00000001  00000+0  00000+0 0  9990
2 43056  55.4702 248.5657 0004923 282.1706  77.7480  1.70474068 36249
GSAT0217 (GALILEO 21)   
1 43057U 17079C   23279.06869399  .00000007  00000+0  00000+0 0  9991
2 43057  55.4692 248.6232 0004441 293.6073  66.3202  1.70474031 36197
GSAT0218 (GALILEO 22)   
1 43058U 17079D   23279.87533076  .00000005  00000+0  00000+0 0  9999
2 43058  55.4689 248.5986 0005359 278.2882  81.6260  1.70474026 36238
BEIDOU-3 M7             
1 43107U 18003A   23281.19542041 -.00000092  00000+0  00000+0 0  9999
2 43107  55.0985 336.3221 0002779  73.0440 287.0454  1.86232601 39047
BEIDOU-3 M8             
1 43108U 18003B   23281.13380192 -.00000092  00000+0  00000+0 0  9991
2 43108  55.0915 336.3111 0004652 249.5596 110.4493  1.86231063 39057
BEIDOU-3 M4             
1 43207U 18018A   23281.03899124  .00000033  00000+0  00000+0 0  9990
2 43207  55.8279  95.7979 0004266  20.7343 339.3251  1.86231660 38434
BEIDOU-3 M3             
1 43208U 18018B   23281.10565304  .00000034  00000+0  00000+0 0  9990
2 43208  55.8271  95.8001 0005044 317.0712  42.9316  1.86231634 38431
BEIDOU-3 M9             
1 43245U 18029A   23281.32837355 -.00000087  00000+0  00000+0 0  9994
2 43245  54.9913 334.0482 0001849 237.6241 122.4179  1.86232878 37597
BEIDOU-3 M10            
1 43246U 18029B   23280.72139973 -.00000091  00000+0  00000+0 0  9994
2 43246  54.9890 334.0979 0002999 342.5070  17.5414  1.86233035 37576
IRNSS-1I                
1 43286U 18035A   23281.53273998  .00000105  00000+0  00000+0 0  9996
2 43286  29.3304  89.6439 0021125 176.6662 357.4163  1.00273363 20220
COSMOS 2527             
1 43508U 18053A   23280.98416806  .00000061  00000+0  00000+0 0  9999
2 43508  65.1054 106.8208 0007532 213.4254 146.5836  2.13102498 41329
BEIDOU-2 IGSO-7         
1 43539U 18057A   23281.63141419 -.00000150  00000+0  00000+0 0  9995
2 43539  55.1176 171.5587 0063821 230.3869 316.2468  1.00273412 19297
GSAT0221 (GALILEO 25)   
1 43564U 18060A   23273.32270937 -.00000104  00000+0  00000+0 0  9991
2 43564  57.2877   8.5008 0003568 254.1728 105.8116  1.70476119 32274
GSAT0222 (GALILEO 26)   
1 43565U 18060B   23277.64693084 -.00000111  00000+0  00000+0 0  9991
2 43565  57.2917   8.3852 0004153 222.8064 137.1905  1.70475954 32394
GSAT0219 (GALILEO 23)   
1 43566U 18060C   23281.38872123 -.00000107  00000+0  00000+0 0  9996
2 43566  57.2911   8.2866 0002992 258.9298 101.0665  1.70476333 32431
GSAT0220 (GALILEO 24)   
1 43567U 18060D   23279.26282748 -.00000111  00000+0  00000+0 0  9994
2 43567  57.2907   8.3437 0003304 255.3398 104.6528  1.70476293 32388
BEIDOU-3 M5             
1 43581U 18062A   23280.94160187 -.00000034  00000+0  00000+0 0  9995
2 43581  54.1707 215.7671 0004249 290.9231  69.0228  1.86232028 35323
BEIDOU-3 M6             
1 43582U 18062B   23281.34485352 -.00000037  00000+0  00000+0 0  9998
2 43582  54.1702 215.7430 0005614   8.6490 351.3512  1.86229934 35336
BEIDOU-3 M12            
1 43602U 18067A   23281.28084389 -.00000038  00000+0  00000+0 0  9995
2 43602  54.2578 214.4035 0007401  17.1151 342.9022  1.86231506 34815
BEIDOU-3 M11            
1 43603U 18067B   23281.41467289 -.00000039  00000+0  00000+0 0  9996
2 43603  54.2548 214.3648 0004371   5.3141 354.6827  1.86231490 34841
BEIDOU-3 M13            
1 43622U 18072A   23280.29975832  .00000025  00000+0  00000+0 0  9990
2 43622  55.7968  95.3621 0003979 291.5244  68.4728  1.86231591 34334
BEIDOU-3 M14            
1 43623U 18072B   23280.16521323  .00000023  00000+0  00000+0 0  9997
2 43623  55.7986  95.3593 0002299 349.6953  10.3393  1.86231582 34322
BEIDOU-3 M16            
1 43647U 18078A   23280.86543482 -.00000090  00000+0  00000+0 0  9991
2 43647  54.8879 334.1841 0006031   2.4014 357.6604  1.86227414 33846
BEIDOU-3 M15            
1 43648U 18078B   23280.99515234 -.00000090  00000+0  00000+0 0  9990
2 43648  54.8836 334.1833 0002789   7.1776 352.8855  1.86232380 33870
BEIDOU-3 G1             
1 43683U 18085A   23281.58730097 -.00000285  00000+0  00000+0 0  9995
2 43683   1.5890 122.0637 0001952   8.0855 238.2091  1.00267044 18203
COSMOS 2529             
1 43687U 18086A   23281.08342896 -.00000008  00000+0  00000+0 0  9994
2 43687  64.3129 225.8739 0010397 263.7310  96.1412  2.13102072 38331
BEIDOU-3 M17            
1 43706U 18093A   23281.14300194 -.00000036  00000+0  00000+0 0  9997
2 43706  54.2532 215.6800 0009371 284.6739  75.2134  1.86232115 33236
BEIDOU-3 M18            
1 43707U 18093B   23280.47240336 -.00000030  00000+0  00000+0 0  9998
2 43707  54.2541 215.6944 0007988 312.6003  47.3246  1.86229940 33218
NAVSTAR 77 (USA 289)    
1 43873U 18109A   23281.30796053  .00000027  00000+0  00000+0 0  9990
2 43873  55.2036 131.0221 0026275 189.9401 166.3053  2.00570202 35350
BEIDOU-3 IGSO-1         
1 44204U 19023A   23281.25870573 -.00000204  00000+0  00000+0 0  9997
2 44204  57.2723  47.8867 0024060 196.4706 345.2882  1.00272755 16487
BEIDOU-2 G8             
1 44231U 19027A   23281.63692514 -.00000252  00000+0  00000+0 0  9993
2 44231   2.0424  80.9798 0006954 135.9745 173.9042  1.00273720 16226
COSMOS 2534             
1 44299U 19030A   23281.61991819 -.00000013  00000+0  00000+0 0  9994
2 44299  64.3857 225.7852 0012676 283.8845 261.8247  2.13101980 33982
BEIDOU-3 IGSO-2         
1 44337U 19035A   23281.11983206 -.00000149  00000+0  00000+0 0  9998
2 44337  55.1517 167.4949 0032823 195.6310 175.7277  1.00264367 15810
NAVSTAR 78 (USA 293)    
1 44506U 19056A   23281.59804625 -.00000112  00000+0  00000+0 0  9998
2 44506  55.8253  10.0848 0037941 187.0535 277.6480  2.00566428 30362
BEIDOU-3 M24            
1 44542U 19061A   23280.00689883 -.00000024  00000+0  00000+0 0  9998
2 44542  54.4805 215.9551 0008530 347.8127  12.1594  1.86231549 27463
BEIDOU-3 M23            
1 44543U 19061B   23281.46940927 -.00000038  00000+0  00000+0 0  9994
2 44543  54.4789 215.8747 0005735 335.1403 197.3113  1.86231963 27498
BEIDOU-3 IGSO-3         
1 44709U 19073A   23281.42924500 -.00000145  00000+0  00000+0 0  9995
2 44709  56.4794 291.3919 0034969 190.8565 169.0969  1.00271738 14600
BEIDOU-3 M22            
1 44793U 19078A   23279.85230438 -.00000095  00000+0  00000+0 0  9991
2 44793  54.7368 334.1822 0004783  10.2986 349.7682  1.86232327 26318
BEIDOU-3 M21            
1 44794U 19078B   23281.05669213 -.00000089  00000+0  00000+0 0  9997
2 44794  54.7099 334.1219 0002897 354.7550   5.3011  1.86232785 26349
COSMOS 2544             
1 44850U 19088A   23280.92793239  .00000061  00000+0  00000+0 0  9991
2 44850  65.0914 106.6649 0011139 248.4279 111.5095  2.13102271 29766
BEIDOU-3 M19            
1 44864U 19090A   23281.30143383  .00000035  00000+0  00000+0 0  9992
2 44864  55.7321  95.5132 0015167 273.9977  83.8573  1.86231957 25924
BEIDOU-3 M20            
1 44865U 19090B   23281.43602962  .00000036  00000+0  00000+0 0  9991
2 44865  55.7339  95.5415 0012880 289.2742 248.6007  1.86231916 25914
BEIDOU-3 G2             
1 45344U 20017A   23281.53752623 -.00000148  00000+0  00000+0 0  9991
2 45344   2.0707  17.9638 0003249 185.8814  86.6270  1.00272644 13408
COSMOS 2545             
1 45358U 20018A   23281.59403179 -.00000081  00000+0  00000+0 0  9998
2 45358  64.8328 346.7346 0011170 241.6648 118.2819  2.13102652 27722
BEIDOU-3 G3             
1 45807U 20040A   23281.56141413 -.00000361  00000+0  00000+0 0  9990
2 45807   0.5934 351.2372 0007848 316.1384  22.2592  1.00272057 12215
NAVSTAR 79 (USA 304)    
1 45854U 20041A   23281.52857670 -.00000015  00000+0  00000+0 0  9994
2 45854  55.9131  67.3744 0037475 187.1913 170.4485  2.00562841 24327
GALAXY 30 (G-30)        
1 46114U 20056C   23281.57209558  .00000030  00000+0  00000+0 0  9997
2 46114   0.0184 193.4464 0002593  12.6762 251.7713  1.00270456 11435
COSMOS 2547             
1 46805U 20075A   23281.31356071 -.00000011  00000+0  00000+0 0  9990
2 46805  64.6132 225.3618 0007788 243.5274 116.3833  2.13102857 22964
NAVSTAR 80 (USA 309)    
1 46826U 20078A   23281.29272219 -.00000003  00000+0  00000+0 0  9995
2 46826  54.2964 250.6846 0036663 194.9367 328.0639  2.00562902 21798
NAVSTAR 81 (USA 319)    
1 48859U 21054A   23281.32371119 -.00000113  00000+0  00000+0 0  9993
2 48859  55.3437  11.8653 0013278 215.0049 153.6668  2.00571932 17045
QZS-1R                  
1 49336U 21096A   23281.51256110 -.00000230  00000+0  00000+0 0  9994
2 49336  35.4241  94.3893 0745643 269.9180 332.0194  1.00281594  7151
GSAT0223 (GALILEO 27)   
1 49809U 21116A   23277.29379497 -.00000111  00000+0  00000+0 0  9994
2 49809  57.2820   8.2923 0003651 199.0596 122.7870  1.70476230 11351
GSAT0224 (GALILEO 28)   
1 49810U 21116B   23279.50556902 -.00000111  00000+0  00000+0 0  9990
2 49810  57.2829   8.2311 0002917 191.6737 160.0776  1.70476466 11410
COSMOS 2557             
1 52984U 22075A   23281.00709251 -.00000087  00000+0  00000+0 0  9998
2 52984  64.7507 348.9107 0012872 275.3019  84.6077  2.13102383  9765
COSMOS 2559             
1 54031U 22130A   23280.94918572 -.00000087  00000+0  00000+0 0  9995
2 54031  64.7220 349.0390 0007732 223.1881 136.8073  2.13101591  7736
COSMOS 2564             
1 54377U 22161A   23281.14210032 -.00000009  00000+0  00000+0 0  9995
2 54377  64.7539 225.4267 0009906 224.0614 135.8506  2.13102222  6686
NAVSTAR 82 (USA 343)    
1 55268U 23009A   23281.49035182 -.00000038  00000+0  00000+0 0  9998
2 55268  55.0871 187.0757 0004833  89.1639  79.1939  2.00553558  5537
BEIDOU-3 G4             
1 56564U 23066A   23281.57966112 -.00000122  00000+0  00000+0 0  9990
2 56564   2.7603 288.6738 0006010 223.7699 233.2328  1.00272297  1546
IRNSS-1J (NVS-01)       
1 56759U 23076A   23281.48638095 -.00000351  00000+0  00000+0 0  9997
2 56759   4.6529 271.4237 0007322 347.7680  62.3714  1.00270987  1261
