NAVSTAR 43 (USA 132)    
1 24876U 97035A   23270.03259996  .00000046  00000+0  00000+0 0  9996
2 24876  55.5925 137.4578 0073522  52.8459 307.9203  2.00564135192010
NAVSTAR 47 (USA 150)    
1 26360U 00025A   23270.40927177 -.00000024  00000+0  00000+0 0  9990
2 26360  54.4527  59.6580 0041703 200.4448 161.7998  2.00569053171343
NAVSTAR 51 (USA 166)    
1 27663U 03005A   23270.00523170  .00000015  00000+0  00000+0 0  9998
2 27663  55.2350 254.5081 0132623  44.7835   5.0644  2.00564612151371
NAVSTAR 52 (USA 168)    
1 27704U 03010A   23270.11546228 -.00000094  00000+0  00000+0 0  9999
2 27704  55.1154   4.4522 0249340 319.2622  29.2293  2.00575860150160
NAVSTAR 54 (USA 177)    
1 28190U 04009A   23270.32657609 -.00000032  00000+0  00000+0 0  9999
2 28190  55.6726 315.5552 0092635 139.7416 298.5912  2.00566486143017
NAVSTAR 56 (USA 180)    
1 28474U 04045A   23270.13613521 -.00000094  00000+0  00000+0 0  9996
2 28474  55.4428   4.7805 0162656 282.9224  72.6998  2.00555366138481
ANIK F1R                
1 28868U 05036A   23270.55996331 -.00000087  00000+0  00000+0 0  9995
2 28868   1.7466  88.7185 0001916  79.3687 292.2977  1.00271610 36490
NAVSTAR 57 (USA 183)    
1 28874U 05038A   23270.37227546 -.00000028  00000+0  00000+0 0  9994
2 28874  55.7235 313.0060 0140074 279.8896 213.6042  2.00573798131909
INMARSAT 4-F2           
1 28899U 05044A   23270.49993139 -.00000001  00000+0  00000+0 0  9990
2 28899   3.8796  40.8249 0002931 155.7627  53.3442  1.00270833 65552
NAVSTAR 58 (USA 190)    
1 29486U 06042A   23269.84651175 -.00000013  00000+0  00000+0 0  9993
2 29486  54.6823 190.7639 0103631  32.8522 342.3104  2.00568417124603
NAVSTAR 59 (USA 192)    
1 29601U 06052A   23270.24601044  .00000011  00000+0  00000+0 0  9996
2 29601  55.2564 253.4594 0083530  79.4475 281.4821  2.00550720123478
NAVSTAR 60 (USA 196)    
1 32260U 07047A   23270.06189525  .00000052  00000+0  00000+0 0  9996
2 32260  53.4752 121.1985 0152140  71.2143 290.5283  2.00550288116871
COSMOS 2433             
1 32275U 07052A   23270.02616913 -.00000065  00000+0  00000+0 0  9995
2 32275  66.0155 349.1816 0004446 228.6354 131.3787  2.13103985123877
COSMOS 2432             
1 32276U 07052B   23270.51945681 -.00000065  00000+0  00000+0 0  9997
2 32276  66.0298 349.2742 0008871 315.0065  10.4301  2.13103106123909
NAVSTAR 61 (USA 199)    
1 32384U 07062A   23270.38931566 -.00000029  00000+0  00000+0 0  9990
2 32384  55.8560 313.8298 0024650 151.6512 215.5600  2.00559800115581
COSMOS 2434             
1 32393U 07065A   23269.91424182  .00000008  00000+0  00000+0 0  9997
2 32393  64.3350 225.5386 0000900  68.4478  96.9473  2.13102990122583
COSMOS 2436             
1 32395U 07065C   23269.79654823  .00000009  00000+0  00000+0 0  9993
2 32395  64.3435 225.6044 0015986 354.9874 215.6080  2.13102669122536
NAVSTAR 62 (USA 201)    
1 32711U 08012A   23269.97527038 -.00000012  00000+0  00000+0 0  9990
2 32711  54.4500 189.5846 0177665 235.9936 122.3178  2.00557855113819
NAVSTAR 64 (USA 206)    
1 35752U 09043A   23270.45855833 -.00000006  00000+0  00000+0 0  9998
2 35752  55.4541  66.7941 0058020  69.6900 295.8584  2.00556522103435
COSMOS 2456             
1 36111U 09070A   23270.51587403  .00000076  00000+0  00000+0 0  9996
2 36111  64.5001 105.0101 0001566 340.2803  85.5141  2.13099099107257
COSMOS 2457             
1 36112U 09070B   23269.74367405  .00000079  00000+0  00000+0 0  9991
2 36112  64.4836 104.9014 0006282 146.6458 177.7127  2.13101275107234
COSMOS 2460             
1 36402U 10007C   23270.26994007 -.00000063  00000+0  00000+0 0  9992
2 36402  65.8774 347.8851 0001699 208.5705 148.1801  2.13106151105540
NAVSTAR 65 (USA 213)    
1 36585U 10022A   23270.54520675  .00000004  00000+0  00000+0 0  9992
2 36585  54.5561 248.6493 0110022  59.6778 125.4708  2.00563055 97660
BEIDOU-2 IGSO-1         
1 36828U 10036A   23270.32625322 -.00000148  00000+0  00000+0 0  9998
2 36828  54.2344 171.9648 0036763 187.5653 228.9154  1.00246416 48240
QZS-1 (MICHIBIKI-1)     
1 37158U 10045A   23270.19870734  .00000013  00000+0  00000+0 0  9999
2 37158  42.8998 127.4117 0003171 110.6000 107.6659  0.87714813 47676
BEIDOU-2 G4             
1 37210U 10057A   23270.52234438 -.00000126  00000+0  00000+0 0  9999
2 37210   1.2268  61.8764 0006756 156.9000 135.2929  1.00272257 47324
BEIDOU-2 IGSO-2         
1 37256U 10068A   23270.30049745 -.00000176  00000+0  00000+0 0  9997
2 37256  49.3685 284.0266 0032331 213.6448  84.7855  1.00276061 46828
BEIDOU-2 IGSO-3         
1 37384U 11013A   23270.29689213 -.00000171  00000+0  00000+0 0  9993
2 37384  60.9738  49.6733 0028426 175.5605 355.7219  1.00275358 45690
GSAT-8                  
1 37605U 11022A   23270.49810392  .00000070  00000+0  00000+0 0  9992
2 37605   0.0167 192.1530 0006104  58.6862 349.5797  1.00271566 43250
NAVSTAR 66 (USA 232)    
1 37753U 11036A   23268.16259542 -.00000085  00000+0  00000+0 0  9993
2 37753  56.7463  10.6608 0126939  56.3793 294.6688  2.00568606 89296
BEIDOU-2 IGSO-4         
1 37763U 11038A   23270.24154959 -.00000103  00000+0  00000+0 0  9995
2 37763  54.5079 174.5101 0111976 227.7573 145.8633  1.00268960 44689
GSAT0101 (GALILEO-PFM)  
1 37846U 11060A   23266.06746598 -.00000081  00000+0  00000+0 0  9998
2 37846  57.1113   8.7932 0001018  73.4154 286.6185  1.70475750 74105
GSAT0102 (GALILEO-FM2)  
1 37847U 11060B   23262.59751560 -.00000079  00000+0  00000+0 0  9995
2 37847  57.1117   8.8871 0001306 321.5110 115.1776  1.70475346 74059
COSMOS 2476             
1 37867U 11064A   23269.60507882  .00000081  00000+0  00000+0 0  9998
2 37867  64.7791 106.5770 0021218 230.8653 125.7081  2.13101660 92560
COSMOS 2477             
1 37868U 11064B   23269.16795816  .00000080  00000+0  00000+0 0  9995
2 37868  64.7863 106.6616 0018421 231.0422 328.0636  2.13101539 92558
COSMOS 2475             
1 37869U 11064C   23270.39551506  .00000079  00000+0  00000+0 0  9997
2 37869  64.7938 106.6323 0022424 249.5081 129.8408  2.13101880 92597
BEIDOU-2 IGSO-5         
1 37948U 11073A   23270.50628404 -.00000128  00000+0  00000+0 0  9996
2 37948  49.4938 283.6930 0095150 220.8612 139.3630  1.00266829 43176
LUCH-5A                 
1 37951U 11074B   23270.50219461 -.00000057  00000+0  00000+0 0  9991
2 37951   6.2010  89.2931 0004427  83.0757 181.4146  1.00269571 43086
BEIDOU-2 G5             
1 38091U 12008A   23270.49888712  .00000044  00000+0  00000+0 0  9999
2 38091   1.7636  68.7708 0004824 174.5488   1.0596  1.00267765 42402
BEIDOU-2 M3             
1 38250U 12018A   23269.75056292 -.00000072  00000+0  00000+0 0  9996
2 38250  56.4986 338.1317 0024270 256.4860 103.3056  1.86231005 77424
BEIDOU-2 M4             
1 38251U 12018B   23270.21886321 -.00000073  00000+0  00000+0 0  9995
2 38251  56.4088 337.4075 0015193 256.6547 103.2392  1.86231708 77432
SES-5                   
1 38652U 12036A   23270.34484816  .00000019  00000+0  00000+0 0  9996
2 38652   0.0536 305.3630 0002103 239.1907 310.4619  1.00271505 34526
BEIDOU-2 M6             
1 38775U 12050B   23267.78090217  .00000052  00000+0  00000+0 0  9997
2 38775  55.7067  96.0816 0011084 340.2794  19.7486  1.86231130 74758
GSAT-10                 
1 38779U 12051B   23270.50376038 -.00000180  00000+0  00000+0 0  9997
2 38779   0.0140 177.0924 0002638  69.8003  23.5163  1.00270606 40158
NAVSTAR 67 (USA 239)    
1 38833U 12053A   23270.15137597 -.00000009  00000+0  00000+0 0  9996
2 38833  53.5111 184.2609 0143499  52.4030 308.9102  2.00567509 79505
GSAT0103 (GALILEO-FM3)  
1 38857U 12055A   23270.21277933  .00000042  00000+0  00000+0 0  9996
2 38857  55.2908 128.8635 0002306 255.6678 104.4151  1.70473605 68064
GSAT0104 (GALILEO-FM4)  
1 38858U 12055B   23269.00902643  .00000038  00000+0  00000+0 0  9990
2 38858  55.2905 128.8982 0000695 148.4840 211.6239  1.70473861 68046
BEIDOU-2 G6             
1 38953U 12059A   23270.50393443 -.00000189  00000+0  00000+0 0  9997
2 38953   1.8832  81.8389 0007024 308.7504 240.9296  1.00272247 39941
LUCH-5B                 
1 38977U 12061A   23270.20466015 -.00000143  00000+0  00000+0 0  9999
2 38977   8.3053  58.9285 0005902 119.9026 244.3205  1.00271021 39653
COSMOS 2485             
1 39155U 13019A   23269.08228525  .00000081  00000+0  00000+0 0  9998
2 39155  64.9391 107.1231 0021755 226.8495 133.0511  2.13101827 81073
NAVSTAR 68 (USA 242)    
1 39166U 13023A   23270.51272297 -.00000024  00000+0  00000+0 0  9998
2 39166  55.3384 309.1868 0114676  41.6158 319.3202  2.00564111 75956
IRNSS-1A                
1 39199U 13034A   23269.56644080  .00000095  00000+0  00000+0 0  9999
2 39199  33.4759  78.3595 0020886 179.4440   6.2505  1.00272871 37392
NAVSTAR 69 (USA 248)    
1 39533U 14008A   23270.01381335 -.00000013  00000+0  00000+0 0  9997
2 39533  53.5980 189.8274 0067129 215.6312 143.9288  2.00552874 69743
ASTRA 5B                
1 39617U 14011B   23270.49183830  .00000122  00000+0  00000+0 0  9996
2 39617   0.0823 302.9801 0003859 262.5198   1.0736  1.00270908 34700
COSMOS 2492             
1 39620U 14012A   23270.44553877 -.00000063  00000+0  00000+0 0  9993
2 39620  65.7609 347.4943 0012037 313.0918  46.8633  2.13103000 74064
IRNSS-1B                
1 39635U 14017A   23270.06090895  .00000091  00000+0  00000+0 0  9998
2 39635  28.6625 257.2829 0019074 190.7812 354.4552  1.00272562 34821
LUCH-5V                 
1 39727U 14023A   23270.50602299 -.00000282  00000+0  00000+0 0  9996
2 39727   2.6315  77.1742 0003574 143.6545  62.1329  1.00272343 34396
NAVSTAR 70 (USA 251)    
1 39741U 14026A   23270.29530841 -.00000093  00000+0  00000+0 0  9994
2 39741  56.6987  10.1002 0029664 310.0518  49.7086  2.00555387 68605
COSMOS 2500             
1 40001U 14032A   23270.15926467 -.00000063  00000+0  00000+0 0  9997
2 40001  65.6991 347.3296 0008385 204.5656 155.4495  2.13105851 72276
NAVSTAR 71 (USA 256)    
1 40105U 14045A   23269.87971162  .00000052  00000+0  00000+0 0  9992
2 40105  54.8210 128.1710 0026682 113.9641 246.4130  2.00548387 66134
GSAT0201 (GALILEO 5)    
1 40128U 14050A   23269.44176039 -.00000038  00000+0  00000+0 0  9991
2 40128  49.9156 313.6823 1608122 141.2147 231.5219  1.85519146 59868
GSAT0202 (GALILEO 6)    
1 40129U 14050B   23270.24005820 -.00000043  00000+0  00000+0 0  9997
2 40129  49.9339 312.7224 1606052 142.0557 230.4440  1.85519784 62047
IRNSS-1C                
1 40269U 14061A   23270.50376038 -.00000173  00000+0  00000+0 0  9999
2 40269   4.0178 112.0031 0020129   5.2335 153.1285  1.00273831 32727
NAVSTAR 72 (USA 258)    
1 40294U 14068A   23267.76310662  .00000017  00000+0  00000+0 0  9995
2 40294  56.1958  69.6598 0049132  62.4732 298.0570  2.00572992 65201
COSMOS 2501             
1 40315U 14075A   23269.94012423  .00000006  00000+0  00000+0 0  9991
2 40315  63.6382 224.8719 0019631 210.5376 149.3249  2.13101211 68660
NAVSTAR 73 (USA 260)    
1 40534U 15013A   23269.89507520  .00000007  00000+0  00000+0 0  9999
2 40534  53.4548 245.3551 0081485  25.6474 334.7337  2.00553226 61884
GSAT0203 (GALILEO 7)    
1 40544U 15017A   23264.67372741 -.00000079  00000+0  00000+0 0  9990
2 40544  56.9063   8.8014 0003705 231.1064 128.8850  1.70476062 52823
GSAT0204 (GALILEO 8)    
1 40545U 15017B   23268.44689352 -.00000090  00000+0  00000+0 0  9992
2 40545  56.9129   8.7132 0004205 219.6364 140.3517  1.70475723 15277
IRNSS-1D                
1 40547U 15018A   23269.73132241 -.00000293  00000+0  00000+0 0  9993
2 40547  28.0299 257.2558 0019172 190.1357 292.9137  1.00269548 31015
BEIDOU-3S IGSO-1S       
1 40549U 15019A   23270.05443056 -.00000129  00000+0  00000+0 0  9990
2 40549  51.0591 307.3046 0040920 197.1914 332.6942  1.00251131 31103
NAVSTAR 74 (USA 262)    
1 40730U 15033A   23270.05691484 -.00000020  00000+0  00000+0 0  9998
2 40730  54.8268 307.8082 0086022  13.9303 346.3740  2.00553845 60054
BEIDOU-3S M2S           
1 40748U 15037A   23269.88444050 -.00000071  00000+0  00000+0 0  9991
2 40748  55.6488 336.0041 0012104 244.1495 115.7892  1.86232974 55606
BEIDOU-3S M1S           
1 40749U 15037B   23270.15457465 -.00000072  00000+0  00000+0 0  9999
2 40749  55.6517 335.9811 0004089 295.7498  64.2719  1.86232737 55615
GSAT0205 (GALILEO 9)    
1 40889U 15045A   23268.21485476  .00000035  00000+0  00000+0 0  9998
2 40889  55.3537 249.1193 0003808   0.9952 358.9929  1.70473115 50034
GSAT0206 (GALILEO 10)   
1 40890U 15045B   23269.60869508  .00000021  00000+0  00000+0 0  9991
2 40890  55.3515 249.0762 0002521 331.9967  27.9671  1.70473097 50088
BEIDOU-3S IGSO-2S       
1 40938U 15053A   23270.42107720 -.00000118  00000+0  00000+0 0  9994
2 40938  50.7753 270.4758 0047746 194.8578 148.7377  1.00277559 29381
NAVSTAR 75 (USA 265)    
1 41019U 15062A   23268.11444451  .00000016  00000+0  00000+0 0  9999
2 41019  56.1795  69.4964 0090049 221.1181 138.2313  2.00562163 57857
GSAT-15                 
1 41028U 15065A   23270.50584892 -.00000272  00000+0  00000+0 0  9997
2 41028   0.0168 180.5867 0002207 353.4352 107.6292  1.00270089 28838
GSAT0209 (GALILEO 12)   
1 41174U 15079A   23265.67431724  .00000032  00000+0  00000+0 0  9994
2 41174  55.3067 128.6955 0002609 337.8564  22.2272  1.70474035 47755
GSAT0208 (GALILEO 11)   
1 41175U 15079B   23269.41345852  .00000040  00000+0  00000+0 0  9996
2 41175  55.3066 128.5907 0002029 344.6898  15.4097  1.70473923 48231
IRNSS-1E                
1 41241U 16003A   23269.88591130 -.00000283  00000+0  00000+0 0  9991
2 41241  31.0288  77.4532 0021036 176.5548 182.0221  1.00265942 28108
NAVSTAR 76 (USA 266)    
1 41328U 16007A   23269.20215171  .00000047  00000+0  00000+0 0  9992
2 41328  55.0242 128.9814 0071699 233.6679 125.7620  2.00574584 55883
COSMOS 2514             
1 41330U 16008A   23270.39083153 -.00000063  00000+0  00000+0 0  9990
2 41330  65.4961 346.8975 0012226 211.2744 148.7090  2.13102459 59448
IRNSS-1F                
1 41384U 16015A   23270.49357875  .00000147  00000+0  00000+0 0  9995
2 41384   2.9799 128.7200 0019159 176.7710 270.6330  1.00279593 27705
BEIDOU-2 IGSO-6         
1 41434U 16021A   23270.30577060 -.00000151  00000+0  00000+0 0  9994
2 41434  58.7885  48.0330 0048052 218.1991 306.4705  1.00277924 27519
IRNSS-1G                
1 41469U 16027A   23270.51294698 -.00000347  00000+0  00000+0 0  9991
2 41469   2.8690 130.3343 0002149   8.3576 181.4945  1.00267410 27218
GSAT0211 (GALILEO 14)   
1 41549U 16030A   23268.36122091  .00000034  00000+0  00000+0 0  9993
2 41549  55.5000 249.0934 0004074 315.5418  44.4120  1.70473178 45690
GSAT0210 (GALILEO 13)   
1 41550U 16030B   23269.23929929  .00000025  00000+0  00000+0 0  9997
2 41550  55.4990 249.0704 0004031 280.6831  79.2518  1.70473360 45700
COSMOS 2516             
1 41554U 16032A   23270.03562920  .00000006  00000+0  00000+0 0  9996
2 41554  63.8647 225.2757 0015319 214.1184 145.7595  2.13106309 57042
BEIDOU-2 G7             
1 41586U 16037A   23270.50920500 -.00000367  00000+0  00000+0 0  9991
2 41586   1.9246  68.7261 0007241 343.2559 247.9357  1.00273546 26826
EUTELSAT 117 WEST B     
1 41589U 16038B   23270.28428488 -.00000026  00000+0  00000+0 0  9990
2 41589   0.0387  25.6090 0000145 223.5933 101.9668  1.00271692 26698
GSAT0207 (GALILEO 15)   
1 41859U 16069A   23270.07425259  .00000041  00000+0  00000+0 0  9990
2 41859  54.9717 128.6408 0002266 312.1607  47.9280  1.70473950 42458
GSAT0212 (GALILEO 16)   
1 41860U 16069B   23266.99595334  .00000031  00000+0  00000+0 0  9999
2 41860  54.9677 128.7230 0001986  10.3768 349.7233  1.70474130 42656
GSAT0213 (GALILEO 17)   
1 41861U 16069C   23269.12194857  .00000038  00000+0  00000+0 0  9990
2 41861  54.9711 128.6699 0002135 271.6560  88.4237  1.70472809 42554
GSAT0214 (GALILEO 18)   
1 41862U 16069D   23268.68261841  .00000036  00000+0  00000+0 0  9997
2 41862  54.9690 128.6762 0001231 280.0618  80.0265  1.70472683 42678
SES-15                  
1 42709U 17026A   23269.64915365  .00000047  00000+0  00000+0 0  9998
2 42709   0.0432  22.6780 0000421 143.3479 303.7099  1.00267897 24171
QZS-2 (MICHIBIKI-2)     
1 42738U 17028A   23269.82896584 -.00000170  00000+0  00000+0 0  9991
2 42738  41.0094 257.5452 0748912 270.3885 276.0954  1.00258994 23172
QZS-3 (MICHIBIKI-3)     
1 42917U 17048A   23270.51251188 -.00000363  00000+0  00000+0 0  9999
2 42917   0.0624 153.6815 0001852  42.3146 121.6083  1.00270759 22299
COSMOS 2522             
1 42939U 17055A   23270.23244822  .00000005  00000+0  00000+0 0  9999
2 42939  64.0988 225.8009 0009124 243.1016 116.7806  2.13101899 46792
QZS-4 (MICHIBIKI-4)     
1 42965U 17062A   23269.55304767 -.00000317  00000+0  00000+0 0  9991
2 42965  40.6267 356.1643 0749624 269.6765  77.9915  1.00273985 21831
BEIDOU-3 M1             
1 43001U 17069A   23270.23197351  .00000053  00000+0  00000+0 0  9992
2 43001  55.8599  96.0613 0007274 298.7139  61.2826  1.86231307 40094
BEIDOU-3 M2             
1 43002U 17069B   23270.16875140  .00000053  00000+0  00000+0 0  9994
2 43002  55.8594  96.0994 0005606 334.2743  25.7678  1.86231054 40084
GSAT0215 (GALILEO 19)   
1 43055U 17079A   23269.17108508  .00000026  00000+0  00000+0 0  9999
2 43055  55.4758 248.8967 0003532 274.9326  85.0076  1.70473850 36025
GSAT0216 (GALILEO 20)   
1 43056U 17079B   23270.04955948  .00000017  00000+0  00000+0 0  9996
2 43056  55.4760 248.8724 0005109 279.3981  80.5178  1.70473981 36059
GSAT0217 (GALILEO 21)   
1 43057U 17079C   23270.26992148  .00000015  00000+0  00000+0 0  9992
2 43057  55.4738 248.8654 0004537 291.3530  68.5704  1.70473941 36041
GSAT0218 (GALILEO 22)   
1 43058U 17079D   23269.90339259  .00000018  00000+0  00000+0 0  9993
2 43058  55.4742 248.8730 0005562 275.7203  84.1910  1.70473930 36067
BEIDOU-3 M7             
1 43107U 18003A   23269.91947843 -.00000073  00000+0  00000+0 0  9993
2 43107  55.1050 336.7095 0002996  75.9196 284.1760  1.86232312 38837
BEIDOU-3 M8             
1 43108U 18003B   23270.39472337 -.00000075  00000+0  00000+0 0  9991
2 43108  55.0978 336.6801 0004454 247.1767 112.8392  1.86230771 38855
BEIDOU-3 M4             
1 43207U 18018A   23267.07827649  .00000049  00000+0  00000+0 0  9998
2 43207  55.8161  96.2654 0004338  18.4408 341.6446  1.86231261 38176
BEIDOU-3 M3             
1 43208U 18018B   23268.21884473  .00000054  00000+0  00000+0 0  9990
2 43208  55.8166  96.2317 0005231 316.9666  43.0641  1.86231162 38195
BEIDOU-3 M9             
1 43245U 18029A   23270.05244526 -.00000070  00000+0  00000+0 0  9996
2 43245  54.9986 334.4369 0001723 231.0637 128.9855  1.86232261 37388
BEIDOU-3 M10            
1 43246U 18029B   23270.51939179 -.00000072  00000+0  00000+0 0  9995
2 43246  54.9953 334.4493 0002851 346.1245  13.9328  1.86232754 37371
IRNSS-1I                
1 43286U 18035A   23268.08799584  .00000095  00000+0  00000+0 0  9993
2 43286  29.2971  89.8607 0020154 176.9888 183.7212  1.00277929 20094
COSMOS 2527             
1 43508U 18053A   23270.19123101  .00000081  00000+0  00000+0 0  9996
2 43508  65.1007 107.1829 0007450 214.6091 145.4250  2.13102353 41093
BEIDOU-2 IGSO-7         
1 43539U 18057A   23269.71207545 -.00000167  00000+0  00000+0 0  9991
2 43539  55.1185 171.6636 0064044 230.5203 333.2495  1.00276430 19185
GSAT0221 (GALILEO 25)   
1 43564U 18060A   23269.21661626 -.00000092  00000+0  00000+0 0  9999
2 43564  57.2875   8.6114 0003248 252.6639 107.3188  1.70476002 32200
GSAT0222 (GALILEO 26)   
1 43565U 18060B   23268.26156266 -.00000089  00000+0  00000+0 0  9999
2 43565  57.2909   8.6384 0003978 219.4623 140.5279  1.70475771 32237
GSAT0219 (GALILEO 23)   
1 43566U 18060C   23267.31070046 -.00000085  00000+0  00000+0 0  9992
2 43566  57.2900   8.6662 0002535 256.4137 103.5787  1.70476004 32195
GSAT0220 (GALILEO 24)   
1 43567U 18060D   23269.87746299 -.00000095  00000+0  00000+0 0  9997
2 43567  57.2899   8.5973 0002788 251.4482 108.5396  1.70475634 32228
BEIDOU-3 M5             
1 43581U 18062A   23270.20262150 -.00000014  00000+0  00000+0 0  9994
2 43581  54.1731 216.1331 0004561 286.9858  72.9312  1.86231726 35124
BEIDOU-3 M6             
1 43582U 18062B   23270.06880058 -.00000013  00000+0  00000+0 0  9991
2 43582  54.1729 216.1273 0005386   4.2764 355.6955  1.86229595 35125
BEIDOU-3 M12            
1 43602U 18067A   23269.46794545 -.00000010  00000+0  00000+0 0  9993
2 43602  54.2605 214.8051 0007248  15.2779 344.7141  1.86231400 34592
BEIDOU-3 M11            
1 43603U 18067B   23270.13871863 -.00000014  00000+0  00000+0 0  9993
2 43603  54.2575 214.7480 0004275   2.1597 357.8104  1.86231375 34634
BEIDOU-3 M13            
1 43622U 18072A   23266.87600763  .00000047  00000+0  00000+0 0  9990
2 43622  55.7858  95.8112 0004100 294.8942  65.1318  1.86231447 34081
BEIDOU-3 M14            
1 43623U 18072B   23269.96317566  .00000054  00000+0  00000+0 0  9998
2 43623  55.7902  95.7006 0002499 350.4149   9.6502  1.86231424 34139
BEIDOU-3 M16            
1 43647U 18078A   23269.58919021 -.00000069  00000+0  00000+0 0  9999
2 43647  54.8948 334.5733 0005933   4.6836 355.3856  1.86227120 33638
BEIDOU-3 M15            
1 43648U 18078B   23269.71920869 -.00000069  00000+0  00000+0 0  9997
2 43648  54.8903 334.5728 0002730  12.9769 347.0940  1.86232126 33659
BEIDOU-3 G1             
1 43683U 18085A   23270.51503552 -.00000291  00000+0  00000+0 0  9997
2 43683   1.5637 122.8085 0002692 358.8709 209.8753  1.00270016 18092
COSMOS 2529             
1 43687U 18086A   23270.29044574  .00000005  00000+0  00000+0 0  9993
2 43687  64.3141 226.2406 0010798 263.2235  96.6289  2.13101956 38109
BEIDOU-3 M17            
1 43706U 18093A   23268.25624647  .00000003  00000+0  00000+0 0  9999
2 43706  54.2561 216.1185 0009773 282.7896  77.0764  1.86231830 32971
BEIDOU-3 M18            
1 43707U 18093B   23270.27025183 -.00000014  00000+0  00000+0 0  9998
2 43707  54.2564 216.0415 0008139 310.0324  49.8631  1.86229643 33022
NAVSTAR 77 (USA 289)    
1 43873U 18109A   23270.12212137  .00000051  00000+0  00000+0 0  9991
2 43873  55.1997 131.4647 0026171 190.3123   8.9232  2.00569471 35135
BEIDOU-3 IGSO-1         
1 44204U 19023A   23269.79426588 -.00000202  00000+0  00000+0 0  9993
2 44204  57.2541  48.0077 0024066 194.9659 168.2659  1.00275227 16377
BEIDOU-2 G8             
1 44231U 19027A   23270.56825714 -.00000260  00000+0  00000+0 0  9992
2 44231   2.0135  81.0265 0006664 129.0296 145.0481  1.00275930 16119
COSMOS 2534             
1 44299U 19030A   23269.93397359  .00000008  00000+0  00000+0 0  9997
2 44299  64.3868 226.1812 0013025 282.7933 297.8549  2.13101759 33731
BEIDOU-3 IGSO-2         
1 44337U 19035A   23269.71398517 -.00000165  00000+0  00000+0 0  9993
2 44337  55.1520 167.5959 0033025 195.8861  18.3530  1.00267274 15728
NAVSTAR 78 (USA 293)    
1 44506U 19056A   23270.46728091 -.00000095  00000+0  00000+0 0  9994
2 44506  55.8240  10.5259 0037673 186.2295 161.4430  2.00565637 30136
BEIDOU-3 M24            
1 44542U 19061A   23269.80483238 -.00000011  00000+0  00000+0 0  9995
2 44542  54.4830 216.3000 0008484 344.7959  15.1465  1.86231409 27276
BEIDOU-3 M23            
1 44543U 19061B   23270.57040972 -.00000014  00000+0  00000+0 0  9999
2 44543  54.4813 216.2433 0005751 330.7602  94.3864  1.86231639 27290
BEIDOU-3 IGSO-3         
1 44709U 19073A   23268.46504006 -.00000139  00000+0  00000+0 0  9992
2 44709  56.4995 291.5284 0035200 190.4529 169.5491  1.00275735 14476
BEIDOU-3 M22            
1 44793U 19078A   23269.65026681 -.00000069  00000+0  00000+0 0  9992
2 44793  54.7432 334.5357 0004741  13.0067 347.0692  1.86232052 26128
BEIDOU-3 M21            
1 44794U 19078B   23270.31772954 -.00000071  00000+0  00000+0 0  9992
2 44794  54.7165 334.4942 0002785 358.7223   1.3416  1.86232512 26147
COSMOS 2544             
1 44850U 19088A   23270.13498504  .00000081  00000+0  00000+0 0  9992
2 44850  65.0869 107.0273 0011148 249.3939 110.5688  2.13102083 29539
BEIDOU-3 M19            
1 44864U 19090A   23270.55557917  .00000050  00000+0  00000+0 0  9996
2 44864  55.7232  95.8738 0015251 273.9671  79.3039  1.86231530 25727
BEIDOU-3 M20            
1 44865U 19090B   23270.43888351  .00000051  00000+0  00000+0 0  9994
2 44865  55.7248  95.9105 0012983 289.2324  75.5812  1.86231492 25711
BEIDOU-3 G2             
1 45344U 20017A   23270.50315123 -.00000154  00000+0  00000+0 0  9993
2 45344   2.0628  17.3759 0003334 168.1785  81.6307  1.00269844 13295
COSMOS 2545             
1 45358U 20018A   23270.33178349 -.00000064  00000+0  00000+0 0  9997
2 45358  64.8363 347.1257 0010783 239.9879 119.9605  2.13102411 27489
BEIDOU-3 G3             
1 45807U 20040A   23270.56621608 -.00000369  00000+0  00000+0 0  9995
2 45807   0.5995 348.6733 0007106 321.1423  10.6030  1.00276777 12109
NAVSTAR 79 (USA 304)    
1 45854U 20041A   23270.56201733 -.00000004  00000+0  00000+0 0  9997
2 45854  55.9032  67.8073 0037149 186.7551 172.5334  2.00562684 24105
GALAXY 30 (G-30)        
1 46114U 20056C   23270.57108007  .00000022  00000+0  00000+0 0  9993
2 46114   0.0198 144.4226 0002375  47.2024 255.0775  1.00272101 11327
COSMOS 2547             
1 46805U 20075A   23269.11284228  .00000017  00000+0  00000+0 0  9993
2 46805  64.6143 225.7716 0008098 243.8253 116.0724  2.13102769 22704
NAVSTAR 80 (USA 309)    
1 46826U 20078A   23270.34622529  .00000007  00000+0  00000+0 0  9995
2 46826  54.3018 251.1295 0036422 194.9499 344.1145  2.00562638 21575
NAVSTAR 81 (USA 319)    
1 48859U 21054A   23270.35892536 -.00000094  00000+0  00000+0 0  9993
2 48859  55.3422  12.3050 0012912 213.1012 158.1401  2.00571974 16825
QZS-1R                  
1 49336U 21096A   23270.39702187 -.00000218  00000+0  00000+0 0  9994
2 49336  35.3999  94.5608 0744856 269.7015 279.1279  1.00284490  7047
GSAT0223 (GALILEO 27)   
1 49809U 21116A   23267.41475998 -.00000085  00000+0  00000+0 0  9990
2 49809  57.2810   8.5598 0003498 188.0129 190.8503  1.70475882 11193
GSAT0224 (GALILEO 28)   
1 49810U 21116B   23268.38835812 -.00000089  00000+0  00000+0 0  9998
2 49810  57.2819   8.5318 0002960 179.5637 189.3032  1.70475874 11232
COSMOS 2557             
1 52984U 22075A   23269.74482821 -.00000067  00000+0  00000+0 0  9994
2 52984  64.7539 349.3029 0012493 275.2235  84.6852  2.13102154  9527
COSMOS 2559             
1 54031U 22130A   23269.68688096 -.00000067  00000+0  00000+0 0  9996
2 54031  64.7251 349.4318 0007524 220.7881 139.2063  2.13101370  7490
COSMOS 2564             
1 54377U 22161A   23269.87985064  .00000009  00000+0  00000+0 0  9994
2 54377  64.7551 225.8029 0010281 225.1080 134.7858  2.13102087  6448
NAVSTAR 82 (USA 343)    
1 55268U 23009A   23269.79232659 -.00000012  00000+0  00000+0 0  9997
2 55268  55.0873 187.5341 0004666  90.6249 271.5536  2.00554056  5301
BEIDOU-3 G4             
1 56564U 23066A   23270.52218039 -.00000130  00000+0  00000+0 0  9990
2 56564   2.7886 288.7110 0006639 218.1564 207.2098  1.00271557  1431
IRNSS-1J (NVS-01)       
1 56759U 23076A   23270.36964959 -.00000358  00000+0  00000+0 0  9990
2 56759   4.6822 271.6353 0006572 344.1547  12.7333  1.00275450  1140
