NAVSTAR 43 (USA 132)    
1 24876U 97035A   23224.66181045 -.00000053  00000+0  00000+0 0  9992
2 24876  55.5831 139.2309 0071502  51.8106 308.8367  2.00563996190903
NAVSTAR 47 (USA 150)    
1 26360U 00025A   23226.26848424 -.00000042  00000+0  00000+0 0  9992
2 26360  54.4136  61.4650 0041249 198.5772 330.5856  2.00572335170446
NAVSTAR 51 (USA 166)    
1 27663U 03005A   23226.10521407  .00000047  00000+0  00000+0 0  9996
2 27663  55.2559 256.2556 0131427  44.6377 346.7441  2.00567322150481
NAVSTAR 52 (USA 168)    
1 27704U 03010A   23224.25741924 -.00000109  00000+0  00000+0 0  9990
2 27704  55.1150   6.3016 0248277 318.2220  36.6641  2.00573899149242
NAVSTAR 54 (USA 177)    
1 28190U 04009A   23226.44089469 -.00000074  00000+0  00000+0 0  9992
2 28190  55.7068 317.3003 0093094 137.6101 292.5632  2.00568042142164
NAVSTAR 56 (USA 180)    
1 28474U 04045A   23226.22558126 -.00000107  00000+0  00000+0 0  9991
2 28474  55.4422   6.5365 0161731 282.0241  47.2418  2.00579319137601
ANIK F1R                
1 28868U 05036A   23225.67800625 -.00000083  00000+0  00000+0 0  9994
2 28868   1.6324  89.3399 0002654  27.2231 342.0372  1.00272431 65748
NAVSTAR 57 (USA 183)    
1 28874U 05038A   23224.39779829 -.00000080  00000+0  00000+0 0  9999
2 28874  55.7602 314.8329 0138933 279.2389 136.4952  2.00577090130973
INMARSAT 4-F2           
1 28899U 05044A   23225.49708745  .00000002  00000+0  00000+0 0  9997
2 28899   3.8480  40.6251 0002565 115.6436  48.2501  1.00271519 65088
NAVSTAR 58 (USA 190)    
1 29486U 06042A   23225.11453576  .00000012  00000+0  00000+0 0  9998
2 29486  54.6872 192.5360 0102634  31.3322  83.9422  2.00571156123707
NAVSTAR 59 (USA 192)    
1 29601U 06052A   23223.87784650  .00000055  00000+0  00000+0 0  9996
2 29601  55.2773 255.3020 0084217  79.2858 281.7304  2.00576507122582
NAVSTAR 60 (USA 196)    
1 32260U 07047A   23224.68865323 -.00000056  00000+0  00000+0 0  9995
2 32260  53.4555 123.0803 0150471  70.0350 291.6127  2.00552623115989
COSMOS 2433             
1 32275U 07052A   23225.44654794 -.00000096  00000+0  00000+0 0  9994
2 32275  66.0282 350.6620 0002964 207.1739 152.8120  2.13104243122966
COSMOS 2432             
1 32276U 07052B   23225.04702024 -.00000097  00000+0  00000+0 0  9992
2 32276  66.0427 350.7835 0007843 327.3047  33.3108  2.13103373122956
NAVSTAR 61 (USA 199)    
1 32384U 07062A   23226.47651896 -.00000070  00000+0  00000+0 0  9992
2 32384  55.8899 315.5683 0024994 148.6409 192.1839  2.00557848114757
COSMOS 2434             
1 32393U 07065A   23224.30396678  .00000086  00000+0  00000+0 0  9995
2 32393  64.3382 227.0886 0000261 199.9728 254.5559  2.13103155121645
COSMOS 2436             
1 32395U 07065C   23225.63587025  .00000072  00000+0  00000+0 0  9997
2 32395  64.3468 227.1047 0015508 351.2989 180.5691  2.13102916121609
NAVSTAR 62 (USA 201)    
1 32711U 08012A   23226.09902705  .00000003  00000+0  00000+0 0  9993
2 32711  54.4541 191.3329 0177304 235.6858 122.5908  2.00556730112937
NAVSTAR 64 (USA 206)    
1 35752U 09043A   23225.30559619 -.00000039  00000+0  00000+0 0  9991
2 35752  55.4139  68.5972 0058515  68.1658  95.6194  2.00559287102506
COSMOS 2456             
1 36111U 09070A   23225.21379421 -.00000021  00000+0  00000+0 0  9993
2 36111  64.4813 106.5665 0002964 326.2372 265.7893  2.13099318106323
COSMOS 2457             
1 36112U 09070B   23225.44661900 -.00000018  00000+0  00000+0 0  9991
2 36112  64.4653 106.4243 0004911 151.7048  29.5489  2.13101480106334
COSMOS 2460             
1 36402U 10007C   23225.63642152 -.00000096  00000+0  00000+0 0  9990
2 36402  65.8911 349.3750 0001671 137.2480 177.7620  2.13106428104684
NAVSTAR 65 (USA 213)    
1 36585U 10022A   23223.54942325  .00000060  00000+0  00000+0 0  9992
2 36585  54.5756 250.5477 0108704  59.6958  32.2450  2.00560797 96718
BEIDOU-2 IGSO-1         
1 36828U 10036A   23225.80674738 -.00000149  00000+0  00000+0 0  9997
2 36828  54.2379 172.3663 0036820 190.3469 358.1123  1.00259963 47816
QZS-1 (MICHIBIKI-1)     
1 37158U 10045A   23224.51019722 -.00000072  00000+0  00000+0 0  9992
2 37158  42.7913 127.6971 0037647 277.2224 272.4955  0.88387770 47281
BEIDOU-2 G4             
1 37210U 10057A   23226.03880062 -.00000121  00000+0  00000+0 0  9991
2 37210   1.1297  59.8450 0005113 147.5553 288.6819  1.00272754 46871
BEIDOU-2 IGSO-2         
1 37256U 10068A   23225.49907178 -.00000165  00000+0  00000+0 0  9998
2 37256  49.4465 284.5695 0032376 210.5949 113.1468  1.00291563 46378
BEIDOU-2 IGSO-3         
1 37384U 11013A   23226.47649561 -.00000152  00000+0  00000+0 0  9995
2 37384  60.9084  50.0956 0027329 173.6143  17.8814  1.00287633 45263
GSAT-8                  
1 37605U 11022A   23226.06862698  .00000077  00000+0  00000+0 0  9999
2 37605   0.0136  98.1574 0003896 153.0757 150.7375  1.00272706 44833
NAVSTAR 66 (USA 232)    
1 37753U 11036A   23225.77103795 -.00000100  00000+0  00000+0 0  9999
2 37753  56.7405  12.3024 0127253  56.1572 285.5508  2.00568499 88442
BEIDOU-2 IGSO-4         
1 37763U 11038A   23226.28207354 -.00000108  00000+0  00000+0 0  9993
2 37763  54.5119 174.9010 0112174 228.4579 116.0002  1.00278699 44233
GSAT0101 (GALILEO-PFM)  
1 37846U 11060A   23225.00653975 -.00000099  00000+0  00000+0 0  9992
2 37846  57.1065   9.9026 0002474  71.2819 288.7415  1.70476096 73538
GSAT0102 (GALILEO-FM2)  
1 37847U 11060B   23224.92642170 -.00000100  00000+0  00000+0 0  9991
2 37847  57.1077   9.9047 0001614  15.5751 341.5994  1.70475482 73523
COSMOS 2476             
1 37867U 11064A   23226.25684977 -.00000008  00000+0  00000+0 0  9993
2 37867  64.7619 108.0498 0021464 234.6488 346.6992  2.13101842 91694
COSMOS 2477             
1 37868U 11064B   23225.56373633 -.00000017  00000+0  00000+0 0  9991
2 37868  64.7691 108.1427 0018707 235.4187 352.0903  2.13101749 91632
COSMOS 2475             
1 37869U 11064C   23226.45315324 -.00000006  00000+0  00000+0 0  9992
2 37869  64.7765 108.1245 0023066 252.7993 255.4890  2.13102156 91661
BEIDOU-2 IGSO-5         
1 37948U 11073A   23225.50949331 -.00000121  00000+0  00000+0 0  9994
2 37948  49.5714 284.2365 0094833 219.7927  97.0437  1.00278254 42989
LUCH-5A                 
1 37951U 11074B   23225.60526902 -.00000059  00000+0  00000+0 0  9995
2 37951   6.0875  90.0764 0004986  46.5540 209.9666  1.00273010 42772
BEIDOU-2 G5             
1 38091U 12008A   23226.06932431  .00000048  00000+0  00000+0 0  9995
2 38091   1.6596  68.0663 0001589 187.7055 150.1818  1.00277088 42064
BEIDOU-2 M3             
1 38250U 12018A   23225.18314039 -.00000119  00000+0  00000+0 0  9993
2 38250  56.5238 339.6094 0022459 254.9932 104.7673  1.86231278 76930
BEIDOU-2 M4             
1 38251U 12018B   23225.65162493 -.00000116  00000+0  00000+0 0  9998
2 38251  56.4346 338.8886 0013360 254.4550 105.4083  1.86232003 76943
SES-5                   
1 38652U 12036A   23225.62867094  .00000026  00000+0  00000+0 0  9998
2 38652   0.0604 288.7427 0001917 220.3416  43.9960  1.00273386 40656
BEIDOU-2 M6             
1 38775U 12050B   23225.89863461 -.00000032  00000+0  00000+0 0  9991
2 38775  55.6742  97.4863 0012422 338.2098  21.8185  1.86231378 74322
GSAT-10                 
1 38779U 12051B   23225.42549404 -.00000172  00000+0  00000+0 0  9998
2 38779   0.1108 271.1943 0001068  14.9522 271.6176  1.00269312 39872
NAVSTAR 67 (USA 239)    
1 38833U 12053A   23224.28312946  .00000007  00000+0  00000+0 0  9999
2 38833  53.5150 186.1344 0140478  51.4995 309.7180  2.00566845 79471
GSAT0103 (GALILEO-FM3)  
1 38857U 12055A   23225.04558500 -.00000039  00000+0  00000+0 0  9996
2 38857  55.2749 130.1063 0004077 272.4514  87.5236  1.70473855 67433
GSAT0104 (GALILEO-FM4)  
1 38858U 12055B   23222.08216883 -.00000043  00000+0  00000+0 0  9998
2 38858  55.2737 130.1893 0000971 280.4534  79.5514  1.70473967 67357
BEIDOU-2 G6             
1 38953U 12059A   23226.07437985 -.00000185  00000+0  00000+0 0  9996
2 38953   1.7718  82.0287 0008179 315.3427  35.6889  1.00273527 39638
LUCH-5B                 
1 38977U 12061A   23226.34106194 -.00000144  00000+0  00000+0 0  9995
2 38977   8.2088  59.3047 0005619  97.3331 272.3532  1.00273088 39776
COSMOS 2485             
1 39155U 13019A   23225.91031050 -.00000013  00000+0  00000+0 0  9993
2 39155  64.9223 108.5806 0021930 230.5712 129.3079  2.13102064 80158
NAVSTAR 68 (USA 242)    
1 39166U 13023A   23225.64057890 -.00000065  00000+0  00000+0 0  9997
2 39166  55.3746 310.9878 0114070  41.7910 319.1243  2.00564431 75042
IRNSS-1A                
1 39199U 13034A   23225.12271652  .00000061  00000+0  00000+0 0  9997
2 39199  33.3719  79.0233 0019501 176.5232 164.9082  1.00272836 37228
NAVSTAR 69 (USA 248)    
1 39533U 14008A   23225.63789114  .00000004  00000+0  00000+0 0  9991
2 39533  53.6022 191.6338 0067272 215.7745 143.7407  2.00550571 69409
ASTRA 5B                
1 39617U 14011B   23225.56068237  .00000129  00000+0  00000+0 0  9994
2 39617   0.0688 297.7946 0002940 234.9266  14.3308  1.00270357 34451
COSMOS 2492             
1 39620U 14012A   23225.86574389 -.00000095  00000+0  00000+0 0  9995
2 39620  65.7748 348.9888 0010900 321.3463  38.5784  2.13103269 73113
IRNSS-1B                
1 39635U 14017A   23224.17479890  .00000131  00000+0  00000+0 0  9990
2 39635  28.7507 258.0556 0020672 191.9045 348.4203  1.00274807 34352
LUCH-5V                 
1 39727U 14023A   23226.07655899 -.00000277  00000+0  00000+0 0  9997
2 39727   2.5205  77.3832 0003126 115.2206 251.9228  1.00270474552100
NAVSTAR 70 (USA 251)    
1 39741U 14026A   23223.42690058 -.00000099  00000+0  00000+0 0  9990
2 39741  56.6937  11.9154 0028597 312.0640  47.6990  2.00558963 67657
COSMOS 2500             
1 40001U 14032A   23225.58006446 -.00000096  00000+0  00000+0 0  9996
2 40001  65.7131 348.8276 0007530 191.8701 168.1151  2.13106078 71324
NAVSTAR 71 (USA 256)    
1 40105U 14045A   23225.50744474 -.00000048  00000+0  00000+0 0  9994
2 40105  54.8057 129.9450 0023950 112.9310 247.3485  2.00576367 66132
GSAT0201 (GALILEO 5)    
1 40128U 14050A   23225.24419721 -.00000093  00000+0  00000+0 0  9990
2 40128  49.9549 315.4514 1609829 139.5351 233.6460  1.85519277 60984
GSAT0202 (GALILEO 6)    
1 40129U 14050B   23224.42567876 -.00000097  00000+0  00000+0 0  9999
2 40129  49.9752 314.5552 1607712 140.3156 232.6513  1.85519880 61164
IRNSS-1C                
1 40269U 14061A   23225.71588174 -.00000172  00000+0  00000+0 0  9997
2 40269   3.9125 113.3855 0020824  14.5437 174.6384  1.00269433 32410
NAVSTAR 72 (USA 258)    
1 40294U 14068A   23224.38827899 -.00000042  00000+0  00000+0 0  9990
2 40294  56.1567  71.3599 0048868  60.9706 299.5928  2.00570389 64331
COSMOS 2501             
1 40315U 14075A   23226.29904873  .00000064  00000+0  00000+0 0  9995
2 40315  63.6416 226.3934 0020215 211.7141 148.1897  2.13101445 67739
NAVSTAR 73 (USA 260)    
1 40534U 15013A   23224.02418006  .00000060  00000+0  00000+0 0  9994
2 40534  53.4741 247.2568 0079410  25.0665 335.3763  2.00556161 61385
GSAT0203 (GALILEO 7)    
1 40544U 15017A   23224.19947164 -.00000100  00000+0  00000+0 0  9995
2 40544  56.9020   9.9005 0002302 218.4426 141.5387  1.70476212 52138
GSAT0204 (GALILEO 8)    
1 40545U 15017B   23223.86644923 -.00000100  00000+0  00000+0 0  9996
2 40545  56.9079   9.9236 0002800 198.0741 161.9142  1.70475763 52130
IRNSS-1D                
1 40547U 15018A   23226.00832729 -.00000257  00000+0  00000+0 0  9994
2 40547  28.1150 257.9979 0020722 191.0139 347.9759  1.00273445 30838
BEIDOU-3S IGSO-1S       
1 40549U 15019A   23225.17249475 -.00000169  00000+0  00000+0 0  9996
2 40549  51.1389 307.8327 0040738 194.5621 336.1697  1.00261382 30664
NAVSTAR 74 (USA 262)    
1 40730U 15033A   23225.68143989 -.00000063  00000+0  00000+0 0  9996
2 40730  54.8633 309.6107 0084665  14.0715 346.2161  2.00556575 59189
BEIDOU-3S M2S           
1 40748U 15037A   23225.31763066 -.00000117  00000+0  00000+0 0  9993
2 40748  55.6757 337.5128 0010314 238.7068 121.2042  1.86233388 54779
BEIDOU-3S M1S           
1 40749U 15037B   23225.58770271 -.00000116  00000+0  00000+0 0  9998
2 40749  55.6786 337.4899 0002480 316.8228  43.1701  1.86233058 54775
GSAT0205 (GALILEO 9)    
1 40889U 15045A   23221.28807773  .00000047  00000+0  00000+0 0  9995
2 40889  55.3760 250.4165 0003128 358.6158   1.4436  1.70473631 49238
GSAT0206 (GALILEO 10)   
1 40890U 15045B   23226.20146281  .00000051  00000+0  00000+0 0  9999
2 40890  55.3731 250.2761 0002087 320.3523  39.6989  1.70473689 49344
BEIDOU-3S IGSO-2S       
1 40938U 15053A   23225.51358273 -.00000081  00000+0  00000+0 0  9994
2 40938  50.8410 270.9980 0048099 193.6361 137.0709  1.00288604 28936
NAVSTAR 75 (USA 265)    
1 41019U 15062A   23224.73761355 -.00000039  00000+0  00000+0 0  9990
2 41019  56.1408  71.1958 0088181 221.1076 138.2976  2.00562323 56984
GSAT-15                 
1 41028U 15065A   23226.07629748 -.00000265  00000+0  00000+0 0  9992
2 41028   0.1114 272.1252 0002017 187.1850 343.8806  1.00271246 28459
GSAT0209 (GALILEO 12)   
1 41174U 15079A   23221.68039261 -.00000041  00000+0  00000+0 0  9998
2 41174  55.2911 129.9056 0003824 321.8426  38.1473  1.70473903 47581
GSAT0208 (GALILEO 11)   
1 41175U 15079B   23224.83292007 -.00000040  00000+0  00000+0 0  9997
2 41175  55.2905 129.8171 0003223 324.3548  35.6449  1.70473989 47633
IRNSS-1E                
1 41241U 16003A   23226.00832729 -.00000311  00000+0  00000+0 0  9992
2 41241  30.9270  78.1201 0019370 173.9211 184.9848  1.00275277 27785
NAVSTAR 76 (USA 266)    
1 41328U 16007A   23224.33104717 -.00000057  00000+0  00000+0 0  9992
2 41328  55.0106 130.7650 0071586 234.7051 124.6446  2.00551298 55029
COSMOS 2514             
1 41330U 16008A   23225.34170105 -.00000097  00000+0  00000+0 0  9996
2 41330  65.5105 348.4223 0011065 203.2562 156.6968  2.13102852 58484
IRNSS-1F                
1 41384U 16015A   23226.06418156  .00000149  00000+0  00000+0 0  9991
2 41384   2.8903 130.8408 0017968 178.2379  68.7639  1.00266384 27240
BEIDOU-2 IGSO-6         
1 41434U 16021A   23225.34183139 -.00000135  00000+0  00000+0 0  9990
2 41434  58.7199  48.4872 0046424 218.0090 273.7764  1.00287807 27064
IRNSS-1G                
1 41469U 16027A   23225.99841160 -.00000344  00000+0  00000+0 0  9992
2 41469   2.7832 132.5881 0004077 348.9626 329.6181  1.00274629 26764
GSAT0211 (GALILEO 14)   
1 41549U 16030A   23223.78079904  .00000054  00000+0  00000+0 0  9996
2 41549  55.5215 250.3206 0003650 303.0981  56.9346  1.70473779 44910
GSAT0210 (GALILEO 13)   
1 41550U 16030B   23225.24551705  .00000053  00000+0  00000+0 0  9994
2 41550  55.5198 250.2815 0004107 271.5863  88.4350  1.70473792 44935
COSMOS 2516             
1 41554U 16032A   23222.17234304  .00000095  00000+0  00000+0 0  9998
2 41554  63.8682 226.9309 0015531 214.8208 145.1116  2.13106475 56026
BEIDOU-2 G7             
1 41586U 16037A   23225.81485149 -.00000362  00000+0  00000+0 0  9995
2 41586   1.8200  68.1472 0007172 349.0724 308.6407  1.00269700 26372
EUTELSAT 117 WEST B     
1 41589U 16038B   23226.37063340 -.00000019  00000+0  00000+0 0  9995
2 41589   0.0143 223.1938 0000408 243.1534 232.6003  1.00270145 26294
GSAT0207 (GALILEO 15)   
1 41859U 16069A   23225.49377184 -.00000037  00000+0  00000+0 0  9995
2 41859  54.9547 129.8779 0003712 306.0275  53.9625  1.70473933 41914
GSAT0212 (GALILEO 16)   
1 41860U 16069B   23224.76187051 -.00000041  00000+0  00000+0 0  9993
2 41860  54.9522 129.8952 0002797 341.2265  18.7836  1.70474096 41930
GSAT0213 (GALILEO 17)   
1 41861U 16069C   23223.95457848 -.00000044  00000+0  00000+0 0  9991
2 41861  54.9545 129.9236 0003700 281.7977  78.1782  1.70472830 41917
GSAT0214 (GALILEO 18)   
1 41862U 16069D   23224.68837295 -.00000041  00000+0  00000+0 0  9998
2 41862  54.9527 129.8974 0003236 287.3744  72.6104  1.70472739 41920
SES-15                  
1 42709U 17026A   23226.39030840  .00000051  00000+0  00000+0 0  9994
2 42709   0.0164  44.6101 0000821 122.1384 167.1539  1.00278495 23770
QZS-2 (MICHIBIKI-2)     
1 42738U 17028A   23226.39283354 -.00000128  00000+0  00000+0 0  9994
2 42738  41.0764 258.1653 0754584 269.8109  77.5957  1.00270450 22739
QZS-3 (MICHIBIKI-3)     
1 42917U 17048A   23226.06716218 -.00000356  00000+0  00000+0 0  9992
2 42917   0.0612 160.8666 0002452 359.4029 313.1653  1.00273701 21952
COSMOS 2522             
1 42939U 17055A   23225.18366725  .00000077  00000+0  00000+0 0  9999
2 42939  64.1022 227.3454 0010190 243.0134 116.9145  2.13102030 45838
QZS-4 (MICHIBIKI-4)     
1 42965U 17062A   23226.22705034 -.00000348  00000+0  00000+0 0  9994
2 42965  40.6441 356.7133 0747171 268.9365 277.2747  1.00287350 21398
BEIDOU-3 M1             
1 43001U 17069A   23226.20195912 -.00000028  00000+0  00000+0 0  9994
2 43001  55.8258  97.5321 0008598 303.9982  56.0029  1.86231834 39273
BEIDOU-3 M2             
1 43002U 17069B   23226.13863657 -.00000029  00000+0  00000+0 0  9996
2 43002  55.8251  97.5706 0007098 332.2552  27.7894  1.86231308 39266
GSAT0215 (GALILEO 19)   
1 43055U 17079A   23224.59085789  .00000054  00000+0  00000+0 0  9992
2 43055  55.4972 250.1247 0003682 264.4896  95.5367  1.70474375 35269
GSAT0216 (GALILEO 20)   
1 43056U 17079B   23224.88279241  .00000054  00000+0  00000+0 0  9993
2 43056  55.4971 250.1164 0005225 271.4019  88.6065  1.70474538 35255
GSAT0217 (GALILEO 21)   
1 43057U 17079C   23226.27630207  .00000052  00000+0  00000+0 0  9990
2 43057  55.4950 250.0773 0004583 283.0850  76.9299  1.70474473 35297
GSAT0218 (GALILEO 22)   
1 43058U 17079D   23225.32319238  .00000053  00000+0  00000+0 0  9995
2 43058  55.4930 250.1009 0005721 270.8807  89.1217  1.70474432 35279
BEIDOU-3 M7             
1 43107U 18003A   23225.35257309 -.00000118  00000+0  00000+0 0  9994
2 43107  55.1317 338.2377 0004067  78.4104 281.6463  1.86232633 38019
BEIDOU-3 M8             
1 43108U 18003B   23225.29049392 -.00000118  00000+0  00000+0 0  9999
2 43108  55.1247 338.2270 0003429 239.7160 120.2611  1.86231064 38019
BEIDOU-3 M4             
1 43207U 18018A   23224.12214247 -.00000053  00000+0  00000+0 0  9997
2 43207  55.7832  97.7012 0005584   5.2137 354.8634  1.86231705 37370
BEIDOU-3 M3             
1 43208U 18018B   23223.11487289 -.00000062  00000+0  00000+0 0  9994
2 43208  55.7821  97.7393 0006819 319.7169  40.2994  1.86231509 37356
BEIDOU-3 M9             
1 43245U 18029A   23224.94864970 -.00000118  00000+0  00000+0 0  9997
2 43245  55.0268 335.9873 0001099 191.2905 168.7200  1.86232888 36548
BEIDOU-3 M10            
1 43246U 18029B   23224.34176802 -.00000120  00000+0  00000+0 0  9995
2 43246  55.0246 336.0371 0002831   8.3553 351.6611  1.86233062 36524
IRNSS-1I                
1 43286U 18035A   23224.70695060  .00000063  00000+0  00000+0 0  9993
2 43286  29.1986  90.5544 0019198 177.4284   2.4549  1.00275517 19640
COSMOS 2527             
1 43508U 18053A   23226.08081601 -.00000010  00000+0  00000+0 0  9996
2 43508  65.0837 108.6631 0007463 225.5285 134.4851  2.13102504 40159
BEIDOU-2 IGSO-7         
1 43539U 18057A   23225.80465692 -.00000154  00000+0  00000+0 0  9998
2 43539  55.1225 172.0473 0064869 231.8437 320.0442  1.00290485 18745
GSAT0221 (GALILEO 25)   
1 43564U 18060A   23225.22279669 -.00000099  00000+0  00000+0 0  9991
2 43564  57.2830   9.7953 0001980 255.9004 104.0737  1.70476160 31463
GSAT0222 (GALILEO 26)   
1 43565U 18060B   23224.26768429 -.00000100  00000+0  00000+0 0  9995
2 43565  57.2860   9.8219 0002634 200.9590 159.0277  1.70475866 31483
GSAT0219 (GALILEO 23)   
1 43566U 18060C   23225.07662980 -.00000099  00000+0  00000+0 0  9998
2 43566  57.2858   9.8024 0001036 267.3633  92.6212  1.70476152 31474
GSAT0220 (GALILEO 24)   
1 43567U 18060D   23224.71045024 -.00000100  00000+0  00000+0 0  9996
2 43567  57.2851   9.8122 0001419 255.7468 104.2342  1.70476127 31442
BEIDOU-3 M5             
1 43581U 18062A   23225.63606636  .00000047  00000+0  00000+0 0  9997
2 43581  54.1822 217.6522 0005729 275.7501  84.1846  1.86232033 34297
BEIDOU-3 M6             
1 43582U 18062B   23224.96478070  .00000055  00000+0  00000+0 0  9991
2 43582  54.1819 217.6646 0004678 347.4629  12.5286  1.86229788 34286
BEIDOU-3 M12            
1 43602U 18067A   23225.97517976  .00000042  00000+0  00000+0 0  9996
2 43602  54.2689 216.2836 0006748   9.6842 350.3244  1.86231663 33781
BEIDOU-3 M11            
1 43603U 18067B   23226.10899819  .00000040  00000+0  00000+0 0  9990
2 43603  54.2660 216.2448 0003953 351.5863   8.4019  1.86231585 33815
BEIDOU-3 M13            
1 43622U 18072A   23226.06772019 -.00000030  00000+0  00000+0 0  9994
2 43622  55.7541  97.1773 0005274 302.1187  57.9123  1.86231789 33323
BEIDOU-3 M14            
1 43623U 18072B   23225.93317515 -.00000031  00000+0  00000+0 0  9997
2 43623  55.7558  97.1745 0003856 341.2760  18.7914  1.86231808 33321
BEIDOU-3 M16            
1 43647U 18078A   23225.02107776 -.00000118  00000+0  00000+0 0  9991
2 43647  54.9230 336.1093 0006157  14.3759 345.6544  1.86227434 32814
BEIDOU-3 M15            
1 43648U 18078B   23225.15229237 -.00000117  00000+0  00000+0 0  9992
2 43648  54.9186 336.1089 0003207  32.2328 327.8000  1.86232443 32831
BEIDOU-3 G1             
1 43683U 18085A   23226.01373152 -.00000287  00000+0  00000+0 0  9999
2 43683   1.4687 125.8805 0003136 342.0037 359.2356  1.00276051 17646
COSMOS 2529             
1 43687U 18086A   23226.18016008  .00000067  00000+0  00000+0 0  9991
2 43687  64.3174 227.7411 0011808 261.5017  98.3938  2.13102156 37167
BEIDOU-3 M17            
1 43706U 18093A   23225.30053407  .00000051  00000+0  00000+0 0  9991
2 43706  54.2646 217.5792 0010778 277.6378  82.2412  1.86232121 32173
BEIDOU-3 M18            
1 43707U 18093B   23226.24013202  .00000041  00000+0  00000+0 0  9994
2 43707  54.2653 217.5389 0008794 301.0689  58.8415  1.86229933 32209
NAVSTAR 77 (USA 289)    
1 43873U 18109A   23225.71849668 -.00000046  00000+0  00000+0 0  9996
2 43873  55.1871 133.2198 0025169 192.1875 344.4670  2.00568091 34193
BEIDOU-3 IGSO-1         
1 44204U 19023A   23225.91196830 -.00000192  00000+0  00000+0 0  9991
2 44204  57.1869  48.4665 0022901 194.0986 166.8032  1.00289510 15958
BEIDOU-2 G8             
1 44231U 19027A   23225.98382525 -.00000257  00000+0  00000+0 0  9992
2 44231   1.9020  81.2175 0006153 128.0620 251.5021  1.00268883 15666
COSMOS 2534             
1 44299U 19030A   23226.11120937  .00000068  00000+0  00000+0 0  9992
2 44299  64.3901 227.6679 0013877 280.0317 161.2631  2.13102144 32811
BEIDOU-3 IGSO-2         
1 44337U 19035A   23225.75949182 -.00000164  00000+0  00000+0 0  9998
2 44337  55.1546 167.9820 0033116 198.2084 348.5831  1.00281642 15280
NAVSTAR 78 (USA 293)    
1 44506U 19056A   23221.12410347 -.00000096  00000+0  00000+0 0  9996
2 44506  55.8174  12.4768 0035830 183.8752 175.3715  2.00565225 29144
BEIDOU-3 M24            
1 44542U 19061A   23225.23812811  .00000052  00000+0  00000+0 0  9991
2 44542  54.4918 217.8069 0008271 334.6221  25.3396  1.86231465 26444
BEIDOU-3 M23            
1 44543U 19061B   23225.36646126  .00000051  00000+0  00000+0 0  9999
2 44543  54.4903 217.7717 0005945 315.6547  42.2122  1.86231882 26441
BEIDOU-3 IGSO-3         
1 44709U 19073A   23225.58678764 -.00000160  00000+0  00000+0 0  9995
2 44709  56.5695 291.9822 0035037 188.8071 171.2455  1.00288840 14029
BEIDOU-3 M22            
1 44793U 19078A   23225.08336368 -.00000117  00000+0  00000+0 0  9991
2 44793  54.7716 336.0772 0005124  24.1620 335.8751  1.86232402 25304
BEIDOU-3 M21            
1 44794U 19078B   23225.21398568 -.00000117  00000+0  00000+0 0  9997
2 44794  54.7451 336.0552 0003016  21.0091 339.0168  1.86232836 25302
COSMOS 2544             
1 44850U 19088A   23225.08599465 -.00000023  00000+0  00000+0 0  9991
2 44850  65.0694 108.5397 0011909 255.7022 104.2347  2.13102271 28559
BEIDOU-3 M19            
1 44864U 19090A   23225.92143500 -.00000032  00000+0  00000+0 0  9997
2 44864  55.6883  97.3699 0015960 277.7775  30.4088  1.86232050 24892
BEIDOU-3 M20            
1 44865U 19090B   23224.41133657 -.00000050  00000+0  00000+0 0  9993
2 44865  55.6892  97.4532 0014074 292.8257 172.6985  1.86231938 24842
BEIDOU-3 G2             
1 45344U 20017A   23226.39980067 -.00000148  00000+0  00000+0 0  9999
2 45344   2.0359  15.0942 0003083 142.3728  29.0644  1.00272701 12865
COSMOS 2545             
1 45358U 20018A   23225.75200725 -.00000097  00000+0  00000+0 0  9993
2 45358  64.8507 348.6712 0008972 235.3055 124.6135  2.13102696 26535
BEIDOU-3 G3             
1 45807U 20040A   23226.07969691 -.00000361  00000+0  00000+0 0  9991
2 45807   0.6352 339.4415 0005016 353.0101 129.0442  1.00273141 11672
NAVSTAR 79 (USA 304)    
1 45854U 20041A   23225.49593675 -.00000035  00000+0  00000+0 0  9992
2 45854  55.8629  69.5849 0034986 185.8092  33.5988  2.00564369 23205
GALAXY 30 (G-30)        
1 46114U 20056C   23225.55189470  .00000029  00000+0  00000+0 0  9991
2 46114   0.0175  80.6851 0002287  79.0376 235.6639  1.00271876 10984
COSMOS 2547             
1 46805U 20075A   23225.94120083  .00000070  00000+0  00000+0 0  9993
2 46805  64.6172 227.2233 0008825 243.8841 116.0546  2.13103054 21785
NAVSTAR 80 (USA 309)    
1 46826U 20078A   23225.45393653  .00000051  00000+0  00000+0 0  9999
2 46826  54.3221 252.9534 0035347 194.3127 330.1978  2.00562856 20663
NAVSTAR 81 (USA 319)    
1 48859U 21054A   23225.47791181 -.00000101  00000+0  00000+0 0  9999
2 48859  55.3349  14.1013 0011355 209.6220 153.7566  2.00575221 15914
QZS-1R                  
1 49336U 21096A   23223.74525463 -.00000331  00000+0  00000+0 0  9997
2 49336  35.3005  95.2790 0740332 268.7858 355.3268  1.00301615  6575
GSAT0223 (GALILEO 27)   
1 49809U 21116A   23224.26924292 -.00000100  00000+0  00000+0 0  9990
2 49809  57.2766   9.7200 0002948 161.7344  17.7311  1.70476261 10445
GSAT0224 (GALILEO 28)   
1 49810U 21116B   23226.43092723 -.00000097  00000+0  00000+0 0  9993
2 49810  57.2782   9.6604 0002654 151.2677  27.3550  1.70476371 10500
COSMOS 2557             
1 52984U 22075A   23224.69573770 -.00000099  00000+0  00000+0 0  9998
2 52984  64.7670 350.8694 0011126 277.2073  82.6679  2.13102360  8547
COSMOS 2559             
1 54031U 22130A   23224.16836883 -.00000099  00000+0  00000+0 0  9994
2 54031  64.7380 351.0160 0006514 212.9554 147.0059  2.13101557  6527
COSMOS 2564             
1 54377U 22161A   23226.23877631  .00000067  00000+0  00000+0 0  9991
2 54377  64.7578 227.2625 0011268 226.8449 133.0893  2.13102234  5510
NAVSTAR 82 (USA 343)    
1 55268U 23009A   23225.66231656  .00000002  00000+0  00000+0 0  9999
2 55268  55.0931 189.2633 0004054  93.8567  85.3712  2.00557247  4400
BEIDOU-3 G4             
1 56564U 23066A   23225.94617877 -.00000119  00000+0  00000+0 0  9996
2 56564   2.8973 288.8896 0006946 206.9482 326.7455  1.00270315   991
IRNSS-1J (NVS-01)       
1 56759U 23076A   23226.37017499 -.00000342  00000+0  00000+0 0  9993
2 56759   4.7934 272.4571 0005691 341.6727 331.2102  1.00272345   792
