NAVSTAR 43 (USA 132)    
1 24876U 97035A   23224.66181045 -.00000053  00000+0  00000+0 0  9992
2 24876  55.5831 139.2309 0071502  51.8106 308.8367  2.00563996190903
NAVSTAR 47 (USA 150)    
1 26360U 00025A   23223.32621697 -.00000058  00000+0  00000+0 0  9994
2 26360  54.4110  61.5855 0041223 198.4986   6.1004  2.00572467170384
NAVSTAR 51 (USA 166)    
1 27663U 03005A   23223.56852288  .00000053  00000+0  00000+0 0  9994
2 27663  55.2570 256.3566 0131387  44.6297 315.0949  2.00567429150437
NAVSTAR 52 (USA 168)    
1 27704U 03010A   23224.25741924 -.00000109  00000+0  00000+0 0  9990
2 27704  55.1150   6.3016 0248277 318.2220  36.6641  2.00573899149242
NAVSTAR 54 (USA 177)    
1 28190U 04009A   23224.38409618 -.00000086  00000+0  00000+0 0  9998
2 28190  55.7085 317.3820 0093096 137.5154 247.5176  2.00568050142127
NAVSTAR 56 (USA 180)    
1 28474U 04045A   23223.80164256 -.00000107  00000+0  00000+0 0  9999
2 28474  55.4421   6.6333 0161677 281.9665  96.9642  2.00579169137550
ANIK F1R                
1 28868U 05036A   23224.47963914 -.00000083  00000+0  00000+0 0  9992
2 28868   1.6297  89.3573 0002648  26.2670 270.3794  1.00271791 65738
NAVSTAR 57 (USA 183)    
1 28874U 05038A   23224.39779829 -.00000080  00000+0  00000+0 0  9999
2 28874  55.7602 314.8329 0138933 279.2389 136.4952  2.00577090130973
INMARSAT 4-F2           
1 28899U 05044A   23225.49708745  .00000002  00000+0  00000+0 0  9997
2 28899   3.8480  40.6251 0002565 115.6436  48.2501  1.00271519 65088
NAVSTAR 58 (USA 190)    
1 29486U 06042A   23222.01405299  .00000052  00000+0  00000+0 0  9997
2 29486  54.6875 192.6587 0102576  31.2420   5.2326  2.00571306123645
NAVSTAR 59 (USA 192)    
1 29601U 06052A   23223.87784650  .00000055  00000+0  00000+0 0  9996
2 29601  55.2773 255.3020 0084217  79.2858 281.7304  2.00576507122582
NAVSTAR 60 (USA 196)    
1 32260U 07047A   23224.68865323 -.00000056  00000+0  00000+0 0  9995
2 32260  53.4555 123.0803 0150471  70.0350 291.6127  2.00552623115989
COSMOS 2433             
1 32275U 07052A   23225.44654794 -.00000096  00000+0  00000+0 0  9994
2 32275  66.0282 350.6620 0002964 207.1739 152.8120  2.13104243122966
COSMOS 2432             
1 32276U 07052B   23225.04702024 -.00000097  00000+0  00000+0 0  9992
2 32276  66.0427 350.7835 0007843 327.3047  33.3108  2.13103373122956
NAVSTAR 61 (USA 199)    
1 32384U 07062A   23223.54852997 -.00000087  00000+0  00000+0 0  9990
2 32384  55.8922 315.6841 0024998 148.3985 238.3410  2.00557634114707
COSMOS 2434             
1 32393U 07065A   23224.30396678  .00000086  00000+0  00000+0 0  9995
2 32393  64.3382 227.0886 0000261 199.9728 254.5559  2.13103155121645
COSMOS 2436             
1 32395U 07065C   23224.55168020  .00000083  00000+0  00000+0 0  9999
2 32395  64.3468 227.1416 0015489 351.2836  68.8265  2.13102910121584
NAVSTAR 62 (USA 201)    
1 32711U 08012A   23223.10747437  .00000034  00000+0  00000+0 0  9995
2 32711  54.4543 191.4521 0177277 235.6538 122.6343  2.00556619112871
NAVSTAR 64 (USA 206)    
1 35752U 09043A   23225.30559619 -.00000039  00000+0  00000+0 0  9991
2 35752  55.4139  68.5972 0058515  68.1658  95.6194  2.00559287102506
COSMOS 2456             
1 36111U 09070A   23225.21379421 -.00000021  00000+0  00000+0 0  9993
2 36111  64.4813 106.5665 0002964 326.2372 265.7893  2.13099318106323
COSMOS 2457             
1 36112U 09070B   23225.44661900 -.00000018  00000+0  00000+0 0  9991
2 36112  64.4653 106.4243 0004911 151.7048  29.5489  2.13101480106334
COSMOS 2460             
1 36402U 10007C   23224.23804191 -.00000098  00000+0  00000+0 0  9990
2 36402  65.8915 349.4215 0001689 135.1456 187.0618  2.13106394104654
NAVSTAR 65 (USA 213)    
1 36585U 10022A   23223.54942325  .00000060  00000+0  00000+0 0  9992
2 36585  54.5756 250.5477 0108704  59.6958  32.2450  2.00560797 96718
BEIDOU-2 IGSO-1         
1 36828U 10036A   23224.78914701 -.00000144  00000+0  00000+0 0  9995
2 36828  54.2379 172.3754 0036857 190.3930 350.7679  1.00260219 47809
QZS-1 (MICHIBIKI-1)     
1 37158U 10045A   23224.51019722 -.00000072  00000+0  00000+0 0  9992
2 37158  42.7913 127.6971 0037647 277.2224 272.4955  0.88387770 47281
BEIDOU-2 G4             
1 37210U 10057A   23224.79951963 -.00000121  00000+0  00000+0 0  9991
2 37210   1.1275  59.7833 0005077 147.3932 201.5388  1.00272726 46862
BEIDOU-2 IGSO-2         
1 37256U 10068A   23225.49907178 -.00000165  00000+0  00000+0 0  9998
2 37256  49.4465 284.5695 0032376 210.5949 113.1468  1.00291563 46378
BEIDOU-2 IGSO-3         
1 37384U 11013A   23225.46245434 -.00000155  00000+0  00000+0 0  9997
2 37384  60.9070  50.1051 0027284 173.5229  11.8672  1.00287846 45250
GSAT-8                  
1 37605U 11022A   23225.06527523  .00000077  00000+0  00000+0 0  9993
2 37605   0.0146  97.1130 0003864 154.2998 148.3594  1.00272288 44826
NAVSTAR 66 (USA 232)    
1 37753U 11036A   23222.55386324 -.00000097  00000+0  00000+0 0  9998
2 37753  56.7400  12.4268 0127278  56.1263 122.5837  2.00568378 88375
BEIDOU-2 IGSO-4         
1 37763U 11038A   23224.22680550 -.00000103  00000+0  00000+0 0  9993
2 37763  54.5121 174.9192 0112229 228.4622  94.0176  1.00279034 44216
GSAT0101 (GALILEO-PFM)  
1 37846U 11060A   23225.00653975 -.00000099  00000+0  00000+0 0  9992
2 37846  57.1065   9.9026 0002474  71.2819 288.7415  1.70476096 73538
GSAT0102 (GALILEO-FM2)  
1 37847U 11060B   23224.92642170 -.00000100  00000+0  00000+0 0  9991
2 37847  57.1077   9.9047 0001614  15.5751 341.5994  1.70475482 73523
COSMOS 2476             
1 37867U 11064A   23225.14752934 -.00000022  00000+0  00000+0 0  9995
2 37867  64.7616 108.0875 0021483 234.7539 215.5627  2.13101828 91670
COSMOS 2477             
1 37868U 11064B   23224.49570918 -.00000030  00000+0  00000+0 0  9992
2 37868  64.7687 108.1790 0018726 235.5170 252.6396  2.13101734 91617
COSMOS 2475             
1 37869U 11064C   23224.79021154 -.00000027  00000+0  00000+0 0  9995
2 37869  64.7760 108.1809 0023107 252.9178  59.6185  2.13102140 91625
BEIDOU-2 IGSO-5         
1 37948U 11073A   23225.50949331 -.00000121  00000+0  00000+0 0  9994
2 37948  49.5714 284.2365 0094833 219.7927  97.0437  1.00278254 42989
LUCH-5A                 
1 37951U 11074B   23224.59530913 -.00000060  00000+0  00000+0 0  9991
2 37951   6.0852  90.0937 0004990  46.1413 205.7766  1.00272855 42769
BEIDOU-2 G5             
1 38091U 12008A   23224.77938455  .00000047  00000+0  00000+0 0  9992
2 38091   1.6569  68.0509 0001550 187.8827  44.3465  1.00276631 42053
BEIDOU-2 M3             
1 38250U 12018A   23225.18314039 -.00000119  00000+0  00000+0 0  9993
2 38250  56.5238 339.6094 0022459 254.9932 104.7673  1.86231278 76930
BEIDOU-2 M4             
1 38251U 12018B   23224.57771444 -.00000120  00000+0  00000+0 0  9995
2 38251  56.4352 338.9242 0013312 254.4628 105.3989  1.86231970 76924
SES-5                   
1 38652U 12036A   23225.27035465  .00000025  00000+0  00000+0 0  9997
2 38652   0.0564 287.6918 0001679 216.2293 279.8072  1.00268765 40655
BEIDOU-2 M6             
1 38775U 12050B   23224.82472094 -.00000045  00000+0  00000+0 0  9995
2 38775  55.6734  97.5224 0012460 338.1116  21.9103  1.86231364 74301
GSAT-10                 
1 38779U 12051B   23225.42549404 -.00000172  00000+0  00000+0 0  9998
2 38779   0.1108 271.1943 0001068  14.9522 271.6176  1.00269312 39872
NAVSTAR 67 (USA 239)    
1 38833U 12053A   23224.28312946  .00000007  00000+0  00000+0 0  9999
2 38833  53.5150 186.1344 0140478  51.4995 309.7180  2.00566845 79471
GSAT0103 (GALILEO-FM3)  
1 38857U 12055A   23223.28584359 -.00000045  00000+0  00000+0 0  9998
2 38857  55.2740 130.1547 0003533 272.7706  87.2047  1.70473738 67407
GSAT0104 (GALILEO-FM4)  
1 38858U 12055B   23222.08216883 -.00000043  00000+0  00000+0 0  9998
2 38858  55.2737 130.1893 0000971 280.4534  79.5514  1.70473967 67357
BEIDOU-2 G6             
1 38953U 12059A   23225.07111528 -.00000185  00000+0  00000+0 0  9997
2 38953   1.7696  82.0321 0008208 315.3637  33.4937  1.00273632 39624
LUCH-5B                 
1 38977U 12061A   23225.33773306 -.00000146  00000+0  00000+0 0  9990
2 38977   8.2068  59.3139 0005621  97.1604 270.3256  1.00273117 39763
COSMOS 2485             
1 39155U 13019A   23224.50251965 -.00000030  00000+0  00000+0 0  9995
2 39155  64.9219 108.6282 0021943 230.6977 129.1734  2.13102047 80124
NAVSTAR 68 (USA 242)    
1 39166U 13023A   23222.64909078 -.00000083  00000+0  00000+0 0  9998
2 39166  55.3772 311.1076 0114025  41.7852 319.1198  2.00564361 74982
IRNSS-1A                
1 39199U 13034A   23225.12271652  .00000061  00000+0  00000+0 0  9997
2 39199  33.3719  79.0233 0019501 176.5232 164.9082  1.00272836 37228
NAVSTAR 69 (USA 248)    
1 39533U 14008A   23223.14486255  .00000033  00000+0  00000+0 0  9997
2 39533  53.6023 191.7353 0067272 215.7591 143.7657  2.00550402 69351
ASTRA 5B                
1 39617U 14011B   23224.34196911  .00000129  00000+0  00000+0 0  9990
2 39617   0.0712 297.3078 0002919 234.6049 295.2088  1.00269683 34447
COSMOS 2492             
1 39620U 14012A   23224.45796241 -.00000098  00000+0  00000+0 0  9995
2 39620  65.7752 349.0359 0010881 321.7463  38.1785  2.13103230 73086
IRNSS-1B                
1 39635U 14017A   23224.17479890  .00000131  00000+0  00000+0 0  9990
2 39635  28.7507 258.0556 0020672 191.9045 348.4203  1.00274807 34352
LUCH-5V                 
1 39727U 14023A   23225.07320723 -.00000278  00000+0  00000+0 0  9992
2 39727   2.5183  77.3871 0003100 114.7711 250.1769  1.00270789552093
NAVSTAR 70 (USA 251)    
1 39741U 14026A   23223.42690058 -.00000099  00000+0  00000+0 0  9990
2 39741  56.6937  11.9154 0028597 312.0640  47.6990  2.00558963 67657
COSMOS 2500             
1 40001U 14032A   23223.70304852 -.00000098  00000+0  00000+0 0  9992
2 40001  65.7137 348.8905 0007468 191.3147 168.6712  2.13106020 71288
NAVSTAR 71 (USA 256)    
1 40105U 14045A   23223.01469876 -.00000059  00000+0  00000+0 0  9990
2 40105  54.8050 130.0446 0023836 112.9355 247.3354  2.00576129 66080
GSAT0201 (GALILEO 5)    
1 40128U 14050A   23225.24419721 -.00000093  00000+0  00000+0 0  9990
2 40128  49.9549 315.4514 1609829 139.5351 233.6460  1.85519277 60984
GSAT0202 (GALILEO 6)    
1 40129U 14050B   23224.42567876 -.00000097  00000+0  00000+0 0  9999
2 40129  49.9752 314.5552 1607712 140.3156 232.6513  1.85519880 61164
IRNSS-1C                
1 40269U 14061A   23224.35425934 -.00000172  00000+0  00000+0 0  9990
2 40269   3.9093 113.4278 0020845  14.3617  43.2630  1.00269651 32401
NAVSTAR 72 (USA 258)    
1 40294U 14068A   23224.38827899 -.00000042  00000+0  00000+0 0  9990
2 40294  56.1567  71.3599 0048868  60.9706 299.5928  2.00570389 64331
COSMOS 2501             
1 40315U 14075A   23224.42201966  .00000083  00000+0  00000+0 0  9992
2 40315  63.6417 226.4587 0020228 211.6954 148.2149  2.13101439 67699
NAVSTAR 73 (USA 260)    
1 40534U 15013A   23224.02418006  .00000060  00000+0  00000+0 0  9994
2 40534  53.4741 247.2568 0079410  25.0665 335.3763  2.00556161 61385
GSAT0203 (GALILEO 7)    
1 40544U 15017A   23224.19947164 -.00000100  00000+0  00000+0 0  9995
2 40544  56.9020   9.9005 0002302 218.4426 141.5387  1.70476212 52138
GSAT0204 (GALILEO 8)    
1 40545U 15017B   23223.86644923 -.00000100  00000+0  00000+0 0  9996
2 40545  56.9079   9.9236 0002800 198.0741 161.9142  1.70475763 52130
IRNSS-1D                
1 40547U 15018A   23224.50340449 -.00000255  00000+0  00000+0 0  9998
2 40547  28.1181 258.0238 0020730 190.8735 164.8270  1.00274103 30814
BEIDOU-3S IGSO-1S       
1 40549U 15019A   23225.17249475 -.00000169  00000+0  00000+0 0  9996
2 40549  51.1389 307.8327 0040738 194.5621 336.1697  1.00261382 30664
NAVSTAR 74 (USA 262)    
1 40730U 15033A   23223.18844049 -.00000078  00000+0  00000+0 0  9990
2 40730  54.8654 309.7118 0084608  14.0661 346.2119  2.00556601 59130
BEIDOU-3S M2S           
1 40748U 15037A   23225.31763066 -.00000117  00000+0  00000+0 0  9993
2 40748  55.6757 337.5128 0010314 238.7068 121.2042  1.86233388 54779
BEIDOU-3S M1S           
1 40749U 15037B   23224.51380087 -.00000120  00000+0  00000+0 0  9997
2 40749  55.6792 337.5261 0002453 318.4560  41.5355  1.86233034 54752
GSAT0205 (GALILEO 9)    
1 40889U 15045A   23221.28807773  .00000047  00000+0  00000+0 0  9995
2 40889  55.3760 250.4165 0003128 358.6158   1.4436  1.70473631 49238
GSAT0206 (GALILEO 10)   
1 40890U 15045B   23223.85512593  .00000053  00000+0  00000+0 0  9992
2 40890  55.3742 250.3410 0002077 320.1922  39.8603  1.70473618 49301
BEIDOU-3S IGSO-2S       
1 40938U 15053A   23225.51358273 -.00000081  00000+0  00000+0 0  9994
2 40938  50.8410 270.9980 0048099 193.6361 137.0709  1.00288604 28936
NAVSTAR 75 (USA 265)    
1 41019U 15062A   23222.24467765 -.00000057  00000+0  00000+0 0  9992
2 41019  56.1386  71.2936 0088104 221.1071 138.2915  2.00562315 56935
GSAT-15                 
1 41028U 15065A   23225.07294574 -.00000266  00000+0  00000+0 0  9997
2 41028   0.1136 271.9570 0002046 186.4867 342.5527  1.00271530 28446
GSAT0209 (GALILEO 12)   
1 41174U 15079A   23221.68039261 -.00000041  00000+0  00000+0 0  9998
2 41174  55.2911 129.9056 0003824 321.8426  38.1473  1.70473903 47581
GSAT0208 (GALILEO 11)   
1 41175U 15079B   23224.83292007 -.00000040  00000+0  00000+0 0  9997
2 41175  55.2905 129.8171 0003223 324.3548  35.6449  1.70473989 47633
IRNSS-1E                
1 41241U 16003A   23225.00504436 -.00000316  00000+0  00000+0 0  9997
2 41241  30.9246  78.1354 0019336 173.9539 182.7589  1.00275704 27774
NAVSTAR 76 (USA 266)    
1 41328U 16007A   23224.33104717 -.00000057  00000+0  00000+0 0  9992
2 41328  55.0106 130.7650 0071586 234.7051 124.6446  2.00551298 55029
COSMOS 2514             
1 41330U 16008A   23225.34170105 -.00000097  00000+0  00000+0 0  9996
2 41330  65.5105 348.4223 0011065 203.2562 156.6968  2.13102852 58484
IRNSS-1F                
1 41384U 16015A   23224.75078321  .00000149  00000+0  00000+0 0  9991
2 41384   2.8876 130.9098 0017995 178.1194 314.7226  1.00265785 27238
BEIDOU-2 IGSO-6         
1 41434U 16021A   23225.34183139 -.00000135  00000+0  00000+0 0  9990
2 41434  58.7199  48.4872 0046424 218.0090 273.7764  1.00287807 27064
IRNSS-1G                
1 41469U 16027A   23224.79701951 -.00000344  00000+0  00000+0 0  9992
2 41469   2.7810 132.6462 0004086 348.3617 256.4621  1.00275203 26754
GSAT0211 (GALILEO 14)   
1 41549U 16030A   23223.78079904  .00000054  00000+0  00000+0 0  9996
2 41549  55.5215 250.3206 0003650 303.0981  56.9346  1.70473779 44910
GSAT0210 (GALILEO 13)   
1 41550U 16030B   23225.24551705  .00000053  00000+0  00000+0 0  9994
2 41550  55.5198 250.2815 0004107 271.5863  88.4350  1.70473792 44935
COSMOS 2516             
1 41554U 16032A   23222.17234304  .00000095  00000+0  00000+0 0  9998
2 41554  63.8682 226.9309 0015531 214.8208 145.1116  2.13106475 56026
BEIDOU-2 G7             
1 41586U 16037A   23224.78967000 -.00000363  00000+0  00000+0 0  9992
2 41586   1.8178  68.1353 0007196 349.0780 298.5779  1.00270187 26361
EUTELSAT 117 WEST B     
1 41589U 16038B   23225.33189620 -.00000019  00000+0  00000+0 0  9990
2 41589   0.0111 218.8722 0000401 257.2826 207.8284  1.00269825 26281
GSAT0207 (GALILEO 15)   
1 41859U 16069A   23223.14742137 -.00000045  00000+0  00000+0 0  9998
2 41859  54.9541 129.9430 0003815 305.4455  54.5347  1.70473898 41873
GSAT0212 (GALILEO 16)   
1 41860U 16069B   23224.76187051 -.00000041  00000+0  00000+0 0  9993
2 41860  54.9522 129.8952 0002797 341.2265  18.7836  1.70474096 41930
GSAT0213 (GALILEO 17)   
1 41861U 16069C   23223.95457848 -.00000044  00000+0  00000+0 0  9991
2 41861  54.9545 129.9236 0003700 281.7977  78.1782  1.70472830 41917
GSAT0214 (GALILEO 18)   
1 41862U 16069D   23224.68837295 -.00000041  00000+0  00000+0 0  9998
2 41862  54.9527 129.8974 0003236 287.3744  72.6104  1.70472739 41920
SES-15                  
1 42709U 17026A   23224.67025545  .00000052  00000+0  00000+0 0  9990
2 42709   0.0176  38.2194 0000285 165.0528 229.7121  1.00269411 23763
QZS-2 (MICHIBIKI-2)     
1 42738U 17028A   23224.41615731 -.00000126  00000+0  00000+0 0  9991
2 42738  41.0796 258.1939 0754818 269.7887  84.0577  1.00270958 22715
QZS-3 (MICHIBIKI-3)     
1 42917U 17048A   23225.04008043 -.00000356  00000+0  00000+0 0  9999
2 42917   0.0607 163.2806 0002447 356.4437 302.9405  1.00274167 21940
COSMOS 2522             
1 42939U 17055A   23225.18366725  .00000077  00000+0  00000+0 0  9999
2 42939  64.1022 227.3454 0010190 243.0134 116.9145  2.13102030 45838
QZS-4 (MICHIBIKI-4)     
1 42965U 17062A   23224.68799309 -.00000355  00000+0  00000+0 0  9998
2 42965  40.6446 356.7327 0747177 268.9050  81.6418  1.00287680 21382
BEIDOU-3 M1             
1 43001U 17069A   23225.12804763 -.00000041  00000+0  00000+0 0  9990
2 43001  55.8251  97.5679 0008650 304.0159  55.9787  1.86231802 39251
BEIDOU-3 M2             
1 43002U 17069B   23225.06472221 -.00000042  00000+0  00000+0 0  9995
2 43002  55.8243  97.6065 0007147 332.1081  27.9301  1.86231275 39243
GSAT0215 (GALILEO 19)   
1 43055U 17079A   23224.59085789  .00000054  00000+0  00000+0 0  9992
2 43055  55.4972 250.1247 0003682 264.4896  95.5367  1.70474375 35269
GSAT0216 (GALILEO 20)   
1 43056U 17079B   23224.88279241  .00000054  00000+0  00000+0 0  9993
2 43056  55.4971 250.1164 0005225 271.4019  88.6065  1.70474538 35255
GSAT0217 (GALILEO 21)   
1 43057U 17079C   23224.51655620  .00000054  00000+0  00000+0 0  9993
2 43057  55.4956 250.1258 0004588 282.6887  77.3283  1.70474490 35266
GSAT0218 (GALILEO 22)   
1 43058U 17079D   23220.04392863  .00000042  00000+0  00000+0 0  9992
2 43058  55.4956 250.2466 0005641 270.1614  89.8307  1.70474393 35188
BEIDOU-3 M7             
1 43107U 18003A   23225.35257309 -.00000118  00000+0  00000+0 0  9994
2 43107  55.1317 338.2377 0004067  78.4104 281.6463  1.86232633 38019
BEIDOU-3 M8             
1 43108U 18003B   23225.29049392 -.00000118  00000+0  00000+0 0  9999
2 43108  55.1247 338.2270 0003429 239.7160 120.2611  1.86231064 38019
BEIDOU-3 M4             
1 43207U 18018A   23224.12214247 -.00000053  00000+0  00000+0 0  9997
2 43207  55.7832  97.7012 0005584   5.2137 354.8634  1.86231705 37370
BEIDOU-3 M3             
1 43208U 18018B   23223.11487289 -.00000062  00000+0  00000+0 0  9994
2 43208  55.7821  97.7393 0006819 319.7169  40.2994  1.86231509 37356
BEIDOU-3 M9             
1 43245U 18029A   23223.87474975 -.00000121  00000+0  00000+0 0  9994
2 43245  55.0274 336.0241 0001096 190.3996 169.6094  1.86232842 36522
BEIDOU-3 M10            
1 43246U 18029B   23224.34176802 -.00000120  00000+0  00000+0 0  9995
2 43246  55.0246 336.0371 0002831   8.3553 351.6611  1.86233062 36524
IRNSS-1I                
1 43286U 18035A   23224.70695060  .00000063  00000+0  00000+0 0  9993
2 43286  29.1986  90.5544 0019198 177.4284   2.4549  1.00275517 19640
COSMOS 2527             
1 43508U 18053A   23224.67302649 -.00000028  00000+0  00000+0 0  9996
2 43508  65.0833 108.7103 0007480 225.9748 134.0304  2.13102504 40123
BEIDOU-2 IGSO-7         
1 43539U 18057A   23223.78635076 -.00000140  00000+0  00000+0 0  9993
2 43539  55.1226 172.0650 0064943 231.8494 311.3179  1.00291007 18728
GSAT0221 (GALILEO 25)   
1 43564U 18060A   23222.87646512 -.00000100  00000+0  00000+0 0  9997
2 43564  57.2827   9.8584 0001919 256.7643 103.2134  1.70476069 31426
GSAT0222 (GALILEO 26)   
1 43565U 18060B   23224.26768429 -.00000100  00000+0  00000+0 0  9995
2 43565  57.2860   9.8219 0002634 200.9590 159.0277  1.70475866 31483
GSAT0219 (GALILEO 23)   
1 43566U 18060C   23222.73029689 -.00000100  00000+0  00000+0 0  9994
2 43566  57.2855   9.8654 0000974 270.7940  89.1942  1.70476083 31439
GSAT0220 (GALILEO 24)   
1 43567U 18060D   23224.71045024 -.00000100  00000+0  00000+0 0  9996
2 43567  57.2851   9.8122 0001419 255.7468 104.2342  1.70476127 31442
BEIDOU-3 M5             
1 43581U 18062A   23224.56218066  .00000060  00000+0  00000+0 0  9999
2 43581  54.1822 217.6887 0005735 275.2420  84.6974  1.86232017 34270
BEIDOU-3 M6             
1 43582U 18062B   23224.96478070  .00000055  00000+0  00000+0 0  9991
2 43582  54.1819 217.6646 0004678 347.4629  12.5286  1.86229788 34286
BEIDOU-3 M12            
1 43602U 18067A   23224.90129210  .00000054  00000+0  00000+0 0  9991
2 43602  54.2691 216.3201 0006731   9.6283 350.3854  1.86231647 33769
BEIDOU-3 M11            
1 43603U 18067B   23225.03511010  .00000052  00000+0  00000+0 0  9998
2 43603  54.2662 216.2813 0003933 351.4251   8.5684  1.86231574 33795
BEIDOU-3 M13            
1 43622U 18072A   23224.99380843 -.00000043  00000+0  00000+0 0  9998
2 43622  55.7533  97.2133 0005315 302.2164  57.8083  1.86231788 33308
BEIDOU-3 M14            
1 43623U 18072B   23224.32230898 -.00000051  00000+0  00000+0 0  9999
2 43623  55.7546  97.2284 0003895 340.9212  19.1369  1.86231777 33298
BEIDOU-3 M16            
1 43647U 18078A   23223.94714655 -.00000121  00000+0  00000+0 0  9994
2 43647  54.9237 336.1462 0006167  14.6408 345.3881  1.86227392 32797
BEIDOU-3 M15            
1 43648U 18078B   23224.07838924 -.00000121  00000+0  00000+0 0  9996
2 43648  54.9192 336.1458 0003225  32.4618 327.5693  1.86232427 32817
BEIDOU-3 G1             
1 43683U 18085A   23224.79551005 -.00000287  00000+0  00000+0 0  9997
2 43683   1.4666 125.9584 0003153 341.3990 279.9820  1.00276423 17633
COSMOS 2529             
1 43687U 18086A   23224.30313242  .00000086  00000+0  00000+0 0  9994
2 43687  64.3174 227.8050 0011810 261.4206  98.4808  2.13102144 37129
BEIDOU-3 M17            
1 43706U 18093A   23225.30053407  .00000051  00000+0  00000+0 0  9991
2 43706  54.2646 217.5792 0010778 277.6378  82.2412  1.86232121 32173
BEIDOU-3 M18            
1 43707U 18093B   23225.16623458  .00000052  00000+0  00000+0 0  9996
2 43707  54.2655 217.5754 0008784 300.8606  59.0551  1.86229929 32188
NAVSTAR 77 (USA 289)    
1 43873U 18109A   23221.23942573 -.00000041  00000+0  00000+0 0  9993
2 43873  55.1862 133.3967 0025156 192.4223 350.0379  2.00567742 34106
BEIDOU-3 IGSO-1         
1 44204U 19023A   23224.36132889 -.00000198  00000+0  00000+0 0  9999
2 44204  57.1847  48.4824 0022852 193.9447 327.1071  1.00289848 15933
BEIDOU-2 G8             
1 44231U 19027A   23224.79646885 -.00000257  00000+0  00000+0 0  9992
2 44231   1.8993  81.2216 0006130 127.9224 183.0307  1.00269180 15659
COSMOS 2534             
1 44299U 19030A   23224.71846740  .00000082  00000+0  00000+0 0  9999
2 44299  64.3901 227.7152 0013887 280.0475 172.7815  2.13102140 32787
BEIDOU-3 IGSO-2         
1 44337U 19035A   23224.74979687 -.00000159  00000+0  00000+0 0  9993
2 44337  55.1547 167.9909 0033152 198.2503 344.0181  1.00281909 15279
NAVSTAR 78 (USA 293)    
1 44506U 19056A   23221.12410347 -.00000096  00000+0  00000+0 0  9996
2 44506  55.8174  12.4768 0035830 183.8752 175.3715  2.00565225 29144
BEIDOU-3 M24            
1 44542U 19061A   23225.23812811  .00000052  00000+0  00000+0 0  9991
2 44542  54.4918 217.8069 0008271 334.6221  25.3396  1.86231465 26444
BEIDOU-3 M23            
1 44543U 19061B   23225.36646126  .00000051  00000+0  00000+0 0  9999
2 44543  54.4903 217.7717 0005945 315.6547  42.2122  1.86231882 26441
BEIDOU-3 IGSO-3         
1 44709U 19073A   23223.59253607 -.00000175  00000+0  00000+0 0  9995
2 44709  56.5728 292.0033 0035016 188.7037 171.3333  1.00289450 14002
BEIDOU-3 M22            
1 44793U 19078A   23221.32471251 -.00000121  00000+0  00000+0 0  9990
2 44793  54.7739 336.2069 0005193  24.8269 335.2092  1.86232262 25230
BEIDOU-3 M21            
1 44794U 19078B   23223.60313616 -.00000122  00000+0  00000+0 0  9995
2 44794  54.7461 336.1108 0003119  23.5127 336.5124  1.86232796 25277
COSMOS 2544             
1 44850U 19088A   23225.08599465 -.00000023  00000+0  00000+0 0  9991
2 44850  65.0694 108.5397 0011909 255.7022 104.2347  2.13102271 28559
BEIDOU-3 M19            
1 44864U 19090A   23223.56134868 -.00000059  00000+0  00000+0 0  9991
2 44864  55.6867  97.4489 0016053 277.8972 247.9612  1.86231964 24842
BEIDOU-3 M20            
1 44865U 19090B   23224.41133657 -.00000050  00000+0  00000+0 0  9993
2 44865  55.6892  97.4532 0014074 292.8257 172.6985  1.86231938 24842
BEIDOU-3 G2             
1 45344U 20017A   23225.07024363 -.00000149  00000+0  00000+0 0  9992
2 45344   2.0350  15.0399 0003076 141.9786 269.5577  1.00272757 12859
COSMOS 2545             
1 45358U 20018A   23224.34422568 -.00000099  00000+0  00000+0 0  9990
2 45358  64.8511 348.7199 0008901 235.2237 124.6953  2.13102681 26502
BEIDOU-3 G3             
1 45807U 20040A   23225.07634517 -.00000361  00000+0  00000+0 0  9996
2 45807   0.6361 339.2742 0005016 353.3824 126.6377  1.00273625 11664
NAVSTAR 79 (USA 304)    
1 45854U 20041A   23222.58107462 -.00000056  00000+0  00000+0 0  9997
2 45854  55.8610  69.6998 0034894 185.7232  89.0063  2.00564322 23146
GALAXY 30 (G-30)        
1 46114U 20056C   23225.55189470  .00000029  00000+0  00000+0 0  9991
2 46114   0.0175  80.6851 0002287  79.0376 235.6639  1.00271876 10984
COSMOS 2547             
1 46805U 20075A   23224.53343474  .00000084  00000+0  00000+0 0  9993
2 46805  64.6172 227.2707 0008825 243.8579 116.0853  2.13103047 21759
NAVSTAR 80 (USA 309)    
1 46826U 20078A   23225.45393653  .00000051  00000+0  00000+0 0  9999
2 46826  54.3221 252.9534 0035347 194.3127 330.1978  2.00562856 20663
NAVSTAR 81 (USA 319)    
1 48859U 21054A   23225.47791181 -.00000101  00000+0  00000+0 0  9999
2 48859  55.3349  14.1013 0011355 209.6220 153.7566  2.00575221 15914
QZS-1R                  
1 49336U 21096A   23223.74525463 -.00000331  00000+0  00000+0 0  9997
2 49336  35.3005  95.2790 0740332 268.7858 355.3268  1.00301615  6575
GSAT0223 (GALILEO 27)   
1 49809U 21116A   23224.26924292 -.00000100  00000+0  00000+0 0  9990
2 49809  57.2766   9.7200 0002948 161.7344  17.7311  1.70476261 10445
GSAT0224 (GALILEO 28)   
1 49810U 21116B   23224.09120017 -.00000100  00000+0  00000+0 0  9996
2 49810  57.2779   9.7230 0002663 150.6293  32.0481  1.70476268 10465
COSMOS 2557             
1 52984U 22075A   23224.69573770 -.00000099  00000+0  00000+0 0  9998
2 52984  64.7670 350.8694 0011126 277.2073  82.6679  2.13102360  8547
COSMOS 2559             
1 54031U 22130A   23224.16836883 -.00000099  00000+0  00000+0 0  9994
2 54031  64.7380 351.0160 0006514 212.9554 147.0059  2.13101557  6527
COSMOS 2564             
1 54377U 22161A   23224.83100481  .00000082  00000+0  00000+0 0  9994
2 54377  64.7578 227.3096 0011275 226.8192 133.1199  2.13102222  5489
NAVSTAR 82 (USA 343)    
1 55268U 23009A   23223.42275049  .00000027  00000+0  00000+0 0  9992
2 55268  55.0931 189.3510 0003927  95.6302 266.5623  2.00557327  4368
BEIDOU-3 G4             
1 56564U 23066A   23224.79951963 -.00000118  00000+0  00000+0 0  9994
2 56564   2.8998 288.8950 0006959 206.6568 273.1103  1.00270288   988
IRNSS-1J (NVS-01)       
1 56759U 23076A   23225.04008043 -.00000341  00000+0  00000+0 0  9990
2 56759   4.7964 272.4817 0005662 341.8133 210.8957  1.00272887   789
