NAVSTAR 43 (USA 132)    
1 24876U 97035A   23219.17744835 -.00000003  00000+0  00000+0 0  9999
2 24876  55.5823 139.4451 0071228  51.6963 308.9532  2.00563882190794
NAVSTAR 47 (USA 150)    
1 26360U 00025A   23218.29164882 -.00000063  00000+0  00000+0 0  9998
2 26360  54.4065  61.7918 0041177 198.3977 330.8168  2.00572675170280
NAVSTAR 51 (USA 166)    
1 27663U 03005A   23218.81329539  .00000019  00000+0  00000+0 0  9996
2 27663  55.2592 256.5459 0131321  44.6197 121.5173  2.00567618150339
NAVSTAR 52 (USA 168)    
1 27704U 03010A   23218.86751552 -.00000097  00000+0  00000+0 0  9994
2 27704  55.1148   6.5188 0248213 318.1015 104.8162  2.00573476149137
NAVSTAR 54 (USA 177)    
1 28190U 04009A   23218.10591134 -.00000083  00000+0  00000+0 0  9993
2 28190  55.7136 317.6314 0093128 137.1507  34.6299  2.00568046141999
NAVSTAR 56 (USA 180)    
1 28474U 04045A   23218.81603179 -.00000096  00000+0  00000+0 0  9993
2 28474  55.4417   6.8326 0161559 281.8483  96.9573  2.00578830137451
ANIK F1R                
1 28868U 05036A   23218.46323818 -.00000084  00000+0  00000+0 0  9998
2 28868   1.6148  89.4367 0002720  32.7289 252.0100  1.00271565 65674
NAVSTAR 57 (USA 183)    
1 28874U 05038A   23218.38609006 -.00000083  00000+0  00000+0 0  9993
2 28874  55.7652 315.0715 0138777 279.1939 115.5029  2.00577319130850
INMARSAT 4-F2           
1 28899U 05044A   23219.08799331  .00000001  00000+0  00000+0 0  9995
2 28899   3.8464  40.6302 0002750 107.7273 262.5481  1.00271421 65028
NAVSTAR 58 (USA 190)    
1 29486U 06042A   23217.12260257  .00000055  00000+0  00000+0 0  9999
2 29486  54.6877 192.8526 0102474  31.0945  73.3525  2.00571544123549
NAVSTAR 59 (USA 192)    
1 29601U 06052A   23218.39380878  .00000019  00000+0  00000+0 0  9991
2 29601  55.2795 255.5201 0084257  79.2556 281.7523  2.00576074122478
NAVSTAR 60 (USA 196)    
1 32260U 07047A   23217.20961180 -.00000004  00000+0  00000+0 0  9996
2 32260  53.4528 123.3906 0150119  69.8477 291.7972  2.00552865115832
COSMOS 2433             
1 32275U 07052A   23218.87693366 -.00000076  00000+0  00000+0 0  9999
2 32275  66.0301 350.8799 0002730 204.1708 155.8216  2.13104065122827
COSMOS 2432             
1 32276U 07052B   23218.47968675 -.00000074  00000+0  00000+0 0  9992
2 32276  66.0444 351.0013 0007838 329.5042  32.8887  2.13103203122815
NAVSTAR 61 (USA 199)    
1 32384U 07062A   23217.02708375 -.00000073  00000+0  00000+0 0  9991
2 32384  55.8976 315.9420 0024977 147.8551 210.2340  2.00557111114578
COSMOS 2434             
1 32393U 07065A   23218.54873741  .00000072  00000+0  00000+0 0  9990
2 32393  64.3382 227.2844 0000313 198.5099 160.7751  2.13103092121513
COSMOS 2436             
1 32395U 07065C   23218.60293394  .00000072  00000+0  00000+0 0  9999
2 32395  64.3469 227.3440 0015443 351.1989 185.2124  2.13102847121455
NAVSTAR 62 (USA 201)    
1 32711U 08012A   23218.12152453  .00000061  00000+0  00000+0 0  9999
2 32711  54.4546 191.6509 0177196 235.6086 122.6795  2.00556386112771
NAVSTAR 64 (USA 206)    
1 35752U 09043A   23218.34741328 -.00000056  00000+0  00000+0 0  9996
2 35752  55.4077  68.8755 0058504  67.8725 111.8630  2.00559505102361
COSMOS 2456             
1 36111U 09070A   23219.45543166 -.00000031  00000+0  00000+0 0  9992
2 36111  64.4791 106.7644 0003191 323.9237 170.5389  2.13099222106208
COSMOS 2457             
1 36112U 09070B   23219.34424689 -.00000030  00000+0  00000+0 0  9998
2 36112  64.4631 106.6341 0004697 153.6216  26.1111  2.13101367106205
COSMOS 2460             
1 36402U 10007C   23217.94910552 -.00000073  00000+0  00000+0 0  9992
2 36402  65.8934 349.6313 0001785 126.5367  50.9528  2.13106230104521
NAVSTAR 65 (USA 213)    
1 36585U 10022A   23217.59583241  .00000024  00000+0  00000+0 0  9998
2 36585  54.5779 250.7887 0108625  59.6976  53.4945  2.00560387 96597
BEIDOU-2 IGSO-1         
1 36828U 10036A   23218.35174054 -.00000118  00000+0  00000+0 0  9991
2 36828  54.2383 172.4334 0037088 190.6020 186.9850  1.00261688 47743
QZS-1 (MICHIBIKI-1)     
1 37158U 10045A   23207.91293981  .00000017  00000+0  00000+0 0  9996
2 37158  42.7673 127.8413 0408044 269.8132 316.8783  0.93974245    12
BEIDOU-2 G4             
1 37210U 10057A   23218.83868878 -.00000123  00000+0  00000+0 0  9993
2 37210   1.1150  59.4849 0004890 145.0593 212.3862  1.00269678 46801
BEIDOU-2 IGSO-2         
1 37256U 10068A   23218.62547260 -.00000198  00000+0  00000+0 0  9993
2 37256  49.4581 284.6530 0032291 210.4423 151.5098  1.00293124 46301
BEIDOU-2 IGSO-3         
1 37384U 11013A   23219.38863019 -.00000181  00000+0  00000+0 0  9995
2 37384  60.8977  50.1633 0027170 173.2079 339.2972  1.00288765 45199
GSAT-8                  
1 37605U 11022A   23219.18868549  .00000077  00000+0  00000+0 0  9995
2 37605   0.0064 263.6112 0003454 347.6289 187.1843  1.00269551 44761
NAVSTAR 66 (USA 232)    
1 37753U 11036A   23216.06792984 -.00000083  00000+0  00000+0 0  9995
2 37753  56.7387  12.6780 0127338  56.0541 119.4150  2.00568151 88243
BEIDOU-2 IGSO-4         
1 37763U 11038A   23219.34007759 -.00000047  00000+0  00000+0 0  9991
2 37763  54.5124 174.9627 0112332 228.4591 129.8395  1.00279688 44161
GSAT0101 (GALILEO-PFM)  
1 37846U 11060A   23216.79436601 -.00000089  00000+0  00000+0 0  9992
2 37846  57.1053  10.1244 0002842  67.3316 292.6967  1.70475823 73395
GSAT0102 (GALILEO-FM2)  
1 37847U 11060B   23218.47063184 -.00000093  00000+0  00000+0 0  9997
2 37847  57.1066  10.0791 0001977  20.1887 334.9372  1.70475262 73414
COSMOS 2476             
1 37867U 11064A   23218.22584979 -.00000014  00000+0  00000+0 0  9999
2 37867  64.7594 108.3228 0021623 235.4672 304.7815  2.13101706 91521
COSMOS 2477             
1 37868U 11064B   23219.34778940 -.00000029  00000+0  00000+0 0  9993
2 37868  64.7669 108.3538 0018840 236.1710 262.6858  2.13101644 91505
COSMOS 2475             
1 37869U 11064C   23218.51855038 -.00000018  00000+0  00000+0 0  9994
2 37869  64.7739 108.3939 0023308 253.4303 287.7028  2.13102025 91493
BEIDOU-2 IGSO-5         
1 37948U 11073A   23218.10387389 -.00000153  00000+0  00000+0 0  9996
2 37948  49.5840 284.3262 0094695 219.7443 303.5723  1.00279332 42919
LUCH-5A                 
1 37951U 11074B   23218.67688163 -.00000060  00000+0  00000+0 0  9994
2 37951   6.0707  90.1981 0005197  41.4754 233.8611  1.00271424 42700
BEIDOU-2 G5             
1 38091U 12008A   23218.75813560  .00000047  00000+0  00000+0 0  9992
2 38091   1.6435  67.9483 0001113 187.6282  31.0412  1.00274015 41993
BEIDOU-2 M3             
1 38250U 12018A   23218.73966996 -.00000107  00000+0  00000+0 0  9998
2 38250  56.5274 339.8227 0022181 255.0310 104.7339  1.86231060 76819
BEIDOU-2 M4             
1 38251U 12018B   23216.52340791 -.00000094  00000+0  00000+0 0  9998
2 38251  56.4398 339.1915 0012957 254.5857 105.2808  1.86231728 76776
SES-5                   
1 38652U 12036A   23219.25031102  .00000025  00000+0  00000+0 0  9992
2 38652   0.0497 286.1173 0002276 216.4442 268.0194  1.00274697 40598
BEIDOU-2 M6             
1 38775U 12050B   23218.91823372 -.00000047  00000+0  00000+0 0  9999
2 38775  55.6691  97.7207 0012681 337.3169  22.6956  1.86231222 74194
GSAT-10                 
1 38779U 12051B   23218.76368979 -.00000174  00000+0  00000+0 0  9995
2 38779   0.0120  95.7480 0001089 155.4257  61.7779  1.00272470 39810
NAVSTAR 67 (USA 239)    
1 38833U 12053A   23219.29745856  .00000059  00000+0  00000+0 0  9991
2 38833  53.5152 186.3380 0140163  51.4175 309.8033  2.00566696 79377
GSAT0103 (GALILEO-FM3)  
1 38857U 12055A   23218.00659040 -.00000013  00000+0  00000+0 0  9997
2 38857  55.2723 130.3001 0003802 272.8477  87.1335  1.70473621 67310
GSAT0104 (GALILEO-FM4)  
1 38858U 12055B   23217.38950445 -.00000010  00000+0  00000+0 0  9998
2 38858  55.2724 130.3186 0001273 276.1236  83.8861  1.70473874 67278
BEIDOU-2 G6             
1 38953U 12059A   23219.05108997 -.00000185  00000+0  00000+0 0  9994
2 38953   1.9595  82.2694 0008402 321.2539  14.2095  1.00270716 39567
LUCH-5B                 
1 38977U 12061A   23218.94146427 -.00000148  00000+0  00000+0 0  9999
2 38977   8.1930  59.3723 0005851  93.5016 124.9467  1.00271012 39693
COSMOS 2485             
1 39155U 13019A   23216.05583439  .00000009  00000+0  00000+0 0  9995
2 39155  64.9193 108.9134 0022099 231.5550 128.3146  2.13101901 79948
NAVSTAR 68 (USA 242)    
1 39166U 13023A   23217.16472876 -.00000069  00000+0  00000+0 0  9994
2 39166  55.3817 311.3276 0114049  41.8031 319.1076  2.00564227 74876
IRNSS-1A                
1 39199U 13034A   23219.23313436  .00000059  00000+0  00000+0 0  9996
2 39199  33.3585  79.1114 0019283 176.7515 198.5719  1.00271062 37175
NAVSTAR 69 (USA 248)    
1 39533U 14008A   23218.15877135  .00000060  00000+0  00000+0 0  9993
2 39533  53.6026 191.9383 0067281 215.7446 143.7787  2.00550059 69259
ASTRA 5B                
1 39617U 14011B   23219.07827167  .00000128  00000+0  00000+0 0  9997
2 39617   0.0499 314.7505 0002793 209.4709 202.7661  1.00272868 34394
COSMOS 2492             
1 39620U 14012A   23218.35758310 -.00000075  00000+0  00000+0 0  9997
2 39620  65.7770 349.2403 0010845 323.2057  36.7254  2.13103065 72950
IRNSS-1B                
1 39635U 14017A   23219.18868549  .00000112  00000+0  00000+0 0  9997
2 39635  28.7610 258.1395 0020782 191.4646 348.8355  1.00273243 34303
LUCH-5V                 
1 39727U 14023A   23219.33967172 -.00000278  00000+0  00000+0 0  9999
2 39727   2.5047  77.4104 0002919 107.1498 348.0557  1.00272146552032
NAVSTAR 70 (USA 251)    
1 39741U 14026A   23218.44094811 -.00000090  00000+0  00000+0 0  9992
2 39741  56.6929  12.1085 0028537 312.3746  47.3905  2.00559193 67556
COSMOS 2500             
1 40001U 14032A   23217.60274877 -.00000072  00000+0  00000+0 0  9999
2 40001  65.7157 349.0953 0007262 189.3957 170.5959  2.13105877 71154
NAVSTAR 71 (USA 256)    
1 40105U 14045A   23217.53068431  .00000002  00000+0  00000+0 0  9999
2 40105  54.8036 130.2639 0023643 112.9710 247.3053  2.00575663 65976
GSAT0201 (GALILEO 5)    
1 40128U 14050A   23218.23725283 -.00000104  00000+0  00000+0 0  9997
2 40128  49.9615 315.7317 1610143 139.2673 233.9791  1.85518998 60852
GSAT0202 (GALILEO 6)    
1 40129U 14050B   23214.72379917 -.00000074  00000+0  00000+0 0  9993
2 40129  49.9843 314.9432 1608019 139.9466 233.1190  1.85519576 60983
IRNSS-1C                
1 40269U 14061A   23219.05082847 -.00000172  00000+0  00000+0 0  9993
2 40269   3.8970 113.5912 0020863  13.6675 289.3616  1.00270506 32347
NAVSTAR 72 (USA 258)    
1 40294U 14068A   23218.90404261 -.00000057  00000+0  00000+0 0  9991
2 40294  56.1517  71.5751 0048768  60.7282 299.8261  2.00569908 64220
COSMOS 2501             
1 40315U 14075A   23219.26016140  .00000078  00000+0  00000+0 0  9990
2 40315  63.6419 226.6389 0020239 211.7082 148.1974  2.13101383 67589
NAVSTAR 73 (USA 260)    
1 40534U 15013A   23219.03822616  .00000034  00000+0  00000+0 0  9996
2 40534  53.4761 247.4637 0079234  25.0426 335.3893  2.00556404 61288
GSAT0203 (GALILEO 7)    
1 40544U 15017A   23218.92022476 -.00000095  00000+0  00000+0 0  9992
2 40544  56.9011  10.0438 0002140 217.1042 142.8807  1.70476038 52048
GSAT0204 (GALILEO 8)    
1 40545U 15017B   23219.17377463 -.00000095  00000+0  00000+0 0  9990
2 40545  56.9071  10.0510 0002617 195.6388 164.3531  1.70475578 52050
IRNSS-1D                
1 40547U 15018A   23215.52198882 -.00000270  00000+0  00000+0 0  9999
2 40547  28.1351 258.1761 0021579 191.1849 162.0965  1.00266847 30724
BEIDOU-3S IGSO-1S       
1 40549U 15019A   23218.71577292 -.00000189  00000+0  00000+0 0  9991
2 40549  51.1505 307.9085 0040661 194.5344 165.6569  1.00262132 30604
NAVSTAR 74 (USA 262)    
1 40730U 15033A   23216.20809122 -.00000060  00000+0  00000+0 0  9999
2 40730  54.8715 309.9953 0084516  14.0926 346.1907  2.00556768 58990
BEIDOU-3S M2S           
1 40748U 15037A   23217.80035486 -.00000102  00000+0  00000+0 0  9990
2 40748  55.6804 337.7669 0009965 238.3347 121.5806  1.86233005 54632
BEIDOU-3S M1S           
1 40749U 15037B   23217.53346175 -.00000100  00000+0  00000+0 0  9999
2 40749  55.6837 337.7621 0002389 325.0664  34.9301  1.86232802 54626
GSAT0205 (GALILEO 9)    
1 40889U 15045A   23218.94172993  .00000036  00000+0  00000+0 0  9991
2 40889  55.3771 250.4815 0003121 359.1500   0.9058  1.70473605 49192
GSAT0206 (GALILEO 10)   
1 40890U 15045B   23216.22951824  .00000040  00000+0  00000+0 0  9995
2 40890  55.3774 250.5520 0001968 321.0700  38.9845  1.70473575 49177
BEIDOU-3S IGSO-2S       
1 40938U 15053A   23219.11229987 -.00000119  00000+0  00000+0 0  9994
2 40938  50.8499 271.0724 0048028 193.4364 346.0893  1.00289479 28863
NAVSTAR 75 (USA 265)    
1 41019U 15062A   23217.25883695 -.00000044  00000+0  00000+0 0  9997
2 41019  56.1341  71.4892 0087950 221.1490 138.2556  2.00562115 56830
GSAT-15                 
1 41028U 15065A   23219.05300758 -.00000267  00000+0  00000+0 0  9991
2 41028   0.0426 263.9933 0002560 206.9715 316.9252  1.00271424 28387
GSAT0209 (GALILEO 12)   
1 41174U 15079A   23218.16089980 -.00000015  00000+0  00000+0 0  9991
2 41174  55.2901 130.0024 0003871 320.6237  39.3734  1.70473840 47524
GSAT0208 (GALILEO 11)   
1 41175U 15079B   23217.20733518 -.00000009  00000+0  00000+0 0  9992
2 41175  55.2879 130.0269 0003153 323.1389  36.8639  1.70473730 47501
IRNSS-1E                
1 41241U 16003A   23214.54164067 -.00000314  00000+0  00000+0 0  9994
2 41241  30.9009  78.2955 0018497 184.5628 354.7169  1.00280366 27677
NAVSTAR 76 (USA 266)    
1 41328U 16007A   23219.34496292 -.00000018  00000+0  00000+0 0  9996
2 41328  55.0093 130.9630 0071608 234.7884 124.5641  2.00551393 54923
COSMOS 2514             
1 41330U 16008A   23219.24131619 -.00000080  00000+0  00000+0 0  9997
2 41330  65.5125 348.6287 0010851 202.4499 157.5093  2.13102551 58351
IRNSS-1F                
1 41384U 16015A   23219.18424008  .00000150  00000+0  00000+0 0  9991
2 41384   2.8772 131.1884 0018049 180.8389 102.2500  1.00274078 27180
BEIDOU-2 IGSO-6         
1 41434U 16021A   23218.34835282 -.00000156  00000+0  00000+0 0  9998
2 41434  58.7090  48.5578 0046221 217.8688 269.0010  1.00288410 26997
IRNSS-1G                
1 41469U 16027A   23218.98837421 -.00000344  00000+0  00000+0 0  9998
2 41469   2.7701 132.9496 0004151 345.4234 322.1568  1.00277905 26694
GSAT0211 (GALILEO 14)   
1 41549U 16030A   23217.32835225  .00000036  00000+0  00000+0 0  9995
2 41549  55.5242 250.4987 0003425 305.9128  54.1171  1.70473751 44805
GSAT0210 (GALILEO 13)   
1 41550U 16030B   23217.61989755  .00000035  00000+0  00000+0 0  9996
2 41550  55.5231 250.4918 0004034 269.6724  90.3415  1.70473754 44800
COSMOS 2516             
1 41554U 16032A   23217.94909773  .00000066  00000+0  00000+0 0  9994
2 41554  63.8682 227.0772 0015540 214.8207 145.1054  2.13106426 55937
BEIDOU-2 G7             
1 41586U 16037A   23219.15603497 -.00000363  00000+0  00000+0 0  9994
2 41586   1.8053  68.0625 0007555 350.1228  63.9528  1.00272440 26307
EUTELSAT 117 WEST B     
1 41589U 16038B   23218.99077366 -.00000021  00000+0  00000+0 0  9990
2 41589   0.0154 226.7896 0000126 227.2303 100.9076  1.00271257 26227
GSAT0207 (GALILEO 15)   
1 41859U 16069A   23217.28159758 -.00000010  00000+0  00000+0 0  9999
2 41859  54.9525 130.1059 0004014 304.6598  55.3266  1.70473761 41774
GSAT0212 (GALILEO 16)   
1 41860U 16069B   23217.13629325 -.00000009  00000+0  00000+0 0  9995
2 41860  54.9500 130.1069 0002973 335.9560  24.0540  1.70473958 41808
GSAT0213 (GALILEO 17)   
1 41861U 16069C   23216.32894774 -.00000007  00000+0  00000+0 0  9996
2 41861  54.9521 130.1353 0003901 281.4512  78.5264  1.70472652 41786
GSAT0214 (GALILEO 18)   
1 41862U 16069D   23217.06274432 -.00000009  00000+0  00000+0 0  9994
2 41862  54.9505 130.1090 0003171 287.1339  72.8551  1.70472536 41794
SES-15                  
1 42709U 17026A   23219.37340903  .00000052  00000+0  00000+0 0  9999
2 42709   0.0175  40.5051 0000234 103.9057 176.4821  1.00268077 23708
QZS-2 (MICHIBIKI-2)     
1 42738U 17028A   23218.43013177 -.00000144  00000+0  00000+0 0  9992
2 42738  41.0888 258.2795 0755440 269.7124  83.2168  1.00272508 22657
QZS-3 (MICHIBIKI-3)     
1 42917U 17048A   23218.44493847 -.00000358  00000+0  00000+0 0  9997
2 42917   0.0594 181.2659 0002567 328.5037  92.0531  1.00276694 21887
COSMOS 2522             
1 42939U 17055A   23219.08329925  .00000076  00000+0  00000+0 0  9991
2 42939  64.1024 227.5550 0010228 242.8265 117.0982  2.13101953 45703
QZS-4 (MICHIBIKI-4)     
1 42965U 17062A   23218.70604896 -.00000352  00000+0  00000+0 0  9997
2 42965  40.6470 356.8086 0746696 268.7848  82.0155  1.00288549 21322
BEIDOU-3 M1             
1 43001U 17069A   23219.22156553 -.00000050  00000+0  00000+0 0  9991
2 43001  55.8210  97.7654 0008911 303.3970  56.5852  1.86231552 39144
BEIDOU-3 M2             
1 43002U 17069B   23218.08432665 -.00000036  00000+0  00000+0 0  9990
2 43002  55.8194  97.8399 0007425 330.7447  29.2852  1.86231087 39112
GSAT0215 (GALILEO 19)   
1 43055U 17079A   23215.20554664  .00000048  00000+0  00000+0 0  9996
2 43055  55.5014 250.3838 0003415 260.5009  99.5373  1.70474347 35105
GSAT0216 (GALILEO 20)   
1 43056U 17079B   23213.73775815  .00000061  00000+0  00000+0 0  9991
2 43056  55.5022 250.4242 0005025 270.2614  89.7689  1.70474489 35067
GSAT0217 (GALILEO 21)   
1 43057U 17079C   23217.47755296  .00000036  00000+0  00000+0 0  9990
2 43057  55.4988 250.3201 0004818 281.1063  78.9001  1.70474327 35148
GSAT0218 (GALILEO 22)   
1 43058U 17079D   23218.87075988  .00000037  00000+0  00000+0 0  9990
2 43058  55.4964 250.2789 0005674 269.9267  90.0645  1.70474421 35160
BEIDOU-3 M7             
1 43107U 18003A   23218.90917660 -.00000110  00000+0  00000+0 0  9992
2 43107  55.1355 338.4583 0004222  77.8352 282.2237  1.86232407 37893
BEIDOU-3 M8             
1 43108U 18003B   23217.77313456 -.00000103  00000+0  00000+0 0  9992
2 43108  55.1292 338.4844 0003261 239.2508 120.7289  1.86230839 37871
BEIDOU-3 M4             
1 43207U 18018A   23218.21567197 -.00000037  00000+0  00000+0 0  9997
2 43207  55.7792  97.8991 0005611   2.4851 357.5887  1.86231438 37266
BEIDOU-3 M3             
1 43208U 18018B   23218.81925717 -.00000045  00000+0  00000+0 0  9999
2 43208  55.7791  97.8833 0006978 318.6074  41.4085  1.86231323 37270
BEIDOU-3 M9             
1 43245U 18029A   23218.50526195 -.00000107  00000+0  00000+0 0  9994
2 43245  55.0310 336.2082 0001011 184.0350 175.9782  1.86232441 36427
BEIDOU-3 M10            
1 43246U 18029B   23218.43534053 -.00000106  00000+0  00000+0 0  9998
2 43246  55.0284 336.2398 0002911  10.5904 349.4297  1.86232860 36419
IRNSS-1I                
1 43286U 18035A   23217.74493811  .00000071  00000+0  00000+0 0  9998
2 43286  29.1829  90.6669 0019086 178.0520   8.5067  1.00272556 19575
COSMOS 2527             
1 43508U 18053A   23218.10338797 -.00000012  00000+0  00000+0 0  9993
2 43508  65.0812 108.9307 0007601 228.1257 131.8748  2.13102387 39981
BEIDOU-2 IGSO-7         
1 43539U 18057A   23219.47653811 -.00000116  00000+0  00000+0 0  9994
2 43539  55.1230 172.1026 0065075 231.8545 195.2193  1.00292028 18689
GSAT0221 (GALILEO 25)   
1 43564U 18060A   23218.18379006 -.00000092  00000+0  00000+0 0  9997
2 43564  57.2819   9.9846 0001759 259.4969 100.4821  1.70475867 31340
GSAT0222 (GALILEO 26)   
1 43565U 18060B   23218.98842457 -.00000094  00000+0  00000+0 0  9993
2 43565  57.2852   9.9638 0002433 197.4150 162.5762  1.70475587 31397
GSAT0219 (GALILEO 23)   
1 43566U 18060C   23218.03762249 -.00000092  00000+0  00000+0 0  9998
2 43566  57.2847   9.9917 0000844 276.9871  83.0020  1.70475870 31354
GSAT0220 (GALILEO 24)   
1 43567U 18060D   23218.84461074 -.00000094  00000+0  00000+0 0  9992
2 43567  57.2844   9.9695 0001105 261.6274  98.3595  1.70475647 31341
BEIDOU-3 M5             
1 43581U 18062A   23219.19271092  .00000075  00000+0  00000+0 0  9996
2 43581  54.1828 217.8719 0005740 273.9846  85.9535  1.86231805 34175
BEIDOU-3 M6             
1 43582U 18062B   23218.52134152  .00000069  00000+0  00000+0 0  9991
2 43582  54.1825 217.8843 0004576 347.0213  12.9692  1.86229512 34163
BEIDOU-3 M12            
1 43602U 18067A   23218.45791586  .00000069  00000+0  00000+0 0  9991
2 43602  54.2699 216.5394 0006679   9.3092 350.7032  1.86231556 33646
BEIDOU-3 M11            
1 43603U 18067B   23219.12868283  .00000075  00000+0  00000+0 0  9993
2 43603  54.2670 216.4823 0003915 350.9612   9.0332  1.86231504 33689
BEIDOU-3 M13            
1 43622U 18072A   23219.08733161 -.00000049  00000+0  00000+0 0  9993
2 43622  55.7490  97.4113 0005571 302.2077  57.8063  1.86231647 33196
BEIDOU-3 M14            
1 43623U 18072B   23218.95278910 -.00000047  00000+0  00000+0 0  9993
2 43623  55.7507  97.4084 0004074 338.9509  21.1008  1.86231671 33196
BEIDOU-3 M16            
1 43647U 18078A   23217.50357765 -.00000101  00000+0  00000+0 0  9992
2 43647  54.9278 336.3680 0006278  15.7429 344.2903  1.86227172 32670
BEIDOU-3 M15            
1 43648U 18078B   23218.70889463 -.00000108  00000+0  00000+0 0  9998
2 43648  54.9227 336.3306 0003360  33.6776 326.3574  1.86232181 32719
BEIDOU-3 G1             
1 43683U 18085A   23219.34889137 -.00000289  00000+0  00000+0 0  9994
2 43683   1.4558 126.3482 0003066 350.1829 104.5940  1.00266041 17571
COSMOS 2529             
1 43687U 18086A   23219.14127777  .00000076  00000+0  00000+0 0  9995
2 43687  64.3176 227.9808 0011832 261.2611  98.6348  2.13102085 37018
BEIDOU-3 M17            
1 43706U 18093A   23219.39412483  .00000077  00000+0  00000+0 0  9994
2 43706  54.2653 217.7802 0010782 276.8244  83.0571  1.86231901 32061
BEIDOU-3 M18            
1 43707U 18093B   23219.25975385  .00000076  00000+0  00000+0 0  9994
2 43707  54.2660 217.7763 0008743 300.0170  59.9001  1.86229700 32073
NAVSTAR 77 (USA 289)    
1 43873U 18109A   23219.21664115 -.00000012  00000+0  00000+0 0  9999
2 43873  55.1857 133.4768 0025153 192.4937 329.3799  2.00567572 34060
BEIDOU-3 IGSO-1         
1 44204U 19023A   23218.74691958 -.00000216  00000+0  00000+0 0  9992
2 44204  57.1757  48.5412 0022804 193.5942 100.3902  1.00290896 15872
BEIDOU-2 G8             
1 44231U 19027A   23218.96091000 -.00000257  00000+0  00000+0 0  9997
2 44231   1.8854  81.2462 0005892 124.9238 239.4945  1.00270170 15592
COSMOS 2534             
1 44299U 19030A   23219.46046059  .00000080  00000+0  00000+0 0  9998
2 44299  64.3900 227.8938 0013847 279.8898  99.1713  2.13101969 32675
BEIDOU-3 IGSO-2         
1 44337U 19035A   23217.76783823 -.00000133  00000+0  00000+0 0  9994
2 44337  55.1551 168.0522 0033367 198.3602 343.2346  1.00283600 15203
NAVSTAR 78 (USA 293)    
1 44506U 19056A   23218.42980876 -.00000091  00000+0  00000+0 0  9999
2 44506  55.8166  12.5835 0035699 183.6740  30.1518  2.00564973 29080
BEIDOU-3 M24            
1 44542U 19061A   23218.25779219  .00000067  00000+0  00000+0 0  9995
2 44542  54.4928 218.0433 0008210 333.7701  26.1906  1.86231349 26312
BEIDOU-3 M23            
1 44543U 19061B   23218.72502376  .00000072  00000+0  00000+0 0  9992
2 44543  54.4909 217.9964 0005881 314.9490 270.1237  1.86231608 26312
BEIDOU-3 IGSO-3         
1 44709U 19073A   23218.60705876 -.00000192  00000+0  00000+0 0  9990
2 44709  56.5813 292.0556 0034987 188.3332 171.7000  1.00290975 13959
BEIDOU-3 M22            
1 44793U 19078A   23217.56606768 -.00000101  00000+0  00000+0 0  9992
2 44793  54.7764 336.3367 0005253  25.3038 334.7357  1.86232138 25169
BEIDOU-3 M21            
1 44794U 19078B   23218.23365588 -.00000106  00000+0  00000+0 0  9995
2 44794  54.7496 336.2964 0003069  21.7248 338.3022  1.86232580 25171
COSMOS 2544             
1 44850U 19088A   23218.04708732 -.00000011  00000+0  00000+0 0  9995
2 44850  65.0672 108.7762 0012144 256.6770 103.2533  2.13102141 28401
BEIDOU-3 M19            
1 44864U 19090A   23218.23874083 -.00000038  00000+0  00000+0 0  9996
2 44864  55.6829  97.6277 0016266 277.8031 279.4973  1.86231741 24741
BEIDOU-3 M20            
1 44865U 19090B   23217.45391385 -.00000028  00000+0  00000+0 0  9998
2 44865  55.6843  97.6870 0014362 292.4309 188.4702  1.86231641 24718
BEIDOU-3 G2             
1 45344U 20017A   23219.06299487 -.00000150  00000+0  00000+0 0  9997
2 45344   2.0319  14.7436 0003219 135.9214 267.3610  1.00272567 12796
COSMOS 2545             
1 45358U 20018A   23217.77458812 -.00000074  00000+0  00000+0 0  9993
2 45358  64.8532 348.9475 0008591 235.0520 124.8730  2.13102498 26367
BEIDOU-3 G3             
1 45807U 20040A   23218.75049765 -.00000363  00000+0  00000+0 0  9990
2 45807   0.6427 338.1560 0004889 358.5584 358.9659  1.00276218 11608
NAVSTAR 79 (USA 304)    
1 45854U 20041A   23216.71399279 -.00000040  00000+0  00000+0 0  9997
2 45854  55.8554  69.9322 0034727 185.7410 172.6567  2.00564172 23028
GALAXY 30 (G-30)        
1 46114U 20056C   23218.48486362  .00000027  00000+0  00000+0 0  9993
2 46114   0.0189  85.2554 0002298  65.7015 213.3428  1.00272477 10914
COSMOS 2547             
1 46805U 20075A   23218.43308210  .00000071  00000+0  00000+0 0  9990
2 46805  64.6173 227.4762 0008846 243.7615 116.1763  2.13102985 21623
NAVSTAR 80 (USA 309)    
1 46826U 20078A   23218.31807275  .00000021  00000+0  00000+0 0  9993
2 46826  54.3250 253.2437 0035121 194.0520 217.9975  2.00562615 20522
NAVSTAR 81 (USA 319)    
1 48859U 21054A   23218.24031068 -.00000091  00000+0  00000+0 0  9995
2 48859  55.3331  14.3907 0011045 208.8110 328.3710  2.00575173 15764
QZS-1R                  
1 49336U 21096A   23217.56182338 -.00000306  00000+0  00000+0 0  9992
2 49336  35.2903  95.3733 0759585 272.2550 279.0764  1.00239338  6517
GSAT0223 (GALILEO 27)   
1 49809U 21116A   23218.08660493 -.00000092  00000+0  00000+0 0  9993
2 49809  57.2757   9.8861 0002975 158.0225 187.0193  1.70475742 10347
GSAT0224 (GALILEO 28)   
1 49810U 21116B   23218.80895456 -.00000094  00000+0  00000+0 0  9996
2 49810  57.2771   9.8648 0002688 145.3713  35.4730  1.70475829 10372
COSMOS 2557             
1 52984U 22075A   23217.65682951 -.00000074  00000+0  00000+0 0  9991
2 52984  64.7688 351.1140 0010943 277.9800  81.9002  2.13102141  8399
COSMOS 2559             
1 54031U 22130A   23217.59869652 -.00000074  00000+0  00000+0 0  9996
2 54031  64.7399 351.2445 0006315 212.0508 147.9152  2.13101382  6387
COSMOS 2564             
1 54377U 22161A   23218.73062670  .00000074  00000+0  00000+0 0  9994
2 54377  64.7580 227.5140 0011317 226.7235 133.2111  2.13102141  5359
NAVSTAR 82 (USA 343)    
1 55268U 23009A   23216.93729976  .00000053  00000+0  00000+0 0  9992
2 55268  55.0934 189.6052 0004088  95.6586 263.8384  2.00557491  4230
BEIDOU-3 G4             
1 56564U 23066A   23218.80865402 -.00000121  00000+0  00000+0 0  9995
2 56564   2.9138 288.9276 0007224 204.0470 273.1077  1.00269839   921
IRNSS-1J (NVS-01)       
1 56759U 23076A   23218.05674424 -.00000345  00000+0  00000+0 0  9999
2 56759   4.8133 272.6122 0005195 340.7721 210.8580  1.00275643   719
