NAVSTAR 43 (USA 132)    
1 24876U 97035A   23290.97286267  .00000067  00000+0  00000+0 0  9995
2 24876  55.5985 136.6394 0074267  53.2363 307.5301  2.00564375192436
NAVSTAR 47 (USA 150)    
1 26360U 00025A   23291.08173693 -.00000025  00000+0  00000+0 0  9994
2 26360  54.4700  58.8126 0041838 201.8772 327.3260  2.00567711171753
NAVSTAR 51 (USA 166)    
1 27663U 03005A   23291.12395889  .00000027  00000+0  00000+0 0  9991
2 27663  55.2239 253.6685 0133516  44.9299 133.7732  2.00563448151794
NAVSTAR 52 (USA 168)    
1 27704U 03010A   23291.14537506 -.00000076  00000+0  00000+0 0  9994
2 27704  55.1152   3.6032 0249686 319.6298  94.0502  2.00553105150599
NAVSTAR 54 (USA 177)    
1 28190U 04009A   23290.89749698 -.00000026  00000+0  00000+0 0  9996
2 28190  55.6571 314.7365 0092367 140.5361  31.1950  2.00565958143420
NAVSTAR 56 (USA 180)    
1 28474U 04045A   23290.74770344 -.00000076  00000+0  00000+0 0  9992
2 28474  55.4425   3.9554 0163416 283.5802 194.0093  2.00556315138901
ANIK F1R                
1 28868U 05036A   23291.49257514 -.00000061  00000+0  00000+0 0  9996
2 28868   1.8008  88.4335 0002046  62.2490 306.1038  1.00271756 66403
NAVSTAR 57 (USA 183)    
1 28874U 05038A   23291.15929907 -.00000021  00000+0  00000+0 0  9996
2 28874  55.7073 312.1791 0140358 280.3243 103.1277  2.00572482132327
INMARSAT 4-F2           
1 28899U 05044A   23291.69216105 -.00000292  00000+0  00000+0 0  9998
2 28899   3.9100  41.0472 0002871 182.8785 139.9337  1.00839116 65742
NAVSTAR 58 (USA 190)    
1 29486U 06042A   23290.76649545  .00000039  00000+0  00000+0 0  9993
2 29486  54.6802 189.9349 0104105  33.6111 327.2383  2.00567467124872
NAVSTAR 59 (USA 192)    
1 29601U 06052A   23290.68901092  .00000024  00000+0  00000+0 0  9996
2 29601  55.2463 252.6480 0083988  79.4891 281.4377  2.00551825123888
NAVSTAR 60 (USA 196)    
1 32260U 07047A   23291.00345772  .00000059  00000+0  00000+0 0  9998
2 32260  53.4857 120.3303 0152650  71.7257 289.9917  2.00549387117290
COSMOS 2433             
1 32275U 07052A   23290.67357381 -.00000045  00000+0  00000+0 0  9997
2 32275  66.0099 348.4949 0005008 237.2937 122.7327  2.13104094124317
COSMOS 2432             
1 32276U 07052B   23289.33584775 -.00000046  00000+0  00000+0 0  9999
2 32276  66.0247 348.6488 0009610 312.3461  48.3502  2.13103275124311
NAVSTAR 61 (USA 199)    
1 32384U 07062A   23291.06800334 -.00000022  00000+0  00000+0 0  9999
2 32384  55.8406 313.0104 0024380 152.2421  25.7387  2.00560940115999
COSMOS 2434             
1 32393U 07065A   23291.05207819  .00000038  00000+0  00000+0 0  9996
2 32393  64.3325 224.8215 0001789  68.4674 113.2551  2.13103048123038
COSMOS 2436             
1 32395U 07065C   23291.18216362  .00000038  00000+0  00000+0 0  9995
2 32395  64.3411 224.8791 0016286 358.1464  58.8375  2.13102695122998
NAVSTAR 62 (USA 201)    
1 32711U 08012A   23290.91615646  .00000039  00000+0  00000+0 0  9999
2 32711  54.4483 188.7499 0177786 236.1121 122.2602  2.00558637114234
NAVSTAR 64 (USA 206)    
1 35752U 09043A   23291.42670775 -.00000009  00000+0  00000+0 0  9991
2 35752  55.4720  65.9577 0057532  70.1163 314.9075  2.00555416103838
COSMOS 2456             
1 36111U 09070A   23290.57267931  .00000067  00000+0  00000+0 0  9995
2 36111  64.5085 104.3214 0001267 336.8984 355.5903  2.13099105107675
COSMOS 2457             
1 36112U 09070B   23291.42354884  .00000068  00000+0  00000+0 0  9996
2 36112  64.4938 104.1564 0006559 147.9470 248.4242  2.13101266107744
COSMOS 2460             
1 36402U 10007C   23290.96795529 -.00000044  00000+0  00000+0 0  9998
2 36402  65.8714 347.1930 0002099 233.8486 161.9103  2.13106254105998
NAVSTAR 65 (USA 213)    
1 36585U 10022A   23290.98991557  .00000026  00000+0  00000+0 0  9997
2 36585  54.5466 247.8242 0110958  59.7272 127.6083  2.00564158 98076
BEIDOU-2 IGSO-1         
1 36828U 10036A   23291.49595485 -.00000082  00000+0  00000+0 0  9992
2 36828  54.2324 171.7682 0037714 191.8902 306.7507  1.00297719 48470
QZS-1 (MICHIBIKI-1)     
1 37158U 10045A   23290.73083535  .00000055  00000+0  00000+0 0  9992
2 37158  42.9274 127.1798 0003792 110.4235 111.6565  0.87715335 47865
BEIDOU-2 G4             
1 37210U 10057A   23291.54334925 -.00000099  00000+0  00000+0 0  9995
2 37210   1.2740  62.7262 0007183 164.3542 155.3408  1.00272086 47539
BEIDOU-2 IGSO-2         
1 37256U 10068A   23291.23091937 -.00000186  00000+0  00000+0 0  9993
2 37256  49.3330 283.7739 0031611 214.6678  79.4748  1.00269488 47033
BEIDOU-2 IGSO-3         
1 37384U 11013A   23291.22672260 -.00000179  00000+0  00000+0 0  9991
2 37384  61.0034  49.4727 0028553 177.9420 348.6808  1.00270385 45919
GSAT-8                  
1 37605U 11022A   23291.49162948  .00000097  00000+0  00000+0 0  9991
2 37605   0.0565  70.6587 0007111 181.3209   6.8286  1.00271305 45486
NAVSTAR 66 (USA 232)    
1 37753U 11036A   23291.11229785 -.00000075  00000+0  00000+0 0  9999
2 37753  56.7486   9.7713 0126862  56.3380 305.8452  2.00568924 89763
BEIDOU-2 IGSO-4         
1 37763U 11038A   23290.64976132 -.00000012  00000+0  00000+0 0  9995
2 37763  54.5061 174.3281 0111789 227.4942 312.9121  1.00265270 44888
GSAT0101 (GALILEO-PFM)  
1 37846U 11060A   23290.70405052 -.00000077  00000+0  00000+0 0  9998
2 37846  57.1134   8.1261 0000357  11.9819 348.0731  1.70475897 74525
GSAT0102 (GALILEO-FM2)  
1 37847U 11060B   23290.62005838 -.00000077  00000+0  00000+0 0  9998
2 37847  57.1141   8.1284 0001989 302.5067  52.1836  1.70475373 74646
COSMOS 2476             
1 37867U 11064A   23291.47053487  .00000071  00000+0  00000+0 0  9994
2 37867  64.7887 105.8344 0021426 230.0693 340.9041  2.13101681 93080
COSMOS 2477             
1 37868U 11064B   23291.43440972  .00000071  00000+0  00000+0 0  9990
2 37868  64.7960 105.9053 0018635 230.1059 131.0181  2.13101550 93041
COSMOS 2475             
1 37869U 11064C   23290.96957251  .00000070  00000+0  00000+0 0  9990
2 37869  64.8029 105.9340 0022538 248.6585  74.3864  2.13101847 93027
BEIDOU-2 IGSO-5         
1 37948U 11073A   23290.60979727 -.00000135  00000+0  00000+0 0  9994
2 37948  49.4599 283.4514 0094581 221.2561 195.5869  1.00262600 43373
LUCH-5A                 
1 37951U 11074B   23291.54704190 -.00000033  00000+0  00000+0 0  9990
2 37951   6.2552  88.9327 0004032  98.7685 202.9469  1.00272245 43435
BEIDOU-2 G5             
1 38091U 12008A   23291.13405351  .00000070  00000+0  00000+0 0  9996
2 38091   1.8125  69.0646 0005604 182.1073 242.2013  1.00274624 42611
BEIDOU-2 M3             
1 38250U 12018A   23290.15489699 -.00000059  00000+0  00000+0 0  9990
2 38250  56.4876 337.4541 0024927 257.9901 101.7995  1.86231183 77807
BEIDOU-2 M4             
1 38251U 12018B   23291.16005963 -.00000057  00000+0  00000+0 0  9999
2 38251  56.3972 336.7105 0015860 258.9656 100.9225  1.86231863 78179
SES-5                   
1 38652U 12036A   23291.20188285  .00000047  00000+0  00000+0 0  9996
2 38652   0.0490 299.0092 0001918 263.6548 261.4593  1.00271999 41310
BEIDOU-2 M6             
1 38775U 12050B   23289.79587388  .00000042  00000+0  00000+0 0  9991
2 38775  55.7246  95.3439 0010663 339.3902  20.5858  1.86231180 75515
GSAT-10                 
1 38779U 12051B   23291.06730716 -.00000152  00000+0  00000+0 0  9997
2 38779   0.0624  90.2204 0003353 163.7428 239.6057  1.00270819 40363
NAVSTAR 67 (USA 239)    
1 38833U 12053A   23291.09122718  .00000040  00000+0  00000+0 0  9995
2 38833  53.5099 183.4052 0144867  52.8583 308.5410  2.00567925 79926
GSAT0103 (GALILEO-FM3)  
1 38857U 12055A   23290.74320413  .00000076  00000+0  00000+0 0  9995
2 38857  55.3000 128.2988 0002080 243.6763 116.3830  1.70473655 68414
GSAT0104 (GALILEO-FM4)  
1 38858U 12055B   23289.53944191  .00000079  00000+0  00000+0 0  9999
2 38858  55.2993 128.3333 0001227 142.8056 217.2914  1.70473935 68502
BEIDOU-2 G6             
1 38953U 12059A   23291.06748122 -.00000161  00000+0  00000+0 0  9999
2 38953   1.9353  81.7412 0006882 301.0819 111.8004  1.00269186 40158
LUCH-5B                 
1 38977U 12061A   23291.19079226 -.00000121  00000+0  00000+0 0  9990
2 38977   8.3519  58.7527 0005445 129.8674 250.2211  1.00272521 40424
COSMOS 2485             
1 39155U 13019A   23290.66820556  .00000070  00000+0  00000+0 0  9996
2 39155  64.9483 106.3945 0021962 226.0830 133.7697  2.13101829 81538
NAVSTAR 68 (USA 242)    
1 39166U 13023A   23290.45585209 -.00000019  00000+0  00000+0 0  9997
2 39166  55.3228 308.3859 0115347  41.5450 319.3660  2.00564197 76351
IRNSS-1A                
1 39199U 13034A   23291.49162948  .00000101  00000+0  00000+0 0  9992
2 39199  33.5200  78.0361 0021956 179.1932   1.6137  1.00267691 37893
NAVSTAR 69 (USA 248)    
1 39533U 14008A   23290.95513403  .00000038  00000+0  00000+0 0  9991
2 39533  53.5963 188.9747 0067050 215.4570 144.1709  2.00554123 70715
ASTRA 5B                
1 39617U 14011B   23291.48527683  .00000150  00000+0  00000+0 0  9997
2 39617   0.0788 301.5835 0003685 279.1447   4.2364  1.00274193 35118
COSMOS 2492             
1 39620U 14012A   23291.56227345 -.00000044  00000+0  00000+0 0  9996
2 39620  65.7546 346.7853 0012873 311.1684  48.7941  2.13103103 74510
IRNSS-1B                
1 39635U 14017A   23290.99011809  .00000108  00000+0  00000+0 0  9999
2 39635  28.6200 256.9315 0018758 188.7193 352.0688  1.00269840 35036
LUCH-5V                 
1 39727U 14023A   23290.99795013 -.00000255  00000+0  00000+0 0  9998
2 39727   2.6836  77.0847 0003509 158.1919 244.9627  1.00274989 34606
NAVSTAR 70 (USA 251)    
1 39741U 14026A   23290.23958100 -.00000076  00000+0  00000+0 0  9993
2 39741  56.7004   9.3270 0030424 309.5868  50.1959  2.00554112 69005
COSMOS 2500             
1 40001U 14032A   23291.27572121 -.00000044  00000+0  00000+0 0  9996
2 40001  65.6928 346.6190 0008571 210.6625 149.3611  2.13105936 72728
NAVSTAR 71 (USA 256)    
1 40105U 14045A   23290.82147893  .00000065  00000+0  00000+0 0  9991
2 40105  54.8297 127.3340 0027253 114.5353 245.8222  2.00549782 66552
GSAT0201 (GALILEO 5)    
1 40128U 14050A   23289.38454782 -.00000046  00000+0  00000+0 0  9999
2 40128  49.8980 312.8839 1607460 141.9673 230.5689  1.85519405 60236
GSAT0202 (GALILEO 6)    
1 40129U 14050B   23289.10478734 -.00000045  00000+0  00000+0 0  9992
2 40129  49.9172 311.9674 1605453 142.7667 229.5422  1.85520104 62390
IRNSS-1C                
1 40269U 14061A   23291.49719892 -.00000146  00000+0  00000+0 0  9999
2 40269   4.0694 111.3625 0019286   6.9736 170.3925  1.00270458 33079
NAVSTAR 72 (USA 258)    
1 40294U 14068A   23290.19809445 -.00000007  00000+0  00000+0 0  9990
2 40294  56.2154  68.7812 0048986  62.8084 297.6829  2.00574603 65673
COSMOS 2501             
1 40315U 14075A   23291.05686224  .00000037  00000+0  00000+0 0  9998
2 40315  63.6354 224.1369 0019199 209.3297 150.5758  2.13101228 69118
NAVSTAR 73 (USA 260)    
1 40534U 15013A   23291.33502320  .00000025  00000+0  00000+0 0  9996
2 40534  53.4445 244.4671 0082665  26.1263 334.2755  2.00551948 62739
GSAT0203 (GALILEO 7)    
1 40544U 15017A   23288.72364901 -.00000081  00000+0  00000+0 0  9994
2 40544  56.9076   8.1472 0005456 246.0563 113.9368  1.70476240 53235
GSAT0204 (GALILEO 8)    
1 40545U 15017B   23288.97740621 -.00000080  00000+0  00000+0 0  9998
2 40545  56.9144   8.1547 0004481 226.1955 133.8184  1.70475808 15623
IRNSS-1D                
1 40547U 15018A   23290.77917861 -.00000279  00000+0  00000+0 0  9994
2 40547  27.9861 256.8995 0018758 187.1909 334.1421  1.00268060 31222
BEIDOU-3S IGSO-1S       
1 40549U 15019A   23290.71402701 -.00000123  00000+0  00000+0 0  9991
2 40549  51.0237 307.0611 0040498 197.8152 228.2295  1.00247996 31314
NAVSTAR 74 (USA 262)    
1 40730U 15033A   23291.49688568 -.00000015  00000+0  00000+0 0  9992
2 40730  54.8096 306.9367 0087020  14.0377 346.2372  2.00552792 60501
BEIDOU-3S M2S           
1 40748U 15037A   23291.40963684 -.00000056  00000+0  00000+0 0  9996
2 40748  55.6361 335.2761 0012254 246.1959 145.4172  1.86233260 56004
BEIDOU-3S M1S           
1 40749U 15037B   23290.55865265 -.00000058  00000+0  00000+0 0  9990
2 40749  55.6398 335.2894 0004965 296.4723  63.5434  1.86232896 55991
GSAT0205 (GALILEO 9)    
1 40889U 15045A   23291.09174578  .00000015  00000+0  00000+0 0  9996
2 40889  55.3413 248.4882 0004369   8.1166 351.8646  1.70472990 50425
GSAT0206 (GALILEO 10)   
1 40890U 15045B   23290.72582851  .00000014  00000+0  00000+0 0  9993
2 40890  55.3407 248.4937 0002822 345.7114  14.2527  1.70473016 50446
BEIDOU-3S IGSO-2S       
1 40938U 15053A   23290.84741422 -.00000128  00000+0  00000+0 0  9996
2 40938  50.7458 270.2401 0047156 195.1058 322.4238  1.00273053 29593
NAVSTAR 75 (USA 265)    
1 41019U 15062A   23290.55071890 -.00000006  00000+0  00000+0 0  9995
2 41019  56.1988  68.6183 0091115 221.4374 137.8645  2.00562243 58300
GSAT-15                 
1 41028U 15065A   23291.49928747 -.00000246  00000+0  00000+0 0  9990
2 41028   0.0134 247.1057 0002958 300.5584 112.3363  1.00272290 29104
GSAT0209 (GALILEO 12)   
1 41174U 15079A   23289.13764244  .00000079  00000+0  00000+0 0  9998
2 41174  55.3172 128.0502 0002033 345.8873  14.1976  1.70474239 48159
GSAT0208 (GALILEO 11)   
1 41175U 15079B   23290.53042985  .00000077  00000+0  00000+0 0  9994
2 41175  55.3162 128.0100 0001460 359.9145   0.1670  1.70474137 48753
IRNSS-1E                
1 41241U 16003A   23290.84978153 -.00000273  00000+0  00000+0 0  9994
2 41241  31.0782  77.1379 0021291 180.3361 186.4245  1.00271660 28447
NAVSTAR 76 (USA 266)    
1 41328U 16007A   23290.63986747  .00000066  00000+0  00000+0 0  9998
2 41328  55.0327 128.1295 0072174 233.5455 125.8612  2.00573609 56310
COSMOS 2514             
1 41330U 16008A   23291.50759920 -.00000044  00000+0  00000+0 0  9997
2 41330  65.4896 346.1814 0012497 215.3471 144.6431  2.13102569 59897
IRNSS-1F                
1 41384U 16015A   23291.48701728  .00000173  00000+0  00000+0 0  9996
2 41384   3.0240 127.7292 0019535 173.7905 292.9219  1.00272345 27902
BEIDOU-2 IGSO-6         
1 41434U 16021A   23290.96700602 -.00000158  00000+0  00000+0 0  9995
2 41434  58.8181  47.8252 0048967 219.2805 204.0233  1.00274240 27720
IRNSS-1G                
1 41469U 16027A   23291.51507833 -.00000320  00000+0  00000+0 0  9993
2 41469   2.9123 129.2921 0000921   9.1656 203.2834  1.00268393 27416
GSAT0211 (GALILEO 14)   
1 41549U 16030A   23291.23811047  .00000016  00000+0  00000+0 0  9991
2 41549  55.4877 248.4647 0004062 324.4918  35.4562  1.70473062 46060
GSAT0210 (GALILEO 13)   
1 41550U 16030B   23290.35639311  .00000013  00000+0  00000+0 0  9994
2 41550  55.4877 248.4900 0003709 288.8212  71.1086  1.70473406 46061
COSMOS 2516             
1 41554U 16032A   23290.68262035  .00000036  00000+0  00000+0 0  9996
2 41554  63.8620 224.5630 0015108 213.3914 146.5241  2.13106337 57489
BEIDOU-2 G7             
1 41586U 16037A   23291.50259433 -.00000341  00000+0  00000+0 0  9996
2 41586   1.9745  68.9636 0007351 341.9366 267.3285  1.00275304 27024
EUTELSAT 117 WEST B     
1 41589U 16038B   23291.09493955  .00000002  00000+0  00000+0 0  9996
2 41589   0.0109  96.1942 0000175 128.9233  78.3923  1.00271306 26900
GSAT0207 (GALILEO 15)   
1 41859U 16069A   23290.01803075  .00000077  00000+0  00000+0 0  9991
2 41859  54.9808 128.0873 0001791 313.2428  46.8273  1.70474158 42792
GSAT0212 (GALILEO 16)   
1 41860U 16069B   23289.87264083  .00000078  00000+0  00000+0 0  9996
2 41860  54.9786 128.0882 0001866  26.7782 333.3174  1.70474383 43044
GSAT0213 (GALILEO 17)   
1 41861U 16069C   23289.06587339  .00000079  00000+0  00000+0 0  9991
2 41861  54.9802 128.1167 0001825 261.2133  98.8571  1.70473033 42899
GSAT0214 (GALILEO 18)   
1 41862U 16069D   23289.79972636  .00000078  00000+0  00000+0 0  9999
2 41862  54.9786 128.0902 0000864 258.6345 101.4423  1.70472945 43039
SES-15                  
1 42709U 17026A   23291.21513583  .00000073  00000+0  00000+0 0  9991
2 42709   0.0205   7.4965 0000324 153.1632 174.1085  1.00268205 24389
QZS-2 (MICHIBIKI-2)     
1 42738U 17028A   23290.79002698 -.00000171  00000+0  00000+0 0  9997
2 42738  40.9748 257.2477 0745642 270.6667 281.4422  1.00253130 23388
QZS-3 (MICHIBIKI-3)     
1 42917U 17048A   23291.51507833 -.00000335  00000+0  00000+0 0  9992
2 42917   0.0525 197.5423 0001484   4.1971 137.5343  1.00272096 22611
COSMOS 2522             
1 42939U 17055A   23291.34915089  .00000038  00000+0  00000+0 0  9990
2 42939  64.0961 225.0780 0008258 242.3118 117.6174  2.13101986 47248
QZS-4 (MICHIBIKI-4)     
1 42965U 17062A   23291.50999125 -.00000295  00000+0  00000+0 0  9994
2 42965  40.6179 355.8842 0749798 270.1525  83.6722  1.00268704 22051
BEIDOU-3 M1             
1 43001U 17069A   23290.09910851  .00000043  00000+0  00000+0 0  9995
2 43001  55.8763  95.3989 0007175 295.4399  64.5038  1.86231473 40463
BEIDOU-3 M2             
1 43002U 17069B   23290.03592844  .00000043  00000+0  00000+0 0  9998
2 43002  55.8755  95.4367 0005260 331.3664  28.6230  1.86231108 40453
GSAT0215 (GALILEO 19)   
1 43055U 17079A   23289.11494473  .00000007  00000+0  00000+0 0  9993
2 43055  55.4654 248.3483 0003186 283.3633  76.5651  1.70473811 36366
GSAT0216 (GALILEO 20)   
1 43056U 17079B   23291.16660209  .00000016  00000+0  00000+0 0  9994
2 43056  55.4647 248.2917 0004743 285.7800  74.1424  1.70473899 36382
GSAT0217 (GALILEO 21)   
1 43057U 17079C   23290.21379650  .00000012  00000+0  00000+0 0  9993
2 43057  55.4631 248.3169 0004336 297.8836  62.0418  1.70473874 36389
GSAT0218 (GALILEO 22)   
1 43058U 17079D   23291.02043779  .00000015  00000+0  00000+0 0  9997
2 43058  55.4628 248.2923 0005168 281.0495  78.8663  1.70473852 36421
BEIDOU-3 M7             
1 43107U 18003A   23290.32357813 -.00000060  00000+0  00000+0 0  9990
2 43107  55.0934 336.0086 0002668  69.8630 290.2325  1.86232444 39215
BEIDOU-3 M8             
1 43108U 18003B   23290.79898704 -.00000059  00000+0  00000+0 0  9999
2 43108  55.0862 335.9792 0004772 251.8645 108.1491  1.86230897 39238
BEIDOU-3 M4             
1 43207U 18018A   23289.63018162  .00000042  00000+0  00000+0 0  9999
2 43207  55.8344  95.5119 0003915  20.2300 339.8056  1.86231452 38593
BEIDOU-3 M3             
1 43208U 18018B   23290.23379181  .00000043  00000+0  00000+0 0  9990
2 43208  55.8345  95.4963 0004933 312.8897  47.0866  1.86231388 38600
BEIDOU-3 M9             
1 43245U 18029A   23290.45650862 -.00000057  00000+0  00000+0 0  9991
2 43245  54.9862 333.7346 0001856 243.7963 116.2499  1.86232627 37769
BEIDOU-3 M10            
1 43246U 18029B   23290.38647862 -.00000057  00000+0  00000+0 0  9990
2 43246  54.9833 333.7652 0003180 340.5127  19.5407  1.86232873 37743
IRNSS-1I                
1 43286U 18035A   23291.06021682  .00000115  00000+0  00000+0 0  9997
2 43286  29.3519  89.4954 0021332 177.8599 195.7127  1.00275851 20317
COSMOS 2527             
1 43508U 18053A   23290.36932933  .00000070  00000+0  00000+0 0  9996
2 43508  65.1095 106.5061 0007674 212.9746 147.0129  2.13102399 41528
BEIDOU-2 IGSO-7         
1 43539U 18057A   23290.61248091 -.00000087  00000+0  00000+0 0  9996
2 43539  55.1170 171.4804 0063601 229.9813 318.7096  1.00270423 19384
GSAT0221 (GALILEO 25)   
1 43564U 18060A   23291.50684849 -.00000076  00000+0  00000+0 0  9990
2 43564  57.2890   8.0108 0004067 255.6874 104.3222  1.70476158 32598
GSAT0222 (GALILEO 26)   
1 43565U 18060B   23290.55182405 -.00000077  00000+0  00000+0 0  9997
2 43565  57.2925   8.0376 0004413 228.0994 131.9172  1.70475944 32612
GSAT0219 (GALILEO 23)   
1 43566U 18060C   23290.77409615 -.00000077  00000+0  00000+0 0  9997
2 43566  57.2918   8.0337 0003319 261.6285  98.3884  1.70476180 32598
GSAT0220 (GALILEO 24)   
1 43567U 18060D   23289.23478110 -.00000079  00000+0  00000+0 0  9995
2 43567  57.2912   8.0760 0003508 257.1374 102.8753  1.70476179 32552
BEIDOU-3 M5             
1 43581U 18062A   23289.53279073  .00000027  00000+0  00000+0 0  9995
2 43581  54.1683 215.4750 0003952 295.6708  64.3059  1.86231960 35483
BEIDOU-3 M6             
1 43582U 18062B   23289.93614353  .00000029  00000+0  00000+0 0  9996
2 43582  54.1678 215.4508 0005859  12.4170 347.6175  1.86229856 35493
BEIDOU-3 M12            
1 43602U 18067A   23290.40901511  .00000031  00000+0  00000+0 0  9996
2 43602  54.2557 214.0936 0007541  18.7141 341.3394  1.86231463 34984
BEIDOU-3 M11            
1 43603U 18067B   23289.46893964  .00000027  00000+0  00000+0 0  9998
2 43603  54.2530 214.0912 0004456   7.8153 352.2116  1.86231465 34990
BEIDOU-3 M13            
1 43622U 18072A   23290.50180682  .00000042  00000+0  00000+0 0  9995
2 43622  55.8050  95.0213 0004012 288.1789  71.7935  1.86231391 34522
BEIDOU-3 M14            
1 43623U 18072B   23290.90421180  .00000043  00000+0  00000+0 0  9992
2 43623  55.8073  95.0006 0002106 345.8121  14.1971  1.86231400 34523
BEIDOU-3 M16            
1 43647U 18078A   23290.53080083 -.00000057  00000+0  00000+0 0  9992
2 43647  54.8822 333.8506 0006155   1.0107 359.0558  1.86227272 34020
BEIDOU-3 M15            
1 43648U 18078B   23290.66025891 -.00000057  00000+0  00000+0 0  9993
2 43648  54.8778 333.8497 0002907   3.6389 356.4281  1.86232235 34042
BEIDOU-3 G1             
1 43683U 18085A   23291.03174380 -.00000263  00000+0  00000+0 0  9999
2 43683   1.6092 121.4686 0002716   1.4888  54.8140  1.00274864 18303
COSMOS 2529             
1 43687U 18086A   23290.93789914  .00000037  00000+0  00000+0 0  9995
2 43687  64.3115 225.5393 0009969 264.2568  95.6399  2.13102014 38540
BEIDOU-3 M17            
1 43706U 18093A   23291.34504613  .00000031  00000+0  00000+0 0  9996
2 43706  54.2503 215.3338 0008975 286.5184  73.4107  1.86231966 33403
BEIDOU-3 M18            
1 43707U 18093B   23290.67455864  .00000031  00000+0  00000+0 0  9995
2 43707  54.2513 215.3483 0007791 316.0173  43.9454  1.86229838 33400
NAVSTAR 77 (USA 289)    
1 43873U 18109A   23291.06487237  .00000066  00000+0  00000+0 0  9998
2 43873  55.2080 130.6371 0026604 189.7682  11.7129  2.00570380 35551
BEIDOU-3 IGSO-1         
1 44204U 19023A   23291.21820439 -.00000211  00000+0  00000+0 0  9998
2 44204  57.2856  47.7847 0024440 197.1426 339.7748  1.00269257 16606
BEIDOU-2 G8             
1 44231U 19027A   23291.80334516 -.00000235  00000+0  00000+0 0  9999
2 44231   1.8639  79.4612 0007136 125.3451 255.9302  1.00267707 16328
COSMOS 2534             
1 44299U 19030A   23290.99695199  .00000038  00000+0  00000+0 0  9993
2 44299  64.3842 225.4679 0012298 285.0323 254.4227  2.13101845 34184
BEIDOU-3 IGSO-2         
1 44337U 19035A   23290.89910949 -.00000088  00000+0  00000+0 0  9999
2 44337  55.1515 167.4092 0032854 194.9219 106.3153  1.00261065 15906
NAVSTAR 78 (USA 293)    
1 44506U 19056A   23290.91438123 -.00000076  00000+0  00000+0 0  9999
2 44506  55.8261   9.7168 0038137 187.3464 164.2791  2.00566363 30547
BEIDOU-3 M24            
1 44542U 19061A   23290.20896804  .00000031  00000+0  00000+0 0  9991
2 44542  54.4781 215.6103 0008588 351.0268   8.9793  1.86231545 27653
BEIDOU-3 M23            
1 44543U 19061B   23291.58203593  .00000031  00000+0  00000+0 0  9991
2 44543  54.4761 215.5334 0005714 340.3440 132.1884  1.86231821 27678
BEIDOU-3 IGSO-3         
1 44709U 19073A   23290.40475175 -.00000165  00000+0  00000+0 0  9994
2 44709  56.4647 291.2968 0034928 190.8011 169.1109  1.00268985 14675
BEIDOU-3 M22            
1 44793U 19078A   23290.59131250 -.00000057  00000+0  00000+0 0  9995
2 44793  54.7304 333.8104 0004897   7.8488 352.2237  1.86232180 26527
BEIDOU-3 M21            
1 44794U 19078B   23289.11093212 -.00000060  00000+0  00000+0 0  9991
2 44794  54.7050 333.8428 0003023 352.4572   7.6063  1.86232694 26492
COSMOS 2544             
1 44850U 19088A   23290.31310486  .00000070  00000+0  00000+0 0  9994
2 44850  65.0955 106.3500 0011219 247.7650 112.1513  2.13102164 29963
BEIDOU-3 M19            
1 44864U 19090A   23290.97717619  .00000043  00000+0  00000+0 0  9993
2 44864  55.7398  95.1903 0015350 272.7087  92.2733  1.86231689 26119
BEIDOU-3 M20            
1 44865U 19090B   23290.28889477  .00000042  00000+0  00000+0 0  9999
2 44865  55.7410  95.2462 0012953 287.8052  65.4960  1.86231693 26075
BEIDOU-3 G2             
1 45344U 20017A   23291.49650274 -.00000128  00000+0  00000+0 0  9994
2 45344   2.0778  18.4491 0003133 185.0454  82.0318  1.00271035 13511
COSMOS 2545             
1 45358U 20018A   23290.97925124 -.00000046  00000+0  00000+0 0  9990
2 45358  64.8300 346.4088 0011429 243.2551 116.7014  2.13102540 27928
BEIDOU-3 G3             
1 45807U 20040A   23291.07270256 -.00000341  00000+0  00000+0 0  9993
2 45807   0.5898 353.3306 0007829 314.9177 214.7446  1.00266449 12314
NAVSTAR 79 (USA 304)    
1 45854U 20041A   23290.98366064 -.00000008  00000+0  00000+0 0  9998
2 45854  55.9205  67.0029 0037973 187.7454 156.8865  2.00562308 24510
GALAXY 30 (G-30)        
1 46114U 20056C   23291.54709316  .00000049  00000+0  00000+0 0  9992
2 46114   0.0101 211.4858 0002572 355.2856 251.9971  1.00271615 11659
COSMOS 2547             
1 46805U 20075A   23290.69874492  .00000037  00000+0  00000+0 0  9990
2 46805  64.6119 225.0469 0007489 243.1907 116.7427  2.13102787 23165
NAVSTAR 80 (USA 309)    
1 46826U 20078A   23290.78374272  .00000024  00000+0  00000+0 0  9993
2 46826  54.2917 250.3000 0036715 194.9761 341.0362  2.00562779 21982
NAVSTAR 81 (USA 319)    
1 48859U 21054A   23291.25376296 -.00000076  00000+0  00000+0 0  9995
2 48859  55.3448  11.4682 0013454 215.6550 123.2751  2.00571105 17233
QZS-1R                  
1 49336U 21096A   23289.78987035 -.00000182  00000+0  00000+0 0  9994
2 49336  35.4410  94.2643 0746651 270.0438  80.2093  1.00278454  7230
GSAT0223 (GALILEO 27)   
1 49809U 21116A   23288.49755931 -.00000081  00000+0  00000+0 0  9995
2 49809  57.2826   7.9915 0003630 202.5759 155.2898  1.70476396 11547
GSAT0224 (GALILEO 28)   
1 49810U 21116B   23290.65532750 -.00000077  00000+0  00000+0 0  9995
2 49810  57.2835   7.9318 0002897 196.6310 157.9946  1.70476286 11604
COSMOS 2557             
1 52984U 22075A   23291.33085020 -.00000048  00000+0  00000+0 0  9993
2 52984  64.7479 348.5512 0013173 275.6927  84.2296  2.13102211  9966
COSMOS 2559             
1 54031U 22130A   23290.33445633 -.00000048  00000+0  00000+0 0  9999
2 54031  64.7196 348.7120 0007835 225.0300 134.9802  2.13101476  7939
COSMOS 2564             
1 54377U 22161A   23290.99657957  .00000038  00000+0  00000+0 0  9990
2 54377  64.7526 225.0977 0009507 222.7952 137.1422  2.13102180  6891
NAVSTAR 82 (USA 343)    
1 55268U 23009A   23291.47414615  .00000038  00000+0  00000+0 0  9998
2 55268  55.0862 186.6846 0005071  88.9444  87.8648  2.00552698  5725
BEIDOU-3 G4             
1 56564U 23066A   23290.78035458 -.00000100  00000+0  00000+0 0  9999
2 56564   2.7387 288.6436 0006000 223.1217 315.2405  1.00271551  1638
IRNSS-1J (NVS-01)       
1 56759U 23076A   23290.93320530 -.00000327  00000+0  00000+0 0  9992
2 56759   4.6298 271.2516 0007244 348.1350 232.2382  1.00265806  1357
