NAVSTAR 43 (USA 132)    
1 24876U 97035A   23289.97571455  .00000071  00000+0  00000+0 0  9994
2 24876  55.5982 136.6783 0074245  53.2208 307.5508  2.00564392192415
NAVSTAR 47 (USA 150)    
1 26360U 00025A   23289.86266060 -.00000030  00000+0  00000+0 0  9994
2 26360  54.4690  58.8625 0041829 201.7800 167.1684  2.00567835171731
NAVSTAR 51 (USA 166)    
1 27663U 03005A   23290.58185984  .00000024  00000+0  00000+0 0  9990
2 27663  55.2242 253.6901 0133492  44.9258 102.3538  2.00563490151789
NAVSTAR 52 (USA 168)    
1 27704U 03010A   23290.56103390 -.00000076  00000+0  00000+0 0  9999
2 27704  55.1152   3.6268 0249658 319.6154  32.1640  2.00553097150574
NAVSTAR 54 (USA 177)    
1 28190U 04009A   23289.66144028 -.00000029  00000+0  00000+0 0  9998
2 28190  55.6581 314.7857 0092383 140.4923 218.7356  2.00566036143395
NAVSTAR 56 (USA 180)    
1 28474U 04045A   23290.56235672 -.00000076  00000+0  00000+0 0  9992
2 28474  55.4425   3.9629 0163410 283.5739  60.1912  2.00556313138896
ANIK F1R                
1 28868U 05036A   23290.58831255 -.00000059  00000+0  00000+0 0  9992
2 28868   1.7984  88.4441 0002093  61.1207 340.7953  1.00271831 36691
NAVSTAR 57 (USA 183)    
1 28874U 05038A   23290.60182032 -.00000023  00000+0  00000+0 0  9997
2 28874  55.7078 312.2013 0140352 280.3120  60.5955  2.00572537132306
INMARSAT 4-F2           
1 28899U 05044A   23278.94424344 -.00000024  00000+0  00000+0 0  9990
2 28899   3.8913  40.9277 0006145  43.1630 334.3200  1.00395805 65629
NAVSTAR 58 (USA 190)    
1 29486U 06042A   23290.51016222  .00000040  00000+0  00000+0 0  9998
2 29486  54.6802 189.9451 0104096  33.5990 142.1604  2.00567486124869
NAVSTAR 59 (USA 192)    
1 29601U 06052A   23290.19039932  .00000021  00000+0  00000+0 0  9994
2 29601  55.2465 252.6677 0083974  79.4879 281.4366  2.00551804123873
NAVSTAR 60 (USA 196)    
1 32260U 07047A   23290.00624318  .00000061  00000+0  00000+0 0  9996
2 32260  53.4853 120.3717 0152638  71.7007 290.0218  2.00549439117277
COSMOS 2433             
1 32275U 07052A   23290.20431596 -.00000046  00000+0  00000+0 0  9998
2 32275  66.0101 348.5105 0004999 237.1265 122.9006  2.13104106124306
COSMOS 2432             
1 32276U 07052B   23289.33584775 -.00000046  00000+0  00000+0 0  9999
2 32276  66.0247 348.6488 0009610 312.3461  48.3502  2.13103275124311
NAVSTAR 61 (USA 199)    
1 32384U 07062A   23290.54638875 -.00000024  00000+0  00000+0 0  9992
2 32384  55.8410 313.0311 0024387 152.2328   9.1220  2.00560922115988
COSMOS 2434             
1 32393U 07065A   23290.58815106  .00000036  00000+0  00000+0 0  9995
2 32393  64.3326 224.8372 0001751  68.5634 117.2480  2.13103059123025
COSMOS 2436             
1 32395U 07065C   23290.29186243  .00000035  00000+0  00000+0 0  9997
2 32395  64.3412 224.9093 0016273 358.0049  95.9673  2.13102709122976
NAVSTAR 62 (USA 201)    
1 32711U 08012A   23290.41756607  .00000041  00000+0  00000+0 0  9990
2 32711  54.4483 188.7698 0177786 236.1115 122.2603  2.00558627114227
NAVSTAR 64 (USA 206)    
1 35752U 09043A   23290.44655615 -.00000013  00000+0  00000+0 0  9993
2 35752  55.4711  65.9968 0057553  70.0984 327.2361  2.00555503103837
COSMOS 2456             
1 36111U 09070A   23290.57267931  .00000067  00000+0  00000+0 0  9995
2 36111  64.5085 104.3214 0001267 336.8984 355.5903  2.13099105107675
COSMOS 2457             
1 36112U 09070B   23290.23525847  .00000067  00000+0  00000+0 0  9992
2 36112  64.4933 104.1972 0006554 147.7852  56.9731  2.13101292107675
COSMOS 2460             
1 36402U 10007C   23290.45353366 -.00000044  00000+0  00000+0 0  9991
2 36402  65.8715 347.2102 0002091 233.2788 127.8285  2.13106269105989
NAVSTAR 65 (USA 213)    
1 36585U 10022A   23290.43790056  .00000023  00000+0  00000+0 0  9995
2 36585  54.5469 247.8465 0110931  59.7247  89.0250  2.00564140 98066
BEIDOU-2 IGSO-1         
1 36828U 10036A   23290.60952736 -.00000076  00000+0  00000+0 0  9993
2 36828  54.2324 171.7763 0037688 191.9314 346.6367  1.00298034 48443
QZS-1 (MICHIBIKI-1)     
1 37158U 10045A   23289.52941825  .00000057  00000+0  00000+0 0  9994
2 37158  42.9256 127.1933 0003791 108.7502  93.9370  0.87715582 47851
BEIDOU-2 G4             
1 37210U 10057A   23290.60507149 -.00000097  00000+0  00000+0 0  9999
2 37210   1.2719  62.6887 0007175 164.2272 176.7990  1.00272241 47522
BEIDOU-2 IGSO-2         
1 37256U 10068A   23290.21634028 -.00000189  00000+0  00000+0 0  9997
2 37256  49.3347 283.7861 0031637 214.5914  73.3090  1.00269930 47021
BEIDOU-2 IGSO-3         
1 37384U 11013A   23290.21880093 -.00000181  00000+0  00000+0 0  9997
2 37384  61.0021  49.4824 0028537 177.8783 344.9102  1.00270753 45898
GSAT-8                  
1 37605U 11022A   23290.56020024  .00000098  00000+0  00000+0 0  9997
2 37605   0.0551  69.2933 0007084 182.5953  30.6886  1.00271113 43451
NAVSTAR 66 (USA 232)    
1 37753U 11036A   23290.18000419 -.00000076  00000+0  00000+0 0  9997
2 37753  56.7485   9.8074 0126862  56.3406 352.6673  2.00568945 89748
BEIDOU-2 IGSO-4         
1 37763U 11038A   23290.60762209 -.00000012  00000+0  00000+0 0  9999
2 37763  54.5061 174.3285 0111789 227.4950 297.7005  1.00265283 44886
GSAT0101 (GALILEO-PFM)  
1 37846U 11060A   23288.94429256 -.00000080  00000+0  00000+0 0  9997
2 37846  57.1132   8.1737 0000359  21.2714 338.7810  1.70475948 74498
GSAT0102 (GALILEO-FM2)  
1 37847U 11060B   23290.62005838 -.00000077  00000+0  00000+0 0  9998
2 37847  57.1141   8.1284 0001989 302.5067  52.1836  1.70475373 74523
COSMOS 2476             
1 37867U 11064A   23289.77514428  .00000069  00000+0  00000+0 0  9998
2 37867  64.7880 105.8920 0021401 230.0865 120.2437  2.13101715 92992
COSMOS 2477             
1 37868U 11064B   23289.64659965  .00000070  00000+0  00000+0 0  9993
2 37868  64.7951 105.9660 0018596 230.1415 199.4394  2.13101591 92999
COSMOS 2475             
1 37869U 11064C   23290.36959477  .00000069  00000+0  00000+0 0  9994
2 37869  64.8026 105.9544 0022528 248.6697 334.0934  2.13101860 93011
BEIDOU-2 IGSO-5         
1 37948U 11073A   23290.60979727 -.00000135  00000+0  00000+0 0  9994
2 37948  49.4599 283.4514 0094581 221.2561 195.5869  1.00262600 43373
LUCH-5A                 
1 37951U 11074B   23290.58836234 -.00000031  00000+0  00000+0 0  9996
2 37951   6.2526  88.9493 0004042  98.2593 217.3682  1.00272271 43283
BEIDOU-2 G5             
1 38091U 12008A   23290.61223355  .00000071  00000+0  00000+0 0  9991
2 38091   1.8112  69.0568 0005588 182.1661  53.7754  1.00274527 42602
BEIDOU-2 M3             
1 38250U 12018A   23290.15489699 -.00000059  00000+0  00000+0 0  9990
2 38250  56.4876 337.4541 0024927 257.9901 101.7995  1.86231183 77807
BEIDOU-2 M4             
1 38251U 12018B   23290.08615593 -.00000059  00000+0  00000+0 0  9997
2 38251  56.3977 336.7462 0015835 258.8472 101.0438  1.86231897 77801
SES-5                   
1 38652U 12036A   23290.55027965  .00000048  00000+0  00000+0 0  9991
2 38652   0.0505 298.1514 0001904 263.1580  27.5936  1.00271808 34720
BEIDOU-2 M6             
1 38775U 12050B   23289.79587388  .00000042  00000+0  00000+0 0  9991
2 38775  55.7246  95.3439 0010663 339.3902  20.5858  1.86231180 75515
GSAT-10                 
1 38779U 12051B   23290.56771968 -.00000151  00000+0  00000+0 0  9994
2 38779   0.0614  90.3076 0003338 163.7612  59.1576  1.00270954 40358
NAVSTAR 67 (USA 239)    
1 38833U 12053A   23290.09409586  .00000044  00000+0  00000+0 0  9999
2 38833  53.5099 183.4460 0144819  52.8347 308.5632  2.00567926 79909
GSAT0103 (GALILEO-FM3)  
1 38857U 12055A   23288.39688869  .00000079  00000+0  00000+0 0  9998
2 38857  55.2988 128.3633 0002073 244.9025 115.1712  1.70473721 68378
GSAT0104 (GALILEO-FM4)  
1 38858U 12055B   23289.53944191  .00000079  00000+0  00000+0 0  9999
2 38858  55.2993 128.3333 0001227 142.8056 217.2914  1.70473935 68502
BEIDOU-2 G6             
1 38953U 12059A   23290.61624802 -.00000160  00000+0  00000+0 0  9996
2 38953   1.9341  81.7423 0006895 301.1277 308.8688  1.00269317 40141
LUCH-5B                 
1 38977U 12061A   23290.18774340 -.00000119  00000+0  00000+0 0  9994
2 38977   8.3497  58.7607 0005438 129.5770 248.4151  1.00272718 39859
COSMOS 2485             
1 39155U 13019A   23289.26043176  .00000071  00000+0  00000+0 0  9996
2 39155  64.9476 106.4421 0021949 226.0857 133.7731  2.13101854 81508
NAVSTAR 68 (USA 242)    
1 39166U 13023A   23290.45585221 -.00000019  00000+0  00000+0 0  9991
2 39166  55.3228 308.3859 0115344  41.5474 319.3636  2.00564201 76353
IRNSS-1A                
1 39199U 13034A   23289.48574472  .00000105  00000+0  00000+0 0  9991
2 39199  33.5227  78.0651 0021422 180.5079 356.2244  1.00278844 37597
NAVSTAR 69 (USA 248)    
1 39533U 14008A   23290.45653389  .00000040  00000+0  00000+0 0  9997
2 39533  53.5963 188.9950 0067051 215.4687 144.1585  2.00554099 70153
ASTRA 5B                
1 39617U 14011B   23290.26736911  .00000151  00000+0  00000+0 0  9999
2 39617   0.0823 300.5458 0003370 272.8746 291.8828  1.00266189 34902
COSMOS 2492             
1 39620U 14012A   23289.21597589 -.00000045  00000+0  00000+0 0  9996
2 39620  65.7553 346.8640 0012791 311.2548  48.7117  2.13103158 74461
IRNSS-1B                
1 39635U 14017A   23290.46577255  .00000106  00000+0  00000+0 0  9991
2 39635  28.6210 256.9404 0018788 188.7321 162.7710  1.00269674 35028
LUCH-5V                 
1 39727U 14023A   23290.59712182 -.00000255  00000+0  00000+0 0  9990
2 39727   2.6826  77.0851 0003494 158.1991 100.2569  1.00275179 34592
NAVSTAR 70 (USA 251)    
1 39741U 14026A   23290.23958133 -.00000076  00000+0  00000+0 0  9999
2 39741  56.7004   9.3270 0030405 309.6013  50.1817  2.00554160 69003
COSMOS 2500             
1 40001U 14032A   23290.33721555 -.00000044  00000+0  00000+0 0  9999
2 40001  65.6930 346.6506 0008571 210.3429 149.6827  2.13105954 72701
NAVSTAR 71 (USA 256)    
1 40105U 14045A   23289.82426128  .00000068  00000+0  00000+0 0  9993
2 40105  54.8293 127.3739 0027235 114.4938 245.8691  2.00549738 66537
GSAT0201 (GALILEO 5)    
1 40128U 14050A   23289.38454782 -.00000046  00000+0  00000+0 0  9999
2 40128  49.8980 312.8839 1607460 141.9673 230.5689  1.85519405 60236
GSAT0202 (GALILEO 6)    
1 40129U 14050B   23289.10478734 -.00000045  00000+0  00000+0 0  9992
2 40129  49.9172 311.9674 1605453 142.7667 229.5422  1.85520104 62390
IRNSS-1C                
1 40269U 14061A   23290.53868941 -.00000145  00000+0  00000+0 0  9992
2 40269   4.0670 111.3912 0019330   6.9159 184.4172  1.00270609 32922
NAVSTAR 72 (USA 258)    
1 40294U 14068A   23288.70243041 -.00000011  00000+0  00000+0 0  9993
2 40294  56.2141  68.8397 0049004  62.8002 297.6917  2.00574544 65649
COSMOS 2501             
1 40315U 14075A   23289.17980956  .00000027  00000+0  00000+0 0  9996
2 40315  63.6357 224.2023 0019237 209.4367 150.4580  2.13101260 69074
NAVSTAR 73 (USA 260)    
1 40534U 15013A   23290.33780645  .00000021  00000+0  00000+0 0  9999
2 40534  53.4450 244.5084 0082604  26.0963 334.2997  2.00552018 62291
GSAT0203 (GALILEO 7)    
1 40544U 15017A   23288.72364901 -.00000081  00000+0  00000+0 0  9994
2 40544  56.9076   8.1472 0005456 246.0563 113.9368  1.70476240 53235
GSAT0204 (GALILEO 8)    
1 40545U 15017B   23288.97740621 -.00000080  00000+0  00000+0 0  9998
2 40545  56.9144   8.1547 0004481 226.1955 133.8184  1.70475808 15623
IRNSS-1D                
1 40547U 15018A   23289.82725157 -.00000282  00000+0  00000+0 0  9997
2 40547  27.9880 256.9158 0018794 187.2247 350.4750  1.00268513 31219
BEIDOU-3S IGSO-1S       
1 40549U 15019A   23290.44518729 -.00000123  00000+0  00000+0 0  9999
2 40549  51.0241 307.0643 0040494 197.7873 131.2334  1.00248072 31301
NAVSTAR 74 (USA 262)    
1 40730U 15033A   23290.00106945 -.00000021  00000+0  00000+0 0  9999
2 40730  54.8108 306.9975 0086966  14.0192 346.2583  2.00552907 60459
BEIDOU-3S M2S           
1 40748U 15037A   23289.21459839 -.00000060  00000+0  00000+0 0  9999
2 40748  55.6375 335.3486 0012612 247.3749 112.5610  1.86233213 55966
BEIDOU-3S M1S           
1 40749U 15037B   23290.55865279 -.00000058  00000+0  00000+0 0  9995
2 40749  55.6398 335.2894 0004957 296.4944  63.5214  1.86232904 55993
GSAT0205 (GALILEO 9)    
1 40889U 15045A   23288.74537573  .00000006  00000+0  00000+0 0  9992
2 40889  55.3426 248.5529 0004303   7.3291 352.6395  1.70473049 50387
GSAT0206 (GALILEO 10)   
1 40890U 15045B   23290.13923494  .00000012  00000+0  00000+0 0  9998
2 40890  55.3410 248.5099 0002816 345.3784  14.5823  1.70473053 50434
BEIDOU-3S IGSO-2S       
1 40938U 15053A   23290.61007027 -.00000129  00000+0  00000+0 0  9998
2 40938  50.7462 270.2428 0047162 195.0976 236.7526  1.00273140 29596
NAVSTAR 75 (USA 265)    
1 41019U 15062A   23290.55071929 -.00000006  00000+0  00000+0 0  9998
2 41019  56.1988  68.6183 0091105 221.4438 137.8580  2.00562237 58301
GSAT-15                 
1 41028U 15065A   23290.49623861 -.00000244  00000+0  00000+0 0  9996
2 41028   0.0595  88.0811 0002329 104.2020 105.6349  1.00271287 29037
GSAT0209 (GALILEO 12)   
1 41174U 15079A   23289.13764244  .00000079  00000+0  00000+0 0  9998
2 41174  55.3172 128.0502 0002033 345.8873  14.1976  1.70474239 48159
GSAT0208 (GALILEO 11)   
1 41175U 15079B   23287.59754167  .00000078  00000+0  00000+0 0  9999
2 41175  55.3149 128.0905 0001656 358.5112   1.5866  1.70474147 48547
IRNSS-1E                
1 41241U 16003A   23289.87269986 -.00000271  00000+0  00000+0 0  9990
2 41241  31.0759  77.1525 0021267 180.2689 193.7699  1.00272139 28311
NAVSTAR 76 (USA 266)    
1 41328U 16007A   23290.14131784  .00000068  00000+0  00000+0 0  9999
2 41328  55.0325 128.1493 0072158 233.5446 125.8650  2.00573649 56305
COSMOS 2514             
1 41330U 16008A   23290.09981945 -.00000044  00000+0  00000+0 0  9994
2 41330  65.4901 346.2292 0012490 215.1235 144.8696  2.13102577 59865
IRNSS-1F                
1 41384U 16015A   23290.55567507  .00000175  00000+0  00000+0 0  9990
2 41384   3.0219 127.7744 0019443 173.6433 316.8201  1.00270868 27908
BEIDOU-2 IGSO-6         
1 41434U 16021A   23289.81447377 -.00000159  00000+0  00000+0 0  9995
2 41434  58.8167  47.8368 0048923 219.2644 147.9878  1.00274603 27717
IRNSS-1G                
1 41469U 16027A   23290.63588068 -.00000318  00000+0  00000+0 0  9991
2 41469   2.9106 129.3366 0000948   8.1197 246.9167  1.00268866 27417
GSAT0211 (GALILEO 14)   
1 41549U 16030A   23289.47833175  .00000009  00000+0  00000+0 0  9992
2 41549  55.4887 248.5130 0004053 323.5383  36.3996  1.70473107 46055
GSAT0210 (GALILEO 13)   
1 41550U 16030B   23289.76980347  .00000010  00000+0  00000+0 0  9992
2 41550  55.4880 248.5062 0003721 288.4257  71.5008  1.70473346 46054
COSMOS 2516             
1 41554U 16032A   23289.27486411  .00000028  00000+0  00000+0 0  9996
2 41554  63.8622 224.6115 0015108 213.4205 146.4870  2.13106358 57451
BEIDOU-2 G7             
1 41586U 16037A   23290.61447875 -.00000340  00000+0  00000+0 0  9995
2 41586   1.9723  68.9496 0007358 342.0211 306.6488  1.00275899 27023
EUTELSAT 117 WEST B     
1 41589U 16038B   23290.55992868  .00000003  00000+0  00000+0 0  9994
2 41589   0.0115  83.8801 0000122 166.7758 219.7224  1.00270204 26943
GSAT0207 (GALILEO 15)   
1 41859U 16069A   23285.91198029  .00000070  00000+0  00000+0 0  9993
2 41859  54.9789 128.2011 0001889 314.1743  45.9121  1.70474249 42720
GSAT0212 (GALILEO 16)   
1 41860U 16069B   23289.87264083  .00000078  00000+0  00000+0 0  9996
2 41860  54.9786 128.0882 0001866  26.7782 333.3174  1.70474383 43044
GSAT0213 (GALILEO 17)   
1 41861U 16069C   23289.06587339  .00000079  00000+0  00000+0 0  9991
2 41861  54.9802 128.1167 0001825 261.2133  98.8571  1.70473033 42899
GSAT0214 (GALILEO 18)   
1 41862U 16069D   23289.79972636  .00000078  00000+0  00000+0 0  9999
2 41862  54.9786 128.0902 0000864 258.6345 101.4423  1.70472945 43039
SES-15                  
1 42709U 17026A   23290.62874789  .00000074  00000+0  00000+0 0  9994
2 42709   0.0240   8.1710 0000357 158.3262 316.6013  1.00268678 24384
QZS-2 (MICHIBIKI-2)     
1 42738U 17028A   23290.24216064 -.00000174  00000+0  00000+0 0  9994
2 42738  40.9757 257.2555 0745722 270.6592  83.7098  1.00253287 23375
QZS-3 (MICHIBIKI-3)     
1 42917U 17048A   23290.63392887 -.00000334  00000+0  00000+0 0  9994
2 42917   0.0528 199.5638 0001488   1.8662 179.7592  1.00272670 22497
COSMOS 2522             
1 42939U 17055A   23289.94136453  .00000033  00000+0  00000+0 0  9998
2 42939  64.0963 225.1262 0008324 242.3863 117.5350  2.13102004 47211
QZS-4 (MICHIBIKI-4)     
1 42965U 17062A   23290.52246122 -.00000295  00000+0  00000+0 0  9997
2 42965  40.6183 355.8968 0749754 270.1339  87.2172  1.00269126 22058
BEIDOU-3 M1             
1 43001U 17069A   23290.09910851  .00000043  00000+0  00000+0 0  9995
2 43001  55.8763  95.3989 0007175 295.4399  64.5038  1.86231473 40463
BEIDOU-3 M2             
1 43002U 17069B   23290.03592844  .00000043  00000+0  00000+0 0  9998
2 43002  55.8755  95.4367 0005260 331.3664  28.6230  1.86231108 40453
GSAT0215 (GALILEO 19)   
1 43055U 17079A   23289.11494473  .00000007  00000+0  00000+0 0  9993
2 43055  55.4654 248.3483 0003186 283.3633  76.5651  1.70473811 36366
GSAT0216 (GALILEO 20)   
1 43056U 17079B   23288.82024481  .00000006  00000+0  00000+0 0  9998
2 43056  55.4659 248.3562 0004785 285.1377  74.7720  1.70473932 36373
GSAT0217 (GALILEO 21)   
1 43057U 17079C   23290.21379650  .00000012  00000+0  00000+0 0  9993
2 43057  55.4631 248.3169 0004336 297.8836  62.0418  1.70473874 36389
GSAT0218 (GALILEO 22)   
1 43058U 17079D   23289.84725798  .00000011  00000+0  00000+0 0  9998
2 43058  55.4634 248.3245 0005187 280.8191  79.0899  1.70473870 36409
BEIDOU-3 M7             
1 43107U 18003A   23290.32357813 -.00000060  00000+0  00000+0 0  9990
2 43107  55.0934 336.0086 0002668  69.8630 290.2325  1.86232444 39215
BEIDOU-3 M8             
1 43108U 18003B   23289.72508217 -.00000061  00000+0  00000+0 0  9990
2 43108  55.0868 336.0161 0004756 251.6475 108.3688  1.86230921 39213
BEIDOU-3 M4             
1 43207U 18018A   23289.63018162  .00000042  00000+0  00000+0 0  9999
2 43207  55.8344  95.5119 0003915  20.2300 339.8056  1.86231452 38593
BEIDOU-3 M3             
1 43208U 18018B   23289.15989473  .00000043  00000+0  00000+0 0  9990
2 43208  55.8336  95.5321 0004944 313.4317  46.5493  1.86231450 38582
BEIDOU-3 M9             
1 43245U 18029A   23289.38261441 -.00000059  00000+0  00000+0 0  9994
2 43245  54.9868 333.7716 0001834 242.9968 117.0521  1.86232715 37749
BEIDOU-3 M10            
1 43246U 18029B   23290.38647872 -.00000057  00000+0  00000+0 0  9991
2 43246  54.9832 333.7652 0003172 340.6624  19.3911  1.86232884 37746
IRNSS-1I                
1 43286U 18035A   23290.05396441  .00000119  00000+0  00000+0 0  9997
2 43286  29.3495  89.5112 0021273 177.7654 192.5389  1.00275666 20311
COSMOS 2527             
1 43508U 18053A   23288.96155930  .00000072  00000+0  00000+0 0  9995
2 43508  65.1089 106.5533 0007648 212.9502 147.0439  2.13102431 41493
BEIDOU-2 IGSO-7         
1 43539U 18057A   23290.61248091 -.00000087  00000+0  00000+0 0  9996
2 43539  55.1170 171.4804 0063601 229.9813 318.7096  1.00270423 19384
GSAT0221 (GALILEO 25)   
1 43564U 18060A   23289.74709405 -.00000078  00000+0  00000+0 0  9991
2 43564  57.2888   8.0583 0003986 254.3332 105.6760  1.70476290 32550
GSAT0222 (GALILEO 26)   
1 43565U 18060B   23290.55182405 -.00000077  00000+0  00000+0 0  9997
2 43565  57.2925   8.0376 0004413 228.0994 131.9172  1.70475944 32612
GSAT0219 (GALILEO 23)   
1 43566U 18060C   23289.60092619 -.00000078  00000+0  00000+0 0  9990
2 43566  57.2917   8.0653 0003279 261.3517  98.6640  1.70476209 32571
GSAT0220 (GALILEO 24)   
1 43567U 18060D   23289.23478110 -.00000079  00000+0  00000+0 0  9995
2 43567  57.2912   8.0760 0003508 257.1374 102.8753  1.70476179 32552
BEIDOU-3 M5             
1 43581U 18062A   23289.53279073  .00000027  00000+0  00000+0 0  9995
2 43581  54.1683 215.4750 0003952 295.6708  64.3059  1.86231960 35483
BEIDOU-3 M6             
1 43582U 18062B   23289.93614353  .00000029  00000+0  00000+0 0  9996
2 43582  54.1678 215.4508 0005859  12.4170 347.6175  1.86229856 35493
BEIDOU-3 M12            
1 43602U 18067A   23289.33510806  .00000026  00000+0  00000+0 0  9993
2 43602  54.2559 214.1300 0007529  18.5599 341.4866  1.86231485 34960
BEIDOU-3 M11            
1 43603U 18067B   23289.46893964  .00000027  00000+0  00000+0 0  9998
2 43603  54.2530 214.0912 0004456   7.8153 352.2116  1.86231465 34990
BEIDOU-3 M13            
1 43622U 18072A   23289.96485713  .00000042  00000+0  00000+0 0  9996
2 43622  55.8046  95.0392 0004009 288.3132  71.6612  1.86231422 34510
BEIDOU-3 M14            
1 43623U 18072B   23290.36726211  .00000042  00000+0  00000+0 0  9994
2 43623  55.8068  95.0185 0002115 346.1184  13.8924  1.86231416 34518
BEIDOU-3 M16            
1 43647U 18078A   23290.53080083 -.00000057  00000+0  00000+0 0  9992
2 43647  54.8822 333.8506 0006155   1.0107 359.0558  1.86227272 34020
BEIDOU-3 M15            
1 43648U 18078B   23289.58636241 -.00000059  00000+0  00000+0 0  9991
2 43648  54.8784 333.8868 0002904   3.7318 356.3376  1.86232261 34022
BEIDOU-3 G1             
1 43683U 18085A   23290.62221418 -.00000262  00000+0  00000+0 0  9997
2 43683   1.6083 121.4984 0002719   1.4225 267.0114  1.00275065 18293
COSMOS 2529             
1 43687U 18086A   23289.99937398  .00000033  00000+0  00000+0 0  9996
2 43687  64.3117 225.5712 0010012 264.2064  95.6848  2.13102030 38524
BEIDOU-3 M17            
1 43706U 18093A   23290.27114401  .00000031  00000+0  00000+0 0  9999
2 43706  54.2506 215.3703 0009025 286.3786  73.5446  1.86232011 33404
BEIDOU-3 M18            
1 43707U 18093B   23290.13760071  .00000030  00000+0  00000+0 0  9994
2 43707  54.2514 215.3665 0007812 315.8486  44.1107  1.86229864 33396
NAVSTAR 77 (USA 289)    
1 43873U 18109A   23289.75602856  .00000070  00000+0  00000+0 0  9992
2 43873  55.2074 130.6888 0026556 189.7553 146.6407  2.00570398 35523
BEIDOU-3 IGSO-1         
1 44204U 19023A   23289.95026152 -.00000212  00000+0  00000+0 0  9997
2 44204  57.2839  47.7979 0024412 197.1140 242.1113  1.00269782 16599
BEIDOU-2 G8             
1 44231U 19027A   23290.39826934 -.00000236  00000+0  00000+0 0  9993
2 44231   1.8629  79.4028 0006112 127.6283 106.5185  1.00252817 16314
COSMOS 2534             
1 44299U 19030A   23290.54854390  .00000036  00000+0  00000+0 0  9992
2 44299  64.3843 225.4831 0012320 284.9872 270.4643  2.13101862 34176
BEIDOU-3 IGSO-2         
1 44337U 19035A   23290.61014271 -.00000086  00000+0  00000+0 0  9990
2 44337  55.1515 167.4118 0032848 194.9297   2.0052  1.00261178 15909
NAVSTAR 78 (USA 293)    
1 44506U 19056A   23290.60414838 -.00000076  00000+0  00000+0 0  9992
2 44506  55.8260   9.7291 0038132 187.3369 300.2828  2.00566375 30548
BEIDOU-3 M24            
1 44542U 19061A   23290.20896804  .00000031  00000+0  00000+0 0  9991
2 44542  54.4781 215.6103 0008588 351.0268   8.9793  1.86231545 27653
BEIDOU-3 M23            
1 44543U 19061B   23290.09529306  .00000030  00000+0  00000+0 0  9998
2 44543  54.4765 215.5836 0005730 339.5508 216.1850  1.86231889 27650
BEIDOU-3 IGSO-3         
1 44709U 19073A   23290.40475186 -.00000165  00000+0  00000+0 0  9996
2 44709  56.4647 291.2968 0034932 190.8025 169.1095  1.00268986 14692
BEIDOU-3 M22            
1 44793U 19078A   23290.59131250 -.00000057  00000+0  00000+0 0  9995
2 44793  54.7304 333.8104 0004897   7.8488 352.2237  1.86232180 26516
BEIDOU-3 M21            
1 44794U 19078B   23289.11093212 -.00000060  00000+0  00000+0 0  9991
2 44794  54.7050 333.8428 0003023 352.4572   7.6063  1.86232694 26492
COSMOS 2544             
1 44850U 19088A   23290.31310486  .00000070  00000+0  00000+0 0  9994
2 44850  65.0955 106.3500 0011219 247.7650 112.1513  2.13102164 29963
BEIDOU-3 M19            
1 44864U 19090A   23290.18834957  .00000042  00000+0  00000+0 0  9990
2 44864  55.7391  95.2167 0015340 272.8195 283.2922  1.86231729 26099
BEIDOU-3 M20            
1 44865U 19090B   23290.28889477  .00000042  00000+0  00000+0 0  9999
2 44865  55.7410  95.2462 0012953 287.8052  65.4960  1.86231693 26075
BEIDOU-3 G2             
1 45344U 20017A   23290.59803413 -.00000127  00000+0  00000+0 0  9998
2 45344   2.0772  18.3961 0003126 185.0005 117.7976  1.00271247 13498
COSMOS 2545             
1 45358U 20018A   23290.50999183 -.00000046  00000+0  00000+0 0  9995
2 45358  64.8302 346.4251 0011413 243.1475 116.8101  2.13102566 27914
BEIDOU-3 G3             
1 45807U 20040A   23290.62487861 -.00000340  00000+0  00000+0 0  9994
2 45807   0.5900 353.2372 0007831 315.0700  53.0360  1.00266744 12303
NAVSTAR 79 (USA 304)    
1 45854U 20041A   23290.49132174 -.00000010  00000+0  00000+0 0  9990
2 45854  55.9202  67.0222 0037968 187.7700 161.3714  2.00562321 24508
GALAXY 30 (G-30)        
1 46114U 20056C   23290.63207314  .00000051  00000+0  00000+0 0  9995
2 46114   0.0117 227.4429 0002576 338.1129 282.8615  1.00270923 11530
COSMOS 2547             
1 46805U 20075A   23290.22948395  .00000035  00000+0  00000+0 0  9991
2 46805  64.6120 225.0626 0007503 243.2132 116.7175  2.13102783 23155
NAVSTAR 80 (USA 309)    
1 46826U 20078A   23290.61730090  .00000023  00000+0  00000+0 0  9998
2 46826  54.2917 250.3068 0036713 194.9769 220.8559  2.00562787 21983
NAVSTAR 81 (USA 319)    
1 48859U 21054A   23290.28978383 -.00000077  00000+0  00000+0 0  9993
2 48859  55.3447  11.5068 0013437 215.5945 147.2702  2.00571220 17228
QZS-1R                  
1 49336U 21096A   23289.78987035 -.00000182  00000+0  00000+0 0  9994
2 49336  35.4410  94.2643 0746651 270.0438  80.2093  1.00278454  7230
GSAT0223 (GALILEO 27)   
1 49809U 21116A   23288.49755931 -.00000081  00000+0  00000+0 0  9995
2 49809  57.2826   7.9915 0003630 202.5759 155.2898  1.70476396 11547
GSAT0224 (GALILEO 28)   
1 49810U 21116B   23289.49031801 -.00000078  00000+0  00000+0 0  9997
2 49810  57.2834   7.9631 0002895 196.5819 163.0500  1.70476367 11583
COSMOS 2557             
1 52984U 22075A   23289.45381021 -.00000049  00000+0  00000+0 0  9994
2 52984  64.7485 348.6166 0013110 275.5857  84.3395  2.13102256  9949
COSMOS 2559             
1 54031U 22130A   23290.33445633 -.00000048  00000+0  00000+0 0  9999
2 54031  64.7196 348.7120 0007835 225.0300 134.9802  2.13101476  7939
COSMOS 2564             
1 54377U 22161A   23289.58879065  .00000031  00000+0  00000+0 0  9992
2 54377  64.7528 225.1447 0009562 222.9787 136.9503  2.13102199  6869
NAVSTAR 82 (USA 343)    
1 55268U 23009A   23287.54552144  .00000033  00000+0  00000+0 0  9996
2 55268  55.0864 186.8385 0005004  88.7590 131.5270  2.00553131  5645
BEIDOU-3 G4             
1 56564U 23066A   23290.60491542 -.00000100  00000+0  00000+0 0  9990
2 56564   2.7391 288.6437 0005997 223.0938 251.9374  1.00271578  1637
IRNSS-1J (NVS-01)       
1 56759U 23076A   23290.55486888 -.00000327  00000+0  00000+0 0  9999
2 56759   4.6308 271.2588 0007240 348.1916  95.6084  1.00266050  1354
