NAVSTAR 43 (USA 132)    
1 24876U 97035A   23301.44297611  .00000073  00000+0  00000+0 0  9992
2 24876  55.6019 136.2301 0074576  53.3905 307.3665  2.00564437192648
NAVSTAR 47 (USA 150)    
1 26360U 00025A   23301.31918149 -.00000068  00000+0  00000+0 0  9992
2 26360  54.4783  58.3937 0041847 202.6531 158.6562  2.00566939171965
NAVSTAR 51 (USA 166)    
1 27663U 03005A   23301.57623197 -.00000029  00000+0  00000+0 0  9991
2 27663  55.2180 253.2530 0134015  45.0412 120.7292  2.00562809152000
NAVSTAR 52 (USA 168)    
1 27704U 03010A   23301.56555638 -.00000099  00000+0  00000+0 0  9993
2 27704  55.1151   3.1821 0250131 319.8990  57.2750  2.00553560150802
NAVSTAR 54 (USA 177)    
1 28190U 04009A   23301.32808306 -.00000058  00000+0  00000+0 0  9994
2 28190  55.6490 314.3210 0092271 140.8882   2.3119  2.00565563143632
NAVSTAR 56 (USA 180)    
1 28474U 04045A   23301.57967150 -.00000099  00000+0  00000+0 0  9994
2 28474  55.4427   3.5214 0163830 283.9525  94.5583  2.00556631139122
ANIK F1R                
1 28868U 05036A   23301.52864503 -.00000075  00000+0  00000+0 0  9999
2 28868   1.8288  88.3316 0001430 101.9784 289.3463  1.00271638 36808
NAVSTAR 57 (USA 183)    
1 28874U 05038A   23300.66149615 -.00000051  00000+0  00000+0 0  9996
2 28874  55.6998 311.8012 0140435 280.5427 124.2483  2.00571752132519
INMARSAT 4-F2           
1 28899U 05044A   23301.62864126 -.00000356  00000+0  00000+0 0  9996
2 28899   3.9274  41.1899 0003837 201.1641 128.6271  1.00834333 65868
NAVSTAR 58 (USA 190)    
1 29486U 06042A   23301.47018184  .00000040  00000+0  00000+0 0  9995
2 29486  54.6797 189.5105 0104311  34.0019 135.6261  2.00566921125086
NAVSTAR 59 (USA 192)    
1 29601U 06052A   23301.15976788 -.00000031  00000+0  00000+0 0  9994
2 29601  55.2408 252.2325 0084330  79.5309 281.3906  2.00552360124094
NAVSTAR 60 (USA 196)    
1 32260U 07047A   23301.47427664  .00000051  00000+0  00000+0 0  9994
2 32260  53.4913 119.8962 0152829  71.9605 289.7416  2.00548866117501
COSMOS 2433             
1 32275U 07052A   23301.46651748 -.00000059  00000+0  00000+0 0  9996
2 32275  66.0071 348.1354 0005246 241.6589 118.3588  2.13104015124582
COSMOS 2432             
1 32276U 07052B   23301.54447120 -.00000060  00000+0  00000+0 0  9995
2 32276  66.0216 348.2426 0010121 311.5867  55.1269  2.13103173124576
NAVSTAR 61 (USA 199)    
1 32384U 07062A   23301.52456104 -.00000057  00000+0  00000+0 0  9992
2 32384  55.8325 312.5960 0024256 152.3638  15.6621  2.00561399116209
COSMOS 2434             
1 32393U 07065A   23301.40438748  .00000000  00000+0  00000+0 0  9993
2 32393  64.3311 224.4703 0002263  69.1282 134.5820  2.13103022123253
COSMOS 2436             
1 32395U 07065C   23300.77379943 -.00000006  00000+0  00000+0 0  9992
2 32395  64.3398 224.5539 0016423 359.6121 215.7800  2.13102656123195
NAVSTAR 62 (USA 201)    
1 32711U 08012A   23301.38653307  .00000041  00000+0  00000+0 0  9992
2 32711  54.4479 188.3324 0177875 236.1670 122.2098  2.00558999114443
NAVSTAR 64 (USA 206)    
1 35752U 09043A   23301.43049726 -.00000054  00000+0  00000+0 0  9990
2 35752  55.4802  65.5584 0057280  70.2407 337.7106  2.00554809104053
COSMOS 2456             
1 36111U 09070A   23301.19856722  .00000045  00000+0  00000+0 0  9994
2 36111  64.5142 103.9563 0001227 329.5567 234.6404  2.13099038107907
COSMOS 2457             
1 36112U 09070B   23300.77757142  .00000051  00000+0  00000+0 0  9991
2 36112  64.4980 103.8348 0006579 149.0351 223.3998  2.13101214107901
COSMOS 2460             
1 36402U 10007C   23301.34329767 -.00000058  00000+0  00000+0 0  9995
2 36402  65.8685 346.8457 0002313 243.5185 191.9466  2.13106185106212
NAVSTAR 65 (USA 213)    
1 36585U 10022A   23301.45608921 -.00000027  00000+0  00000+0 0  9994
2 36585  54.5412 247.4018 0111497  59.7929 124.7161  2.00564655 98282
BEIDOU-2 IGSO-1         
1 36828U 10036A   23301.45227373 -.00000075  00000+0  00000+0 0  9990
2 36828  54.2334 171.6774 0037893 191.6263 301.9940  1.00294666 48553
QZS-1 (MICHIBIKI-1)     
1 37158U 10045A   23300.85835766  .00000049  00000+0  00000+0 0  9991
2 37158  42.9426 127.0642 0003958 115.6274  64.5923  0.87715157 47940
BEIDOU-2 G4             
1 37210U 10057A   23301.59176267 -.00000113  00000+0  00000+0 0  9992
2 37210   1.2984  63.1921 0007755 169.4546 177.0998  1.00271348 47637
BEIDOU-2 IGSO-2         
1 37256U 10068A   23301.17345503 -.00000220  00000+0  00000+0 0  9998
2 37256  49.3135 283.6525 0031456 214.1318  68.9892  1.00266033 47138
BEIDOU-2 IGSO-3         
1 37384U 11013A   23301.29472227 -.00000209  00000+0  00000+0 0  9995
2 37384  61.0179  49.3728 0028196 178.5053  22.3484  1.00267548 46005
GSAT-8                  
1 37605U 11022A   23301.16354308  .00000083  00000+0  00000+0 0  9995
2 37605   0.0140 242.3597 0008157   9.3246 258.5111  1.00270606 43568
NAVSTAR 66 (USA 232)    
1 37753U 11036A   23301.08490434 -.00000098  00000+0  00000+0 0  9993
2 37753  56.7498   9.3843 0126864  56.2900 306.7490  2.00568926 89961
BEIDOU-2 IGSO-4         
1 37763U 11038A   23300.38212194 -.00000018  00000+0  00000+0 0  9995
2 37763  54.5068 174.2407 0112056 227.3459 226.0488  1.00262928 44983
GSAT0101 (GALILEO-PFM)  
1 37846U 11060A   23299.50280732 -.00000097  00000+0  00000+0 0  9993
2 37846  57.1140   7.8875 0000582 326.8853  33.1612  1.70475741 74679
GSAT0102 (GALILEO-FM2)  
1 37847U 11060B   23299.43895705 -.00000097  00000+0  00000+0 0  9998
2 37847  57.1147   7.8892 0002455 299.1318  67.8913  1.70475156 74684
COSMOS 2476             
1 37867U 11064A   23301.52266781  .00000044  00000+0  00000+0 0  9995
2 37867  64.7931 105.4929 0021576 230.0592 132.5503  2.13101645 93302
COSMOS 2477             
1 37868U 11064B   23301.07130134  .00000051  00000+0  00000+0 0  9996
2 37868  64.8002 105.5783 0018768 230.0818 324.1147  2.13101494 93239
COSMOS 2475             
1 37869U 11064C   23301.13868771  .00000050  00000+0  00000+0 0  9998
2 37869  64.8073 105.5887 0022683 248.4755 315.9545  2.13101772 93247
BEIDOU-2 IGSO-5         
1 37948U 11073A   23301.33573149 -.00000165  00000+0  00000+0 0  9998
2 37948  49.4391 283.3210 0094415 221.1071 107.2483  1.00259970 43475
LUCH-5A                 
1 37951U 11074B   23301.59568727 -.00000045  00000+0  00000+0 0  9994
2 37951   6.2832  88.7680 0004121 113.0871 216.2309  1.00272779 43391
BEIDOU-2 G5             
1 38091U 12008A   23301.16423927  .00000056  00000+0  00000+0 0  9994
2 38091   1.8381  69.2456 0006953 186.8006 258.0689  1.00268036 42716
BEIDOU-2 M3             
1 38250U 12018A   23301.43095561 -.00000081  00000+0  00000+0 0  9990
2 38250  56.4815 337.0792 0025222 259.0002 100.7737  1.86231083 78014
BEIDOU-2 M4             
1 38251U 12018B   23301.36216685 -.00000080  00000+0  00000+0 0  9994
2 38251  56.3915 336.3705 0016106 260.2097  99.6658  1.86231808 78013
SES-5                   
1 38652U 12036A   23301.20188153  .00000032  00000+0  00000+0 0  9996
2 38652   0.0465 298.8460 0002062 281.4158 253.7017  1.00271856 34830
BEIDOU-2 M6             
1 38775U 12050B   23301.07184209  .00000016  00000+0  00000+0 0  9993
2 38775  55.7336  94.9662 0010570 338.3808  21.5694  1.86231074 75374
GSAT-10                 
1 38779U 12051B   23301.58344255 -.00000167  00000+0  00000+0 0  9991
2 38779   0.0190 248.2682 0004178   0.4914  80.9637  1.00272537 40460
NAVSTAR 67 (USA 239)    
1 38833U 12053A   23301.06253729  .00000046  00000+0  00000+0 0  9997
2 38833  53.5098 182.9975 0145493  53.0797 308.3343  2.00568040 80125
GSAT0103 (GALILEO-FM3)  
1 38857U 12055A   23300.12854408  .00000073  00000+0  00000+0 0  9992
2 38857  55.3047 128.0406 0002079 240.2320 119.8160  1.70473578 68573
GSAT0104 (GALILEO-FM4)  
1 38858U 12055B   23300.09792386  .00000073  00000+0  00000+0 0  9995
2 38858  55.3064 128.0429 0001356 144.1602 215.9177  1.70473820 68576
BEIDOU-2 G6             
1 38953U 12059A   23301.61347888 -.00000176  00000+0  00000+0 0  9992
2 38953   1.9644  81.7256 0007019 297.3075 322.4550  1.00274564 40254
LUCH-5B                 
1 38977U 12061A   23301.14927135 -.00000135  00000+0  00000+0 0  9993
2 38977   8.3754  58.6777 0005623 139.7462 235.2752  1.00271339 39960
COSMOS 2485             
1 39155U 13019A   23300.99191475  .00000053  00000+0  00000+0 0  9996
2 39155  64.9528 106.0460 0022108 226.0919 133.7406  2.13101756 81759
NAVSTAR 68 (USA 242)    
1 39166U 13023A   23301.42457291 -.00000055  00000+0  00000+0 0  9996
2 39166  55.3139 307.9452 0115796  41.5294 319.3654  2.00564110 76572
IRNSS-1A                
1 39199U 13034A   23300.94877116  .00000092  00000+0  00000+0 0  9992
2 39199  33.5489  77.8972 0022056 180.1148 174.5734  1.00270490 37704
NAVSTAR 69 (USA 248)    
1 39533U 14008A   23300.92711171  .00000038  00000+0  00000+0 0  9992
2 39533  53.5959 188.5683 0067051 215.3697 144.2638  2.00554642 70364
ASTRA 5B                
1 39617U 14011B   23301.19632700  .00000135  00000+0  00000+0 0  9997
2 39617   0.0573 313.8838 0003863 281.3483 255.2425  1.00272484 35018
COSMOS 2492             
1 39620U 14012A   23300.94747693 -.00000056  00000+0  00000+0 0  9995
2 39620  65.7519 346.4697 0013287 310.7732  49.1825  2.13103054 74715
IRNSS-1B                
1 39635U 14017A   23300.94868414  .00000076  00000+0  00000+0 0  9992
2 39635  28.6004 256.7654 0018395 188.5872 347.2271  1.00272975 35139
LUCH-5V                 
1 39727U 14023A   23301.58771552 -.00000269  00000+0  00000+0 0  9993
2 39727   2.7121  77.0691 0004254 167.9363  98.0200  1.00270640 34706
NAVSTAR 70 (USA 251)    
1 39741U 14026A   23301.20896984 -.00000098  00000+0  00000+0 0  9998
2 39741  56.7014   8.9013 0030869 309.4613  50.3170  2.00553255 69224
COSMOS 2500             
1 40001U 14032A   23301.13005316 -.00000056  00000+0  00000+0 0  9993
2 40001  65.6901 346.2870 0008586 213.5890 146.4269  2.13105859 72936
NAVSTAR 71 (USA 256)    
1 40105U 14045A   23300.79369925  .00000072  00000+0  00000+0 0  9999
2 40105  54.8343 126.9355 0027429 114.8414 245.5035  2.00550359 66754
GSAT0201 (GALILEO 5)    
1 40128U 14050A   23301.24240786 -.00000079  00000+0  00000+0 0  9992
2 40128  49.8873 312.4090 1607066 142.4154 229.9943  1.85519350 60452
GSAT0202 (GALILEO 6)    
1 40129U 14050B   23300.96260503 -.00000077  00000+0  00000+0 0  9998
2 40129  49.9062 311.4929 1605107 143.2152 228.9662  1.85520016 62613
IRNSS-1C                
1 40269U 14061A   23301.58284334 -.00000160  00000+0  00000+0 0  9995
2 40269   4.0938 111.0633 0019023   6.2618 212.1563  1.00274724 33036
NAVSTAR 72 (USA 258)    
1 40294U 14068A   23300.16915991 -.00000038  00000+0  00000+0 0  9997
2 40294  56.2236  68.3907 0048914  62.8581 297.6224  2.00575163 65871
COSMOS 2501             
1 40315U 14075A   23300.91131837 -.00000005  00000+0  00000+0 0  9995
2 40315  63.6341 223.7940 0018996 208.6457 151.2622  2.13101184 69320
NAVSTAR 73 (USA 260)    
1 40534U 15013A   23301.30712708 -.00000027  00000+0  00000+0 0  9991
2 40534  53.4395 244.0541 0083222  26.4114 333.9891  2.00551284 62519
GSAT0203 (GALILEO 7)    
1 40544U 15017A   23299.28213247 -.00000096  00000+0  00000+0 0  9999
2 40544  56.9092   7.8594 0004637 244.0445 115.9574  1.70476067 52755
GSAT0204 (GALILEO 8)    
1 40545U 15017B   23299.53592774 -.00000097  00000+0  00000+0 0  9994
2 40545  56.9156   7.8669 0004761 231.4366 128.5708  1.70475538 15806
IRNSS-1D                
1 40547U 15018A   23300.79476279 -.00000311  00000+0  00000+0 0  9998
2 40547  27.9655 256.7312 0018807 184.9351 352.1678  1.00275035 31321
BEIDOU-3S IGSO-1S       
1 40549U 15019A   23300.74258573 -.00000153  00000+0  00000+0 0  9995
2 40549  51.0051 306.9417 0037504 195.8185 251.1192  1.00299105 31419
NAVSTAR 74 (USA 262)    
1 40730U 15033A   23301.46900702 -.00000055  00000+0  00000+0 0  9992
2 40730  54.8013 306.5312 0087535  14.1369 346.1230  2.00552230 60687
BEIDOU-3S M2S           
1 40748U 15037A   23299.41661060 -.00000068  00000+0  00000+0 0  9991
2 40748  55.6316 335.0025 0012811 249.2222 110.7003  1.86233039 56159
BEIDOU-3S M1S           
1 40749U 15037B   23300.22373026 -.00000073  00000+0  00000+0 0  9992
2 40749  55.6343 334.9614 0005370 297.7807  62.2234  1.86232798 56171
GSAT0205 (GALILEO 9)    
1 40889U 15045A   23301.06372297 -.00000027  00000+0  00000+0 0  9997
2 40889  55.3357 248.2130 0004543  11.4146 348.5587  1.70472885 50593
GSAT0206 (GALILEO 10)   
1 40890U 15045B   23299.52462991 -.00000027  00000+0  00000+0 0  9997
2 40890  55.3355 248.2510 0002928 352.0220   7.9360  1.70472892 50590
BEIDOU-3S IGSO-2S       
1 40938U 15053A   23301.29213199 -.00000167  00000+0  00000+0 0  9996
2 40938  50.7281 270.1179 0047296 194.4935 133.4427  1.00270395 29696
NAVSTAR 75 (USA 265)    
1 41019U 15062A   23301.02098872 -.00000045  00000+0  00000+0 0  9992
2 41019  56.2074  68.2084 0091584 221.6439 137.6389  2.00562150 58510
GSAT-15                 
1 41028U 15065A   23301.64503472 -.00000260  00000+0  00000+0 0  9999
2 41028   0.0536 264.9631 0003635 294.5538 162.9558  1.00270195 29142
GSAT0209 (GALILEO 12)   
1 41174U 15079A   23301.45583131  .00000062  00000+0  00000+0 0  9994
2 41174  55.3231 127.7114 0001907 346.5194  13.5344  1.70474213 48360
GSAT0208 (GALILEO 11)   
1 41175U 15079B   23298.15599965  .00000079  00000+0  00000+0 0  9997
2 41175  55.3202 127.8003 0001364   2.8233 357.2515  1.70474062 48720
IRNSS-1E                
1 41241U 16003A   23300.86288806 -.00000284  00000+0  00000+0 0  9999
2 41241  31.1013  76.9878 0021490 181.2536 200.1008  1.00266996 28426
NAVSTAR 76 (USA 266)    
1 41328U 16007A   23301.60802801  .00000062  00000+0  00000+0 0  9992
2 41328  55.0374 127.6934 0072489 233.5712 125.8128  2.00573114 56538
COSMOS 2514             
1 41330U 16008A   23301.36207948 -.00000058  00000+0  00000+0 0  9996
2 41330  65.4867 345.8468 0012550 217.2915 142.6911  2.13102491 60101
IRNSS-1F                
1 41384U 16015A   23301.18521561  .00000161  00000+0  00000+0 0  9997
2 41384   3.0445 127.2836 0019879 174.3254 193.8514  1.00277003 28019
BEIDOU-2 IGSO-6         
1 41434U 16021A   23300.75153012 -.00000185  00000+0  00000+0 0  9991
2 41434  58.8325  47.7235 0048956 219.7552 135.6053  1.00271942 27817
IRNSS-1G                
1 41469U 16027A   23300.96339097 -.00000333  00000+0  00000+0 0  9992
2 41469   2.9320 128.8440 0000848 296.1553  87.3040  1.00278648 27524
GSAT0211 (GALILEO 14)   
1 41549U 16030A   23299.45032135 -.00000026  00000+0  00000+0 0  9998
2 41549  55.4831 248.2389 0004055 329.6126  30.3267  1.70472982 46225
GSAT0210 (GALILEO 13)   
1 41550U 16030B   23300.91494899 -.00000027  00000+0  00000+0 0  9994
2 41550  55.4816 248.1997 0003499 292.4708  67.4548  1.70473142 46242
COSMOS 2516             
1 41554U 16032A   23301.00609704 -.00000004  00000+0  00000+0 0  9999
2 41554  63.8606 224.2066 0014957 212.7877 147.1314  2.13106297 57703
BEIDOU-2 G7             
1 41586U 16037A   23301.59968559 -.00000355  00000+0  00000+0 0  9998
2 41586   2.0004  69.1180 0006798 336.5533 317.4788  1.00269497 27134
EUTELSAT 117 WEST B     
1 41589U 16038B   23300.63797434 -.00000016  00000+0  00000+0 0  9992
2 41589   0.0106  92.6029 0000143 143.0968 272.7324  1.00276166 27042
GSAT0207 (GALILEO 15)   
1 41859U 16069A   23300.57648377  .00000069  00000+0  00000+0 0  9997
2 41859  54.9861 127.7945 0001634 310.3084  49.7428  1.70474161 42977
GSAT0212 (GALILEO 16)   
1 41860U 16069B   23301.60422882  .00000060  00000+0  00000+0 0  9996
2 41860  54.9844 127.7627 0001746  32.1147 327.9539  1.70474422 43245
GSAT0213 (GALILEO 17)   
1 41861U 16069C   23301.38413640  .00000062  00000+0  00000+0 0  9996
2 41861  54.9862 127.7749 0001794 255.8548 104.1849  1.70473008 43106
GSAT0214 (GALILEO 18)   
1 41862U 16069D   23301.53141611  .00000061  00000+0  00000+0 0  9999
2 41862  54.9845 127.7648 0000849 246.6077 113.4419  1.70472928 43231
SES-15                  
1 42709U 17026A   23301.48203553  .00000059  00000+0  00000+0 0  9999
2 42709   0.0120  19.5760 0000569 223.6158 197.7355  1.00267137 24484
QZS-2 (MICHIBIKI-2)     
1 42738U 17028A   23301.32051630 -.00000236  00000+0  00000+0 0  9991
2 42738  40.9576 257.0995 0744072 270.8139 121.9711  1.00250067 23499
QZS-3 (MICHIBIKI-3)     
1 42917U 17048A   23300.96286885 -.00000351  00000+0  00000+0 0  9991
2 42917   0.0565 168.8969 0001778  56.9802 283.8302  1.00266731 22603
COSMOS 2522             
1 42939U 17055A   23301.20358991 -.00000003  00000+0  00000+0 0  9993
2 42939  64.0948 224.7408 0007825 241.6334 118.2994  2.13101909 47452
QZS-4 (MICHIBIKI-4)     
1 42965U 17062A   23301.46728966 -.00000342  00000+0  00000+0 0  9997
2 42965  40.6138 355.7561 0750617 270.3460  77.7470  1.00265496 22155
BEIDOU-3 M1             
1 43001U 17069A   23300.83812433  .00000019  00000+0  00000+0 0  9999
2 43001  55.8850  95.0398 0007245 294.2234  65.6974  1.86231330 40669
BEIDOU-3 M2             
1 43002U 17069B   23301.31190440  .00000013  00000+0  00000+0 0  9995
2 43002  55.8844  95.0603 0005206 328.9109  31.0517  1.86231013 40661
GSAT0215 (GALILEO 19)   
1 43055U 17079A   23300.84665007 -.00000027  00000+0  00000+0 0  9993
2 43055  55.4585 248.0257 0002907 288.2406  71.6905  1.70473665 36564
GSAT0216 (GALILEO 20)   
1 43056U 17079B   23301.13852879 -.00000027  00000+0  00000+0 0  9992
2 43056  55.4591 248.0175 0004486 288.7289  71.1858  1.70473791 36583
GSAT0217 (GALILEO 21)   
1 43057U 17079C   23300.18573376 -.00000028  00000+0  00000+0 0  9990
2 43057  55.4575 248.0428 0004142 302.2732  57.6487  1.70473728 36555
GSAT0218 (GALILEO 22)   
1 43058U 17079D   23297.47287016 -.00000014  00000+0  00000+0 0  9996
2 43058  55.4592 248.1149 0004981 282.9320  76.9841  1.70473740 36534
BEIDOU-3 M7             
1 43107U 18003A   23301.06256144 -.00000081  00000+0  00000+0 0  9992
2 43107  55.0873 335.6396 0002539  65.4339 294.6489  1.86232335 39411
BEIDOU-3 M8             
1 43108U 18003B   23301.00110598 -.00000081  00000+0  00000+0 0  9999
2 43108  55.0803 335.6285 0004910 254.3015 105.7007  1.86230808 39429
BEIDOU-3 M4             
1 43207U 18018A   23301.44309533  .00000012  00000+0  00000+0 0  9995
2 43207  55.8440  95.1167 0003721  19.1014 340.9052  1.86231272 38817
BEIDOU-3 M3             
1 43208U 18018B   23300.97280815  .00000018  00000+0  00000+0 0  9990
2 43208  55.8431  95.1369 0004947 311.0482  48.9048  1.86231272 38805
BEIDOU-3 M9             
1 43245U 18029A   23301.19548463 -.00000080  00000+0  00000+0 0  9994
2 43245  54.9793 333.3640 0002104 250.0372 109.9940  1.86232400 37968
BEIDOU-3 M10            
1 43246U 18029B   23300.58848485 -.00000076  00000+0  00000+0 0  9999
2 43246  54.9771 333.4136 0003375 338.6518  21.3898  1.86232766 37933
IRNSS-1I                
1 43286U 18035A   23301.04215991  .00000108  00000+0  00000+0 0  9997
2 43286  29.3770  89.3358 0021386 176.4450 200.6588  1.00267956 20429
COSMOS 2527             
1 43508U 18053A   23301.16227202  .00000051  00000+0  00000+0 0  9992
2 43508  65.1137 106.1440 0007802 213.1862 146.7789  2.13102356 41753
BEIDOU-2 IGSO-7         
1 43539U 18057A   23301.36805678 -.00000083  00000+0  00000+0 0  9997
2 43539  55.1179 171.3854 0063736 229.7042 241.4837  1.00266790 19497
GSAT0221 (GALILEO 25)   
1 43564U 18060A   23300.89218513 -.00000099  00000+0  00000+0 0  9999
2 43564  57.2900   7.7572 0004795 261.7683  98.2304  1.70475919 32748
GSAT0222 (GALILEO 26)   
1 43565U 18060B   23299.35058619 -.00000096  00000+0  00000+0 0  9994
2 43565  57.2933   7.8000 0004571 231.2699 128.7394  1.70475746 32761
GSAT0219 (GALILEO 23)   
1 43566U 18060C   23300.74601631 -.00000099  00000+0  00000+0 0  9992
2 43566  57.2926   7.7643 0003875 265.7839  94.2247  1.70475993 32768
GSAT0220 (GALILEO 24)   
1 43567U 18060D   23298.62012809 -.00000094  00000+0  00000+0 0  9994
2 43567  57.2920   7.8219 0003897 259.7646 100.2405  1.70475666 32712
BEIDOU-3 M5             
1 43581U 18062A   23300.27175022 -.00000007  00000+0  00000+0 0  9998
2 43581  54.1657 215.1085 0003482 299.3156  60.6740  1.86231743 35685
BEIDOU-3 M6             
1 43582U 18062B   23301.21218170  .00000003  00000+0  00000+0 0  9991
2 43582  54.1651 215.0660 0006009  17.7278 342.3234  1.86229695 35707
BEIDOU-3 M12            
1 43602U 18067A   23301.14799637  .00000004  00000+0  00000+0 0  9994
2 43602  54.2533 213.7285 0007683  20.7651 339.2990  1.86231358 35181
BEIDOU-3 M11            
1 43603U 18067B   23301.28182844  .00000005  00000+0  00000+0 0  9997
2 43603  54.2503 213.6895 0004544  11.6926 348.3518  1.86231363 35219
BEIDOU-3 M13            
1 43622U 18072A   23300.16692136  .00000028  00000+0  00000+0 0  9995
2 43622  55.8128  94.6980 0004120 285.9045  74.0509  1.86231272 34705
BEIDOU-3 M14            
1 43623U 18072B   23301.10627125  .00000015  00000+0  00000+0 0  9993
2 43623  55.8155  94.6593 0002018 340.1625  19.8239  1.86231250 34712
BEIDOU-3 M16            
1 43647U 18078A   23301.27007273 -.00000081  00000+0  00000+0 0  9993
2 43647  54.8756 333.4796 0006322 359.4084   0.6446  1.86227170 34227
BEIDOU-3 M15            
1 43648U 18078B   23301.39924430 -.00000082  00000+0  00000+0 0  9991
2 43648  54.8712 333.4787 0003069 359.9792   0.0741  1.86232135 34247
BEIDOU-3 G1             
1 43683U 18085A   23301.25205774 -.00000278  00000+0  00000+0 0  9993
2 43683   1.6343 120.8194 0002040  10.3261 136.0439  1.00270546 18401
COSMOS 2529             
1 43687U 18086A   23301.26160488 -.00000002  00000+0  00000+0 0  9996
2 43687  64.3101 225.1888 0009505 264.7174  95.1852  2.13101989 38767
BEIDOU-3 M17            
1 43706U 18093A   23299.39924577 -.00000014  00000+0  00000+0 0  9996
2 43706  54.2484 215.0594 0008621 287.2433  72.6826  1.86231812 33550
BEIDOU-3 M18            
1 43707U 18093B   23300.33972383 -.00000006  00000+0  00000+0 0  9993
2 43707  54.2490 215.0191 0007484 318.4051  41.5629  1.86229679 33587
NAVSTAR 77 (USA 289)    
1 43873U 18109A   23300.66791103  .00000077  00000+0  00000+0 0  9997
2 43873  55.2120 130.2572 0026833 189.7793 105.8275  2.00570496 35748
BEIDOU-3 IGSO-1         
1 44204U 19023A   23301.07722016 -.00000239  00000+0  00000+0 0  9996
2 44204  57.3004  47.6787 0024301 197.7088 297.9684  1.00266014 16680
BEIDOU-2 G8             
1 44231U 19027A   23301.58238868 -.00000248  00000+0  00000+0 0  9993
2 44231   1.3762  71.0142 0004823 157.2691 162.6272  1.00273435 16422
COSMOS 2534             
1 44299U 19030A   23301.12191226 -.00000004  00000+0  00000+0 0  9997
2 44299  64.3828 225.1249 0011890 285.9759 101.0026  2.13101756 34407
BEIDOU-3 IGSO-2         
1 44337U 19035A   23301.39462510 -.00000080  00000+0  00000+0 0  9995
2 44337  55.1530 167.3161 0033029 194.7902 294.7161  1.00257499 16011
NAVSTAR 78 (USA 293)    
1 44506U 19056A   23301.36171403 -.00000100  00000+0  00000+0 0  9994
2 44506  55.8274   9.3019 0038369 188.0493 147.1395  2.00566365 30754
BEIDOU-3 M24            
1 44542U 19061A   23300.94795642  .00000000  00000+0  00000+0 0  9998
2 44542  54.4755 215.2472 0008628 354.4850   5.5336  1.86231457 27858
BEIDOU-3 M23            
1 44543U 19061B   23301.39636965  .00000004  00000+0  00000+0 0  9995
2 44543  54.4738 215.2010 0005582 344.6993 227.9141  1.86231711 27861
BEIDOU-3 IGSO-3         
1 44709U 19073A   23300.37785613 -.00000190  00000+0  00000+0 0  9991
2 44709  56.4492 291.1923 0034663 190.9201 168.9621  1.00265922 14798
BEIDOU-3 M22            
1 44793U 19078A   23300.25640102 -.00000074  00000+0  00000+0 0  9990
2 44793  54.7245 333.4753 0005044   5.5059 354.5561  1.86232032 26690
BEIDOU-3 M21            
1 44794U 19078B   23300.38683576 -.00000075  00000+0  00000+0 0  9998
2 44794  54.6982 333.4517 0003228 349.4186  10.6306  1.86232510 26709
COSMOS 2544             
1 44850U 19088A   23301.10605883  .00000052  00000+0  00000+0 0  9992
2 44850  65.0999 105.9876 0011362 247.4400 112.4538  2.13102125 30195
BEIDOU-3 M19            
1 44864U 19090A   23300.70615984  .00000021  00000+0  00000+0 0  9994
2 44864  55.7473  94.8636 0015461 272.6038 135.1900  1.86231540 26298
BEIDOU-3 M20            
1 44865U 19090B   23301.47089257  .00000010  00000+0  00000+0 0  9996
2 44865  55.7502  94.8710 0013048 287.2840   3.0034  1.86231542 26289
BEIDOU-3 G2             
1 45344U 20017A   23301.58175269 -.00000143  00000+0  00000+0 0  9999
2 45344   2.0854  19.0185 0003388 200.1136 107.0038  1.00272084 13603
COSMOS 2545             
1 45358U 20018A   23301.30296936 -.00000059  00000+0  00000+0 0  9996
2 45358  64.8271 346.0499 0011674 244.9990 114.9490  2.13102491 28142
BEIDOU-3 G3             
1 45807U 20040A   23301.59959331 -.00000357  00000+0  00000+0 0  9997
2 45807   0.5852 355.9902 0009349 311.7075  55.4412  1.00273747 12418
NAVSTAR 79 (USA 304)    
1 45854U 20041A   23301.48828076 -.00000052  00000+0  00000+0 0  9991
2 45854  55.9295  66.5878 0038258 188.1101 181.3059  2.00561952 24732
GALAXY 30 (G-30)        
1 46114U 20056C   23301.61230696  .00000035  00000+0  00000+0 0  9997
2 46114   0.0212 269.2738 0002999 307.9924 274.8906  1.00271893 11642
COSMOS 2547             
1 46805U 20075A   23300.08390180 -.00000012  00000+0  00000+0 0  9996
2 46805  64.6107 224.7319 0007196 242.6955 117.2382  2.13102735 23365
NAVSTAR 80 (USA 309)    
1 46826U 20078A   23301.25708164 -.00000030  00000+0  00000+0 0  9997
2 46826  54.2857 249.8742 0037026 194.6840 343.6160  2.00562634 22190
NAVSTAR 81 (USA 319)    
1 48859U 21054A   23301.21824661 -.00000101  00000+0  00000+0 0  9996
2 48859  55.3465  11.0678 0013756 217.0777 116.9411  2.00570347 17436
QZS-1R                  
1 49336U 21096A   23300.80699517 -.00000218  00000+0  00000+0 0  9996
2 49336  35.4655  94.0952 0747764 270.2277  97.3242  1.00274046  7352
GSAT0223 (GALILEO 27)   
1 49809U 21116A   23300.22784402 -.00000098  00000+0  00000+0 0  9994
2 49809  57.2837   7.6741 0003657 205.4383 151.5700  1.70475919 11740
GSAT0224 (GALILEO 28)   
1 49810U 21116B   23301.22788958 -.00000100  00000+0  00000+0 0  9991
2 49810  57.2847   7.6452 0002956 207.0122 156.2307  1.70475942 11798
COSMOS 2557             
1 52984U 22075A   23301.18532688 -.00000061  00000+0  00000+0 0  9990
2 52984  64.7454 348.2076 0013451 276.1569  83.7595  2.13102108 10196
COSMOS 2559             
1 54031U 22130A   23301.12748960 -.00000061  00000+0  00000+0 0  9993
2 54031  64.7168 348.3353 0007942 227.3373 132.6652  2.13101356  8167
COSMOS 2564             
1 54377U 22161A   23301.32029451 -.00000001  00000+0  00000+0 0  9993
2 54377  64.7514 224.7531 0009133 221.3230 138.6201  2.13102113  7112
NAVSTAR 82 (USA 343)    
1 55268U 23009A   23301.44075993  .00000045  00000+0  00000+0 0  9997
2 55268  55.0860 186.2937 0005237  89.4838  83.3370  2.00551842  5933
BEIDOU-3 G4             
1 56564U 23066A   23301.59160642 -.00000117  00000+0  00000+0 0  9993
2 56564   2.7092 288.6040 0005556 229.2422 251.8341  1.00270759  1747
IRNSS-1J (NVS-01)       
1 56759U 23076A   23301.17833861 -.00000343  00000+0  00000+0 0  9995
2 56759   4.6017 271.0499 0007276 344.7033 334.2834  1.00274409  1454
