NAVSTAR 43 (USA 132)    
1 24876U 97035A   23286.98426166  .00000078  00000+0  00000+0 0  9997
2 24876  55.5973 136.7952 0074153  53.1600 307.6203  2.00564431192357
NAVSTAR 47 (USA 150)    
1 26360U 00025A   23287.35467906 -.00000037  00000+0  00000+0 0  9995
2 26360  54.4670  58.9650 0041813 201.5946 156.4215  2.00568076171672
NAVSTAR 51 (USA 166)    
1 27663U 03005A   23287.47472895 -.00000003  00000+0  00000+0 0  9992
2 27663  55.2259 253.8135 0133364  44.9009  18.8687  2.00563723151729
NAVSTAR 52 (USA 168)    
1 27704U 03010A   23287.60758936 -.00000085  00000+0  00000+0 0  9992
2 27704  55.1159   3.7459 0249508 319.5472  59.8140  2.00553024150526
NAVSTAR 54 (USA 177)    
1 28190U 04009A   23287.25595924 -.00000034  00000+0  00000+0 0  9992
2 28190  55.6599 314.8813 0092421 140.4064 281.9268  2.00566180143356
NAVSTAR 56 (USA 180)    
1 28474U 04045A   23287.61925546 -.00000085  00000+0  00000+0 0  9990
2 28474  55.4425   4.0807 0163308 283.4773  95.3058  2.00556299138848
ANIK F1R                
1 28868U 05036A   23287.61511339 -.00000061  00000+0  00000+0 0  9993
2 28868   1.7909  88.4859 0002309  54.0924 354.4948  1.00268689 36668
NAVSTAR 57 (USA 183)    
1 28874U 05038A   23287.22376137 -.00000031  00000+0  00000+0 0  9991
2 28874  55.7104 312.3356 0140316 280.2340 141.4408  2.00572856132249
INMARSAT 4-F2           
1 28899U 05044A   23278.94424344 -.00000024  00000+0  00000+0 0  9990
2 28899   3.8913  40.9277 0006145  43.1630 334.3200  1.00395805 65629
NAVSTAR 58 (USA 190)    
1 29486U 06042A   23287.44453801  .00000028  00000+0  00000+0 0  9990
2 29486  54.6805 190.0666 0104027  33.4862  88.6831  2.00567682124802
NAVSTAR 59 (USA 192)    
1 29601U 06052A   23287.19873727 -.00000005  00000+0  00000+0 0  9991
2 29601  55.2481 252.7865 0083916  79.4720 281.4455  2.00551689123816
NAVSTAR 60 (USA 196)    
1 32260U 07047A   23287.01460014  .00000069  00000+0  00000+0 0  9992
2 32260  53.4838 120.4956 0152583  71.6275 290.1089  2.00549645117211
COSMOS 2433             
1 32275U 07052A   23287.38876340 -.00000050  00000+0  00000+0 0  9998
2 32275  66.0108 348.6041 0004928 235.8362 124.1911  2.13104189124241
COSMOS 2432             
1 32276U 07052B   23287.51928101 -.00000050  00000+0  00000+0 0  9997
2 32276  66.0252 348.7092 0009530 312.5389  94.5526  2.13103324124270
NAVSTAR 61 (USA 199)    
1 32384U 07062A   23287.55349624 -.00000031  00000+0  00000+0 0  9998
2 32384  55.8432 313.1496 0024437 152.1818   8.1906  2.00560856115926
COSMOS 2434             
1 32393U 07065A   23287.29622420  .00000007  00000+0  00000+0 0  9992
2 32393  64.3330 224.9488 0001624  68.2420 112.0996  2.13103103122954
COSMOS 2436             
1 32395U 07065C   23286.65115892  .00000000  00000+0  00000+0 0  9996
2 32395  64.3417 225.0328 0016224 357.4760 183.4599  2.13102758122898
NAVSTAR 62 (USA 201)    
1 32711U 08012A   23286.92741580  .00000023  00000+0  00000+0 0  9995
2 32711  54.4485 188.9089 0177765 236.0924 122.2632  2.00558563114152
NAVSTAR 64 (USA 206)    
1 35752U 09043A   23287.41513628 -.00000020  00000+0  00000+0 0  9991
2 35752  55.4687  66.1176 0057635  70.0444 298.5419  2.00555754103770
COSMOS 2456             
1 36111U 09070A   23287.31950234  .00000073  00000+0  00000+0 0  9995
2 36111  64.5073 104.4330 0001302 338.9033  17.8921  2.13099173107606
COSMOS 2457             
1 36112U 09070B   23287.61549175  .00000072  00000+0  00000+0 0  9996
2 36112  64.4922 104.2872 0006536 147.4525 207.5162  2.13101355107613
COSMOS 2460             
1 36402U 10007C   23287.22387976 -.00000050  00000+0  00000+0 0  9993
2 36402  65.8724 347.3182 0002026 229.7151 173.6811  2.13106362105911
NAVSTAR 65 (USA 213)    
1 36585U 10022A   23287.48319403 -.00000003  00000+0  00000+0 0  9998
2 36585  54.5482 247.9656 0110793  59.7133 115.5739  2.00564041 98005
BEIDOU-2 IGSO-1         
1 36828U 10036A   23287.37427587 -.00000084  00000+0  00000+0 0  9993
2 36828  54.2326 171.8056 0037654 192.1459 258.2236  1.00299183 48413
QZS-1 (MICHIBIKI-1)     
1 37158U 10045A   23287.19962750  .00000065  00000+0  00000+0 0  9994
2 37158  42.9224 127.2192 0003797 105.5662  81.3981  0.87715780 47828
BEIDOU-2 G4             
1 37210U 10057A   23287.57843694 -.00000100  00000+0  00000+0 0  9994
2 37210   1.2651  62.5688 0007179 164.0171 164.5496  1.00272677 47490
BEIDOU-2 IGSO-2         
1 37256U 10068A   23287.27538823 -.00000190  00000+0  00000+0 0  9997
2 37256  49.3395 283.8210 0031726 214.2693  91.9991  1.00271175 46998
BEIDOU-2 IGSO-3         
1 37384U 11013A   23287.29176437 -.00000180  00000+0  00000+0 0  9990
2 37384  60.9984  49.5101 0028439 177.6526   8.5426  1.00271782 45869
GSAT-8                  
1 37605U 11022A   23287.51021552  .00000095  00000+0  00000+0 0  9992
2 37605   0.0506  62.4226 0007015 190.3138   8.8505  1.00272674 43422
NAVSTAR 66 (USA 232)    
1 37753U 11036A   23287.21112528 -.00000087  00000+0  00000+0 0  9994
2 37753  56.7482   9.9225 0126859  56.3456   8.9431  2.00569009 89683
BEIDOU-2 IGSO-4         
1 37763U 11038A   23287.47741992 -.00000035  00000+0  00000+0 0  9991
2 37763  54.5064 174.3564 0111793 227.5753 247.7248  1.00266001 44856
GSAT0101 (GALILEO-PFM)  
1 37846U 11060A   23287.18453108 -.00000086  00000+0  00000+0 0  9991
2 37846  57.1131   8.2214 0000370  25.8502 334.1968  1.70476031 74461
GSAT0102 (GALILEO-FM2)  
1 37847U 11060B   23286.51004534 -.00000088  00000+0  00000+0 0  9995
2 37847  57.1136   8.2394 0002103 301.6101  50.6794  1.70475476 74450
COSMOS 2476             
1 37867U 11064A   23287.24818811  .00000076  00000+0  00000+0 0  9999
2 37867  64.7868 105.9777 0021354 230.1333 341.6063  2.13101768 92944
COSMOS 2477             
1 37868U 11064B   23285.72969826  .00000081  00000+0  00000+0 0  9990
2 37868  64.7942 106.0995 0018550 230.2178  74.4582  2.13101716 92900
COSMOS 2475             
1 37869U 11064C   23287.05781272  .00000077  00000+0  00000+0 0  9991
2 37869  64.8012 106.0668 0022478 248.7610 313.3196  2.13101944 92949
BEIDOU-2 IGSO-5         
1 37948U 11073A   23287.37844369 -.00000138  00000+0  00000+0 0  9990
2 37948  49.4653 283.4896 0094647 221.1316 109.3359  1.00263624 43337
LUCH-5A                 
1 37951U 11074B   23287.56326153 -.00000032  00000+0  00000+0 0  9995
2 37951   6.2449  89.0005 0004091  97.2838 206.2688  1.00272263 43254
BEIDOU-2 G5             
1 38091U 12008A   23287.51021552  .00000068  00000+0  00000+0 0  9997
2 38091   1.8040  69.0134 0005594 181.9221  14.2513  1.00273923 42577
BEIDOU-2 M3             
1 38250U 12018A   23286.39621020 -.00000068  00000+0  00000+0 0  9997
2 38250  56.4895 337.5789 0024826 257.6979 102.0959  1.86231299 77737
BEIDOU-2 M4             
1 38251U 12018B   23287.40139310 -.00000064  00000+0  00000+0 0  9993
2 38251  56.3992 336.8356 0015748 258.5119 101.3836  1.86231987 77758
SES-5                   
1 38652U 12036A   23286.68137435  .00000042  00000+0  00000+0 0  9998
2 38652   0.0499 299.4325 0001860 262.6827  70.1582  1.00272409 34689
BEIDOU-2 M6             
1 38775U 12050B   23287.11113205  .00000046  00000+0  00000+0 0  9992
2 38775  55.7225  95.4338 0010704 339.6729  20.3169  1.86231247 75110
GSAT-10                 
1 38779U 12051B   23287.55672601 -.00000155  00000+0  00000+0 0  9997
2 38779   0.0550  91.7304 0003339 161.8938  52.6806  1.00271771 40326
NAVSTAR 67 (USA 239)    
1 38833U 12053A   23286.60411375  .00000025  00000+0  00000+0 0  9999
2 38833  53.5100 183.5886 0144578  52.7555 308.6214  2.00567941 79833
GSAT0103 (GALILEO-FM3)  
1 38857U 12055A   23286.05056093  .00000072  00000+0  00000+0 0  9990
2 38857  55.2978 128.4278 0002081 246.3602 113.7201  1.70473775 68331
GSAT0104 (GALILEO-FM4)  
1 38858U 12055B   23287.19312505  .00000077  00000+0  00000+0 0  9995
2 38858  55.2983 128.3978 0001174 142.2090 217.8995  1.70474004 68355
BEIDOU-2 G6             
1 38953U 12059A   23287.55690005 -.00000163  00000+0  00000+0 0  9996
2 38953   1.9264  81.7569 0006866 301.2256 284.3978  1.00270197 40117
LUCH-5B                 
1 38977U 12061A   23287.17861272 -.00000121  00000+0  00000+0 0  9993
2 38977   8.3431  58.7860 0005457 129.0057 242.6980  1.00273222 39826
COSMOS 2485             
1 39155U 13019A   23287.38340199  .00000077  00000+0  00000+0 0  9998
2 39155  64.9469 106.5053 0021907 226.1233 133.7453  2.13101910 81464
NAVSTAR 68 (USA 242)    
1 39166U 13023A   23287.46439000 -.00000028  00000+0  00000+0 0  9991
2 39166  55.3251 308.5059 0115228  41.5562 319.3636  2.00564282 76294
IRNSS-1A                
1 39199U 13034A   23285.00813442  .00000111  00000+0  00000+0 0  9995
2 39199  33.5121  78.1314 0021312 180.2649 179.9760  1.00277493 37553
NAVSTAR 69 (USA 248)    
1 39533U 14008A   23286.96631356  .00000023  00000+0  00000+0 0  9999
2 39533  53.5965 189.1371 0067060 215.4973 144.1126  2.00553973 70086
ASTRA 5B                
1 39617U 14011B   23287.54480391  .00000148  00000+0  00000+0 0  9990
2 39617   0.0692 307.5266 0003485 274.7048  20.2419  1.00273732 34871
COSMOS 2492             
1 39620U 14012A   23287.33893352 -.00000049  00000+0  00000+0 0  9998
2 39620  65.7558 346.9271 0012691 311.4026  48.5637  2.13103223 74423
IRNSS-1B                
1 39635U 14017A   23285.00813442  .00000089  00000+0  00000+0 0  9996
2 39635  28.6316 257.0326 0018702 190.6731 350.6579  1.00276744 34973
LUCH-5V                 
1 39727U 14023A   23287.55898859 -.00000257  00000+0  00000+0 0  9990
2 39727   2.6751  77.0963 0003467 157.5577  84.1190  1.00276537 34562
NAVSTAR 70 (USA 251)    
1 39741U 14026A   23287.24792805 -.00000086  00000+0  00000+0 0  9999
2 39741  56.7002   9.4430 0030297 309.6431  50.1337  2.00554455 68949
COSMOS 2500             
1 40001U 14032A   23287.05243763 -.00000050  00000+0  00000+0 0  9991
2 40001  65.6940 346.7611 0008559 209.5034 150.5228  2.13105989 72634
NAVSTAR 71 (USA 256)    
1 40105U 14045A   23286.83260045  .00000076  00000+0  00000+0 0  9994
2 40105  54.8280 127.4933 0027167 114.3761 245.9990  2.00549619 66471
GSAT0201 (GALILEO 5)    
1 40128U 14050A   23287.22856957 -.00000051  00000+0  00000+0 0  9996
2 40128  49.8999 312.9702 1607486 141.8855 230.6708  1.85519467 60191
GSAT0202 (GALILEO 6)    
1 40129U 14050B   23287.48780913 -.00000050  00000+0  00000+0 0  9992
2 40129  49.9186 312.0321 1605504 142.7057 229.6187  1.85520175 62360
IRNSS-1C                
1 40269U 14061A   23287.55663898 -.00000147  00000+0  00000+0 0  9996
2 40269   4.0596 111.4808 0019478   6.6692 188.1065  1.00271077 32894
NAVSTAR 72 (USA 258)    
1 40294U 14068A   23286.70821652 -.00000013  00000+0  00000+0 0  9993
2 40294  56.2125  68.9178 0049017  62.7760 297.7203  2.00574461 65606
COSMOS 2501             
1 40315U 14075A   23287.30275729  .00000007  00000+0  00000+0 0  9992
2 40315  63.6359 224.2676 0019279 209.5713 150.3129  2.13101293 69032
NAVSTAR 73 (USA 260)    
1 40534U 15013A   23287.34616425 -.00000006  00000+0  00000+0 0  9994
2 40534  53.4465 244.6322 0082448  26.0274 334.3554  2.00552254 62230
GSAT0203 (GALILEO 7)    
1 40544U 15017A   23286.96389015 -.00000087  00000+0  00000+0 0  9997
2 40544  56.9076   8.1952 0006633 250.8890 109.0836  1.70476294 52540
GSAT0204 (GALILEO 8)    
1 40545U 15017B   23287.21764762 -.00000086  00000+0  00000+0 0  9992
2 40545  56.9143   8.2025 0004464 226.0053 134.0032  1.70475779 15591
IRNSS-1D                
1 40547U 15018A   23287.34743660 -.00000291  00000+0  00000+0 0  9991
2 40547  27.9932 256.9581 0018871 187.3567 175.1549  1.00269692 31193
BEIDOU-3S IGSO-1S       
1 40549U 15019A   23287.54424352 -.00000121  00000+0  00000+0 0  9992
2 40549  51.0288 307.0981 0040549 197.5538 164.5165  1.00248875 31283
NAVSTAR 74 (USA 262)    
1 40730U 15033A   23287.00944558 -.00000028  00000+0  00000+0 0  9992
2 40730  54.8132 307.1190 0086793  14.0030 346.2839  2.00553206 60397
BEIDOU-3S M2S           
1 40748U 15037A   23287.06680723 -.00000065  00000+0  00000+0 0  9993
2 40748  55.6387 335.4214 0012567 247.0053 112.9334  1.86233272 55921
BEIDOU-3S M1S           
1 40749U 15037B   23287.33696428 -.00000064  00000+0  00000+0 0  9992
2 40749  55.6416 335.3986 0004818 296.1677  63.8542  1.86233007 55939
GSAT0205 (GALILEO 9)    
1 40889U 15045A   23285.81243384 -.00000003  00000+0  00000+0 0  9999
2 40889  55.3443 248.6337 0004249   6.4616 353.5037  1.70473105 50335
GSAT0206 (GALILEO 10)   
1 40890U 15045B   23286.03310890 -.00000003  00000+0  00000+0 0  9993
2 40890  55.3433 248.6231 0002761 342.6718  17.2782  1.70473109 50362
BEIDOU-3S IGSO-2S       
1 40938U 15053A   23287.41618448 -.00000136  00000+0  00000+0 0  9995
2 40938  50.7509 270.2791 0047295 194.9848 163.8914  1.00274159 29552
NAVSTAR 75 (USA 265)    
1 41019U 15062A   23287.06063078 -.00000013  00000+0  00000+0 0  9994
2 41019  56.1959  68.7548 0090954 221.3779 137.9291  2.00562252 58232
GSAT-15                 
1 41028U 15065A   23287.41548829 -.00000248  00000+0  00000+0 0  9998
2 41028   0.0531  89.0365 0002269 105.3710  71.3982  1.00270792 29002
GSAT0209 (GALILEO 12)   
1 41174U 15079A   23286.79132679  .00000075  00000+0  00000+0 0  9994
2 41174  55.3161 128.1146 0002094 345.4156  14.6792  1.70474304 48119
GSAT0208 (GALILEO 11)   
1 41175U 15079B   23285.25121386  .00000067  00000+0  00000+0 0  9999
2 41175  55.3136 128.1550 0001758 356.8699   3.2306  1.70474192 48508
IRNSS-1E                
1 41241U 16003A   23287.34743660 -.00000265  00000+0  00000+0 0  9999
2 41241  31.0699  77.1905 0021215 180.1068   2.3168  1.00273371 28280
NAVSTAR 76 (USA 266)    
1 41328U 16007A   23287.15001766  .00000076  00000+0  00000+0 0  9991
2 41328  55.0312 128.2680 0072068 233.5712 125.8521  2.00573873 56245
COSMOS 2514             
1 41330U 16008A   23286.81499075 -.00000051  00000+0  00000+0 0  9995
2 41330  65.4910 346.3405 0012466 214.5398 145.4532  2.13102663 59792
IRNSS-1F                
1 41384U 16015A   23287.54654437  .00000173  00000+0  00000+0 0  9992
2 41384   3.0156 127.9171 0019329 173.5076 310.5767  1.00269481 27872
BEIDOU-2 IGSO-6         
1 41434U 16021A   23286.84099212 -.00000158  00000+0  00000+0 0  9995
2 41434  58.8128  47.8663 0048764 219.2254 154.6258  1.00275461 27688
IRNSS-1G                
1 41469U 16027A   23287.56595039 -.00000320  00000+0  00000+0 0  9998
2 41469   2.9042 129.4877 0001059   4.4548 222.2520  1.00270511 27383
GSAT0211 (GALILEO 14)   
1 41549U 16030A   23287.13197111  .00000000  00000+0  00000+0 0  9997
2 41549  55.4900 248.5775 0004051 322.6259  37.3049  1.70473158 46018
GSAT0210 (GALILEO 13)   
1 41550U 16030B   23286.25027106 -.00000002  00000+0  00000+0 0  9990
2 41550  55.4899 248.6028 0003780 287.1548  72.7630  1.70473449 45991
COSMOS 2516             
1 41554U 16032A   23286.92860395  .00000003  00000+0  00000+0 0  9995
2 41554  63.8625 224.6925 0015133 213.5393 146.3560  2.13106428 57408
BEIDOU-2 G7             
1 41586U 16037A   23287.60466137 -.00000342  00000+0  00000+0 0  9994
2 41586   1.9652  68.9171 0007338 341.9069 300.2390  1.00277870 26999
EUTELSAT 117 WEST B     
1 41589U 16038B   23287.21295884 -.00000002  00000+0  00000+0 0  9997
2 41589   0.0148  69.2728 0000205  51.2340 221.6743  1.00271640 26901
GSAT0207 (GALILEO 15)   
1 41859U 16069A   23285.91198029  .00000070  00000+0  00000+0 0  9993
2 41859  54.9789 128.2011 0001889 314.1743  45.9121  1.70474249 42720
GSAT0212 (GALILEO 16)   
1 41860U 16069B   23286.93975528  .00000075  00000+0  00000+0 0  9990
2 41860  54.9772 128.1696 0001905  25.1878 334.9220  1.70474455 42998
GSAT0213 (GALILEO 17)   
1 41861U 16069C   23286.71954313  .00000074  00000+0  00000+0 0  9995
2 41861  54.9791 128.1817 0001833 262.7580  97.3221  1.70473114 42851
GSAT0214 (GALILEO 18)   
1 41862U 16069D   23286.86681376  .00000075  00000+0  00000+0 0  9999
2 41862  54.9773 128.1715 0000884 263.1458  96.9448  1.70473061 42984
SES-15                  
1 42709U 17026A   23287.60207035  .00000071  00000+0  00000+0 0  9999
2 42709   0.0448  50.3618 0000277 137.3165 282.8155  1.00269421 24355
QZS-2 (MICHIBIKI-2)     
1 42738U 17028A   23285.24754345 -.00000200  00000+0  00000+0 0  9997
2 42738  40.9841 257.3268 0746557 270.5951  81.0689  1.00254702 23321
QZS-3 (MICHIBIKI-3)     
1 42917U 17048A   23287.59285725 -.00000337  00000+0  00000+0 0  9990
2 42917   0.0553 206.2157 0001509 355.2658 161.9035  1.00274585 22461
COSMOS 2522             
1 42939U 17055A   23287.12579135  .00000005  00000+0  00000+0 0  9993
2 42939  64.0967 225.2226 0008433 242.5154 117.3900  2.13102055 47150
QZS-4 (MICHIBIKI-4)     
1 42965U 17062A   23287.48078900 -.00000305  00000+0  00000+0 0  9997
2 42965  40.6195 355.9353 0749789 270.0802  69.2936  1.00270317 22010
BEIDOU-3 M1             
1 43001U 17069A   23287.41436985  .00000046  00000+0  00000+0 0  9991
2 43001  55.8740  95.4882 0007147 296.5159  63.4418  1.86231637 40413
BEIDOU-3 M2             
1 43002U 17069B   23286.81423518  .00000047  00000+0  00000+0 0  9994
2 43002  55.8729  95.5441 0005299 332.2773  27.7286  1.86231208 40396
GSAT0215 (GALILEO 19)   
1 43055U 17079A   23286.18201251 -.00000002  00000+0  00000+0 0  9993
2 43055  55.4672 248.4288 0003233 282.1575  77.7655  1.70473868 36319
GSAT0216 (GALILEO 20)   
1 43056U 17079B   23287.06048444  .00000000  00000+0  00000+0 0  9992
2 43056  55.4670 248.4045 0004814 284.6084  75.2971  1.70473986 36345
GSAT0217 (GALILEO 21)   
1 43057U 17079C   23286.69427101 -.00000001  00000+0  00000+0 0  9994
2 43057  55.4650 248.4137 0004323 298.5702  61.3451  1.70473985 36328
GSAT0218 (GALILEO 22)   
1 43058U 17079D   23286.32773562 -.00000002  00000+0  00000+0 0  9991
2 43058  55.4654 248.4212 0005254 280.0333  79.8665  1.70473964 36347
BEIDOU-3 M7             
1 43107U 18003A   23287.10188491 -.00000067  00000+0  00000+0 0  9993
2 43107  55.0952 336.1192 0002706  71.1220 288.9780  1.86232565 39154
BEIDOU-3 M8             
1 43108U 18003B   23285.96640601 -.00000070  00000+0  00000+0 0  9996
2 43108  55.0889 336.1452 0004699 250.6823 109.3368  1.86231043 39146
BEIDOU-3 M4             
1 43207U 18018A   23287.48239113  .00000046  00000+0  00000+0 0  9995
2 43207  55.8327  95.5834 0004010  20.5270 339.5200  1.86231570 38559
BEIDOU-3 M3             
1 43208U 18018B   23287.01210490  .00000047  00000+0  00000+0 0  9993
2 43208  55.8318  95.6036 0004963 314.5177  45.4750  1.86231554 38548
BEIDOU-3 M9             
1 43245U 18029A   23287.23482336 -.00000064  00000+0  00000+0 0  9990
2 43245  54.9880 333.8455 0001830 241.2763 118.7757  1.86232830 37708
BEIDOU-3 M10            
1 43246U 18029B   23287.16479635 -.00000064  00000+0  00000+0 0  9991
2 43246  54.9851 333.8760 0003104 341.2318  18.8272  1.86232994 37689
IRNSS-1I                
1 43286U 18035A   23287.55098251  .00000125  00000+0  00000+0 0  9993
2 43286  29.3437  89.5502 0021183 177.4910   9.2120  1.00275135 20286
COSMOS 2527             
1 43508U 18053A   23287.08453413  .00000078  00000+0  00000+0 0  9990
2 43508  65.1080 106.6163 0007609 212.9962 147.0077  2.13102465 41452
BEIDOU-2 IGSO-7         
1 43539U 18057A   23287.47325557 -.00000095  00000+0  00000+0 0  9998
2 43539  55.1169 171.5079 0063619 230.1367 265.3427  1.00271628 19354
GSAT0221 (GALILEO 25)   
1 43564U 18060A   23282.70805994 -.00000103  00000+0  00000+0 0  9999
2 43564  57.2884   8.2479 0003648 255.1165 104.8749  1.70476387 32432
GSAT0222 (GALILEO 26)   
1 43565U 18060B   23281.75302228 -.00000106  00000+0  00000+0 0  9999
2 43565  57.2920   8.2745 0004252 224.4666 135.5296  1.70476095 32464
GSAT0219 (GALILEO 23)   
1 43566U 18060C   23286.08140677 -.00000090  00000+0  00000+0 0  9991
2 43566  57.2914   8.1602 0003234 260.9258  99.0791  1.70476322 32513
GSAT0220 (GALILEO 24)   
1 43567U 18060D   23286.88843447 -.00000086  00000+0  00000+0 0  9990
2 43567  57.2910   8.1392 0003476 256.8221 103.1836  1.70476286 32514
BEIDOU-3 M5             
1 43581U 18062A   23286.31107726 -.00000010  00000+0  00000+0 0  9996
2 43581  54.1692 215.5845 0004082 293.7667  66.1867  1.86232037 35424
BEIDOU-3 M6             
1 43582U 18062B   23287.25135078  .00000003  00000+0  00000+0 0  9993
2 43582  54.1686 215.5422 0005792  11.0505 348.9637  1.86229937 35443
BEIDOU-3 M12            
1 43602U 18067A   23287.18729206  .00000003  00000+0  00000+0 0  9995
2 43602  54.2565 214.2030 0007499  18.1913 341.8393  1.86231529 34924
BEIDOU-3 M11            
1 43603U 18067B   23286.24721773 -.00000010  00000+0  00000+0 0  9992
2 43603  54.2537 214.2006 0004425   6.9131 353.0914  1.86231500 34934
BEIDOU-3 M13            
1 43622U 18072A   23284.05842522  .00000050  00000+0  00000+0 0  9995
2 43622  55.7998  95.2365 0003978 290.4342  69.5660  1.86231574 34403
BEIDOU-3 M14            
1 43623U 18072B   23286.60862588  .00000047  00000+0  00000+0 0  9999
2 43623  55.8038  95.1441 0002181 348.1094  11.9199  1.86231534 34442
BEIDOU-3 M16            
1 43647U 18078A   23287.30902233 -.00000064  00000+0  00000+0 0  9991
2 43647  54.8841 333.9618 0006108   1.4991 358.5731  1.86227390 33969
BEIDOU-3 M15            
1 43648U 18078B   23286.90161764 -.00000065  00000+0  00000+0 0  9994
2 43648  54.8800 333.9794 0002866   4.7772 355.2959  1.86232337 33974
BEIDOU-3 G1             
1 43683U 18085A   23287.58730010 -.00000265  00000+0  00000+0 0  9994
2 43683   1.6016 121.6912 0002724   1.7979 250.8377  1.00276511 18262
COSMOS 2529             
1 43687U 18086A   23287.18379955  .00000006  00000+0  00000+0 0  9994
2 43687  64.3121 225.6668 0010122 264.0837  95.7916  2.13102064 38465
BEIDOU-3 M17            
1 43706U 18093A   23287.04942963  .00000000  00000+0  00000+0 0  9998
2 43706  54.2516 215.4796 0009176 285.9063  73.9931  1.86232105 33348
BEIDOU-3 M18            
1 43707U 18093B   23286.37889196 -.00000009  00000+0  00000+0 0  9992
2 43707  54.2524 215.4941 0007907 314.5056  45.4265  1.86229964 33322
NAVSTAR 77 (USA 289)    
1 43873U 18109A   23287.02588507  .00000077  00000+0  00000+0 0  9993
2 43873  55.2062 130.7965 0026452 189.7636 335.2598  2.00570410 35470
BEIDOU-3 IGSO-1         
1 44204U 19023A   23286.80737810 -.00000210  00000+0  00000+0 0  9996
2 44204  57.2798  47.8302 0024287 197.0210 187.7012  1.00271013 16548
BEIDOU-2 G8             
1 44231U 19027A   23287.56922270 -.00000234  00000+0  00000+0 0  9996
2 44231   2.0565  80.9457 0006868 136.2918 155.1175  1.00271754 16284
COSMOS 2534             
1 44299U 19030A   23287.47579497  .00000009  00000+0  00000+0 0  9992
2 44299  64.3849 225.5870 0012462 284.5522  73.5898  2.13101965 34102
BEIDOU-3 IGSO-2         
1 44337U 19035A   23287.56403590 -.00000090  00000+0  00000+0 0  9991
2 44337  55.1513 167.4386 0032780 195.1161 342.3231  1.00262374 15876
NAVSTAR 78 (USA 293)    
1 44506U 19056A   23287.41318852 -.00000087  00000+0  00000+0 0  9998
2 44506  55.8257   9.8554 0038060 187.2411 156.3242  2.00566489 30472
BEIDOU-3 M24            
1 44542U 19061A   23286.45029162 -.00000008  00000+0  00000+0 0  9993
2 44542  54.4791 215.7374 0008576 349.9728  10.0066  1.86231530 27582
BEIDOU-3 M23            
1 44543U 19061B   23287.32832263  .00000004  00000+0  00000+0 0  9990
2 44543  54.4773 215.6770 0005762 338.1109 162.4905  1.86231962 27605
BEIDOU-3 IGSO-3         
1 44709U 19073A   23287.41289477 -.00000161  00000+0  00000+0 0  9995
2 44709  56.4696 291.3285 0034957 190.8607 169.0667  1.00269904 14664
BEIDOU-3 M22            
1 44793U 19078A   23287.36962132 -.00000064  00000+0  00000+0 0  9995
2 44793  54.7323 333.9219 0004864   8.4936 351.5847  1.86232283 26450
BEIDOU-3 M21            
1 44794U 19078B   23286.96314128 -.00000065  00000+0  00000+0 0  9998
2 44794  54.7063 333.9172 0003002 352.8676   7.1983  1.86232747 26450
COSMOS 2544             
1 44850U 19088A   23287.02830565  .00000078  00000+0  00000+0 0  9991
2 44850  65.0940 106.4601 0011174 247.9568 111.9757  2.13102227 29899
BEIDOU-3 M19            
1 44864U 19090A   23285.67844253  .00000049  00000+0  00000+0 0  9995
2 44864  55.7356  95.3672 0015227 273.4489 138.9844  1.86231939 26013
BEIDOU-3 M20            
1 44865U 19090B   23287.41601657  .00000045  00000+0  00000+0 0  9995
2 44865  55.7387  95.3421 0012922 288.3299 298.8437  1.86231840 26029
BEIDOU-3 G2             
1 45344U 20017A   23287.55611685 -.00000130  00000+0  00000+0 0  9992
2 45344   2.0749  18.2443 0003141 185.4734  99.3905  1.00271891 13465
COSMOS 2545             
1 45358U 20018A   23287.22517068 -.00000051  00000+0  00000+0 0  9994
2 45358  64.8311 346.5391 0011330 242.5938 117.3651  2.13102672 27841
BEIDOU-3 G3             
1 45807U 20040A   23287.60466137 -.00000344  00000+0  00000+0 0  9995
2 45807   0.5912 352.5453 0007844 315.5340  43.0525  1.00268694 12271
NAVSTAR 79 (USA 304)    
1 45854U 20041A   23287.45283024 -.00000017  00000+0  00000+0 0  9990
2 45854  55.9180  67.1415 0037820 187.6311 127.5851  2.00562457 24441
GALAXY 30 (G-30)        
1 46114U 20056C   23287.60531628  .00000048  00000+0  00000+0 0  9992
2 46114   0.0215 233.6088 0002647 330.2245 271.9696  1.00271219 11504
COSMOS 2547             
1 46805U 20075A   23287.41391617  .00000009  00000+0  00000+0 0  9998
2 46805  64.6125 225.1571 0007597 243.3396 116.5749  2.13102836 23093
NAVSTAR 80 (USA 309)    
1 46826U 20078A   23287.54715352 -.00000003  00000+0  00000+0 0  9999
2 46826  54.2935 250.4312 0036682 195.0126 164.0132  2.00562832 21910
NAVSTAR 81 (USA 319)    
1 48859U 21054A   23287.27941602 -.00000088  00000+0  00000+0 0  9994
2 48859  55.3444  11.6274 0013382 215.4268 133.7237  2.00571547 17158
QZS-1R                  
1 49336U 21096A   23287.20539906 -.00000186  00000+0  00000+0 0  9993
2 49336  35.4355  94.3034 0746340 270.0073 227.1973  1.00279594  7216
GSAT0223 (GALILEO 27)   
1 49809U 21116A   23287.33027573 -.00000085  00000+0  00000+0 0  9995
2 49809  57.2826   8.0229 0003721 205.9346 155.5384  1.70476401 11536
GSAT0224 (GALILEO 28)   
1 49810U 21116B   23279.50556902 -.00000111  00000+0  00000+0 0  9990
2 49810  57.2829   8.2311 0002917 191.6737 160.0776  1.70476466 11410
COSMOS 2557             
1 52984U 22075A   23287.10750312 -.00000054  00000+0  00000+0 0  9993
2 52984  64.7491 348.6983 0013038 275.4892  84.4346  2.13102344  9899
COSMOS 2559             
1 54031U 22130A   23286.11108960 -.00000058  00000+0  00000+0 0  9990
2 54031  64.7207 348.8592 0007793 224.2083 135.7993  2.13101581  7845
COSMOS 2564             
1 54377U 22161A   23287.24247682  .00000007  00000+0  00000+0 0  9990
2 54377  64.7531 225.2231 0009649 223.2779 136.6379  2.13102223  6817
NAVSTAR 82 (USA 343)    
1 55268U 23009A   23287.54552144  .00000033  00000+0  00000+0 0  9996
2 55268  55.0864 186.8385 0005004  88.7590 131.5270  2.00553131  5656
BEIDOU-3 G4             
1 56564U 23066A   23287.57827875 -.00000105  00000+0  00000+0 0  9999
2 56564   2.7465 288.6524 0005990 223.2498 239.1996  1.00272073  1608
IRNSS-1J (NVS-01)       
1 56759U 23076A   23287.42262413 -.00000333  00000+0  00000+0 0  9994
2 56759   4.6388 271.3162 0007285 348.1966  44.9033  1.00268072  1329
