NAVSTAR 43 (USA 132)    
1 24876U 97035A   23294.96146899  .00000071  00000+0  00000+0 0  9999
2 24876  55.5998 136.4835 0074391  53.2936 307.4631  2.00564352192511
NAVSTAR 47 (USA 150)    
1 26360U 00025A   23295.34457726 -.00000022  00000+0  00000+0 0  9996
2 26360  54.4734  58.6382 0041851 202.1763 165.0804  2.00567324171842
NAVSTAR 51 (USA 166)    
1 27663U 03005A   23295.59379262  .00000007  00000+0  00000+0 0  9991
2 27663  55.2213 253.4908 0133738  44.9739 121.1768  2.00563120151884
NAVSTAR 52 (USA 168)    
1 27704U 03010A   23295.59377522 -.00000083  00000+0  00000+0 0  9995
2 27704  55.1150   3.4234 0249875 319.7425  65.7327  2.00553225150685
NAVSTAR 54 (USA 177)    
1 28190U 04009A   23295.23535804 -.00000017  00000+0  00000+0 0  9991
2 28190  55.6538 314.5638 0092326 140.6905 283.2216  2.00565724143510
NAVSTAR 56 (USA 180)    
1 28474U 04045A   23295.60353681 -.00000083  00000+0  00000+0 0  9991
2 28474  55.4426   3.7609 0163599 283.7448  99.8623  2.00556368139002
ANIK F1R                
1 28868U 05036A   23295.52566149 -.00000074  00000+0  00000+0 0  9995
2 28868   1.8120  88.3930 0001786  72.0696 312.2079  1.00271370 36744
NAVSTAR 57 (USA 183)    
1 28874U 05038A   23295.63562691 -.00000014  00000+0  00000+0 0  9998
2 28874  55.7038 312.0011 0140405 280.4232  95.2950  2.00572081132418
INMARSAT 4-F2           
1 28899U 05044A   23295.61757409 -.00000341  00000+0  00000+0 0  9996
2 28899   3.9169  41.1036 0003253 191.1624 116.6038  1.00836824 65804
NAVSTAR 58 (USA 190)    
1 29486U 06042A   23295.41352727  .00000007  00000+0  00000+0 0  9998
2 29486  54.6799 189.7507 0104189  33.7811  82.5389  2.00567175124964
NAVSTAR 59 (USA 192)    
1 29601U 06052A   23295.17650058  .00000012  00000+0  00000+0 0  9995
2 29601  55.2439 252.4700 0084131  79.5009 281.4373  2.00552008123977
NAVSTAR 60 (USA 196)    
1 32260U 07047A   23294.99233886  .00000070  00000+0  00000+0 0  9994
2 32260  53.4880 120.1649 0152723  71.8177 289.8949  2.00549119117376
COSMOS 2433             
1 32275U 07052A   23295.36615009 -.00000048  00000+0  00000+0 0  9995
2 32275  66.0087 348.3386 0005109 239.2098 120.8069  2.13103988124414
COSMOS 2432             
1 32276U 07052B   23295.54703916 -.00000048  00000+0  00000+0 0  9991
2 32276  66.0230 348.4422 0009869 311.9300 133.7694  2.13103135124442
NAVSTAR 61 (USA 199)    
1 32384U 07062A   23295.48947686 -.00000015  00000+0  00000+0 0  9993
2 32384  55.8372 312.8352 0024324 152.3318 338.1239  2.00561055116083
COSMOS 2434             
1 32393U 07065A   23295.27102802  .00000007  00000+0  00000+0 0  9996
2 32393  64.3319 224.6784 0001993  68.7634 109.6135  2.13103002123123
COSMOS 2436             
1 32395U 07065C   23295.49770587  .00000004  00000+0  00000+0 0  9990
2 32395  64.3405 224.7328 0016351 358.8494 128.8859  2.13102638123093
NAVSTAR 62 (USA 201)    
1 32711U 08012A   23295.40344442  .00000008  00000+0  00000+0 0  9997
2 32711  54.4480 188.5710 0177830 236.1375 122.2232  2.00558738114327
NAVSTAR 64 (USA 206)    
1 35752U 09043A   23295.38755135 -.00000004  00000+0  00000+0 0  9999
2 35752  55.4752  65.7997 0057432  70.1812 294.6499  2.00555111103934
COSMOS 2456             
1 36111U 09070A   23294.80537626  .00000087  00000+0  00000+0 0  9998
2 36111  64.5112 104.1760 0001232 334.1722   5.4535  2.13099030107807
COSMOS 2457             
1 36112U 09070B   23295.56093679  .00000090  00000+0  00000+0 0  9992
2 36112  64.4957 104.0142 0006582 148.3843 182.0397  2.13101205107782
COSMOS 2460             
1 36402U 10007C   23295.10863189 -.00000046  00000+0  00000+0 0  9999
2 36402  65.8702 347.0544 0002182 238.0347  94.3491  2.13106161106077
NAVSTAR 65 (USA 213)    
1 36585U 10022A   23295.46792227  .00000004  00000+0  00000+0 0  9994
2 36585  54.5443 247.6435 0111197  59.7519 120.9569  2.00564319 98167
BEIDOU-2 IGSO-1         
1 36828U 10036A   23295.57922473 -.00000114  00000+0  00000+0 0  9992
2 36828  54.2329 171.7309 0037837 191.6615 341.3600  1.00296236 48490
QZS-1 (MICHIBIKI-1)     
1 37158U 10045A   23295.15361546  .00000034  00000+0  00000+0 0  9991
2 37158  42.9342 127.1299 0003890 116.6974  62.0403  0.87714853 47891
BEIDOU-2 G4             
1 37210U 10057A   23295.58924943 -.00000112  00000+0  00000+0 0  9994
2 37210   1.2838  62.9144 0007349 165.5829 174.4365  1.00271445 47579
BEIDOU-2 IGSO-2         
1 37256U 10068A   23295.63668183 -.00000183  00000+0  00000+0 0  9991
2 37256  49.3246 283.7208 0031548 214.6190 229.8962  1.00267659 47080
BEIDOU-2 IGSO-3         
1 37384U 11013A   23295.62230743 -.00000179  00000+0  00000+0 0  9995
2 37384  61.0093  49.4295 0028482 178.0608 135.2423  1.00268859 45944
GSAT-8                  
1 37605U 11022A   23295.62160788  .00000082  00000+0  00000+0 0  9994
2 37605   0.0148 252.4453 0007443 353.8326  63.3988  1.00273469 43500
NAVSTAR 66 (USA 232)    
1 37753U 11036A   23295.59499714 -.00000083  00000+0  00000+0 0  9995
2 37753  56.7491   9.5973 0126861  56.3186 302.6580  2.00568845 89846
BEIDOU-2 IGSO-4         
1 37763U 11038A   23294.66104795 -.00000039  00000+0  00000+0 0  9998
2 37763  54.5064 174.2920 0111880 227.4015 320.9271  1.00264130 44927
GSAT0101 (GALILEO-PFM)  
1 37846U 11060A   23295.39671629 -.00000084  00000+0  00000+0 0  9991
2 37846  57.1137   7.9989 0000426 346.0255  14.0225  1.70475754 74604
GSAT0102 (GALILEO-FM2)  
1 37847U 11060B   23295.31561841 -.00000084  00000+0  00000+0 0  9998
2 37847  57.1142   8.0011 0002255 300.1433  56.3050  1.70475176 74603
COSMOS 2476             
1 37867U 11064A   23295.41921979  .00000092  00000+0  00000+0 0  9995
2 37867  64.7904 105.7003 0021481 230.0200 130.2430  2.13101619 93124
COSMOS 2477             
1 37868U 11064B   23295.40795785  .00000092  00000+0  00000+0 0  9999
2 37868  64.7977 105.7705 0018691 230.0321 299.4537  2.13101488 93116
COSMOS 2475             
1 37869U 11064C   23294.74739715  .00000088  00000+0  00000+0 0  9992
2 37869  64.8045 105.8058 0022589 248.5319  92.7267  2.13101781 93107
BEIDOU-2 IGSO-5         
1 37948U 11073A   23295.63142251 -.00000129  00000+0  00000+0 0  9999
2 37948  49.4505 283.3912 0094523 221.2632 208.1415  1.00261045 43422
LUCH-5A                 
1 37951U 11074B   23295.47408441 -.00000045  00000+0  00000+0 0  9999
2 37951   6.2660  88.8684 0004051 102.9827 176.4095  1.00272099 43333
BEIDOU-2 G5             
1 38091U 12008A   23295.50442576  .00000056  00000+0  00000+0 0  9995
2 38091   1.8236  69.1447 0005814 182.9386  18.9824  1.00275362 42654
BEIDOU-2 M3             
1 38250U 12018A   23295.52444460 -.00000056  00000+0  00000+0 0  9990
2 38250  56.4847 337.2756 0025077 258.4489 101.3307  1.86231039 77909
BEIDOU-2 M4             
1 38251U 12018B   23295.45568085 -.00000055  00000+0  00000+0 0  9992
2 38251  56.3948 336.5673 0015970 259.4923 100.3887  1.86231758 77906
SES-5                   
1 38652U 12036A   23295.42341272  .00000033  00000+0  00000+0 0  9996
2 38652   0.0475 299.1846 0002040 264.1708 344.6705  1.00271145 34776
BEIDOU-2 M6             
1 38775U 12050B   23295.16539762  .00000062  00000+0  00000+0 0  9994
2 38775  55.7291  95.1641 0010598 338.9220  21.0523  1.86231059 75265
GSAT-10                 
1 38779U 12051B   23295.63386309 -.00000167  00000+0  00000+0 0  9995
2 38779   0.0354 257.3446 0003752 344.1670 100.5024  1.00271486 40400
NAVSTAR 67 (USA 239)    
1 38833U 12053A   23295.07973251  .00000014  00000+0  00000+0 0  9994
2 38833  53.5098 183.2421 0145122  52.9474 308.4439  2.00567928 80002
GSAT0103 (GALILEO-FM3)  
1 38857U 12055A   23295.43586575  .00000073  00000+0  00000+0 0  9996
2 38857  55.3022 128.1697 0002075 242.2734 117.7754  1.70473571 68496
GSAT0104 (GALILEO-FM4)  
1 38858U 12055B   23294.81866630  .00000071  00000+0  00000+0 0  9999
2 38858  55.3019 128.1881 0001297 143.4630 216.6147  1.70473816 68598
BEIDOU-2 G6             
1 38953U 12059A   23295.58100568 -.00000174  00000+0  00000+0 0  9990
2 38953   1.9475  81.7348 0006821 299.1787 302.9744  1.00267804 40198
LUCH-5B                 
1 38977U 12061A   23295.15882609 -.00000131  00000+0  00000+0 0  9998
2 38977   8.3612  58.7230 0005526 132.5489 239.9742  1.00271688 39901
COSMOS 2485             
1 39155U 13019A   23294.89154955  .00000090  00000+0  00000+0 0  9990
2 39155  64.9501 106.2519 0022018 226.0421 133.8093  2.13101760 81629
NAVSTAR 68 (USA 242)    
1 39166U 13023A   23295.44164385 -.00000010  00000+0  00000+0 0  9990
2 39166  55.3188 308.1855 0115530  41.5326 319.3779  2.00564082 76440
IRNSS-1A                
1 39199U 13034A   23295.01299451  .00000099  00000+0  00000+0 0  9990
2 39199  33.5352  77.9840 0021972 179.4571 192.4966  1.00268707 37653
NAVSTAR 69 (USA 248)    
1 39533U 14008A   23294.94391237  .00000009  00000+0  00000+0 0  9991
2 39533  53.5960 188.8122 0067051 215.4212 144.1976  2.00554286 70246
ASTRA 5B                
1 39617U 14011B   23295.56899656  .00000135  00000+0  00000+0 0  9995
2 39617   0.0692 305.9019 0003468 279.7426  33.4557  1.00269805 34959
COSMOS 2492             
1 39620U 14012A   23295.31634830 -.00000046  00000+0  00000+0 0  9996
2 39620  65.7536 346.6591 0013028 311.0051  48.9497  2.13103027 74598
IRNSS-1B                
1 39635U 14017A   23294.95730032  .00000099  00000+0  00000+0 0  9994
2 39635  28.6123 256.8650 0018596 188.6751 344.2456  1.00271093 35073
LUCH-5V                 
1 39727U 14023A   23295.63635562 -.00000269  00000+0  00000+0 0  9991
2 39727   2.6959  77.0770 0003727 161.1329 116.4623  1.00272705 34645
NAVSTAR 70 (USA 251)    
1 39741U 14026A   23295.22565723 -.00000082  00000+0  00000+0 0  9999
2 39741  56.7008   9.1336 0030604 309.5307  50.2469  2.00553651 69103
COSMOS 2500             
1 40001U 14032A   23295.49899953 -.00000045  00000+0  00000+0 0  9990
2 40001  65.6916 346.4767 0008577 211.8477 148.1675  2.13105838 72815
NAVSTAR 71 (USA 256)    
1 40105U 14045A   23294.81036478  .00000072  00000+0  00000+0 0  9998
2 40105  54.8313 127.1745 0027328 114.6585 245.6900  2.00549967 66634
GSAT0201 (GALILEO 5)    
1 40128U 14050A   23295.31348728 -.00000031  00000+0  00000+0 0  9995
2 40128  49.8926 312.6464 1607288 142.1923 230.2869  1.85519253 60347
GSAT0202 (GALILEO 6)    
1 40129U 14050B   23295.57269791 -.00000030  00000+0  00000+0 0  9995
2 40129  49.9113 311.7086 1605279 143.0118 229.2340  1.85519928 62513
IRNSS-1C                
1 40269U 14061A   23295.58083164 -.00000159  00000+0  00000+0 0  9993
2 40269   4.0792 111.2398 0019147   7.1452 204.4549  1.00269800 32976
NAVSTAR 72 (USA 258)    
1 40294U 14068A   23295.18364922  .00000005  00000+0  00000+0 0  9997
2 40294  56.2195  68.5860 0048968  62.8617 297.6372  2.00574799 65771
COSMOS 2501             
1 40315U 14075A   23295.28020369  .00000006  00000+0  00000+0 0  9995
2 40315  63.6348 223.9900 0019105 209.0201 150.8889  2.13101172 69204
NAVSTAR 73 (USA 260)    
1 40534U 15013A   23295.32387502  .00000002  00000+0  00000+0 0  9997
2 40534  53.4425 244.3019 0082902  26.2411 334.1689  2.00551568 62397
GSAT0203 (GALILEO 7)    
1 40544U 15017A   23294.00289636 -.00000080  00000+0  00000+0 0  9992
2 40544  56.9044   8.0035 0005934 109.7986 250.3168  1.70475965 53326
GSAT0204 (GALILEO 8)    
1 40545U 15017B   23294.25666963 -.00000081  00000+0  00000+0 0  9993
2 40545  56.9150   8.0108 0004600 228.3311 131.6806  1.70475526 15719
IRNSS-1D                
1 40547U 15018A   23295.30018366 -.00000291  00000+0  00000+0 0  9994
2 40547  27.9767 256.8235 0018961 184.9420 168.5266  1.00277598 31269
BEIDOU-3S IGSO-1S       
1 40549U 15019A   23295.51086544 -.00000127  00000+0  00000+0 0  9991
2 40549  51.0168 307.0052 0037138 195.8464 162.0053  1.00300807 31348
NAVSTAR 74 (USA 262)    
1 40730U 15033A   23295.48574207 -.00000009  00000+0  00000+0 0  9992
2 40730  54.8064 306.7745 0087222  14.0644 346.2126  2.00552500 60565
BEIDOU-3S M2S           
1 40748U 15037A   23294.58407224 -.00000054  00000+0  00000+0 0  9999
2 40748  55.6344 335.1664 0012728 248.4097 111.5143  1.86232990 56067
BEIDOU-3S M1S           
1 40749U 15037B   23295.39118736 -.00000054  00000+0  00000+0 0  9997
2 40749  55.6370 335.1254 0005156 297.0761  62.9311  1.86232775 56086
GSAT0205 (GALILEO 9)    
1 40889U 15045A   23294.02470333  .00000015  00000+0  00000+0 0  9990
2 40889  55.3398 248.4073 0004397   9.0693 350.9234  1.70472880 50471
GSAT0206 (GALILEO 10)   
1 40890U 15045B   23294.83196350  .00000010  00000+0  00000+0 0  9990
2 40890  55.3383 248.3805 0002872 348.4065  11.5709  1.70472872 50511
BEIDOU-3S IGSO-2S       
1 40938U 15053A   23294.85834410 -.00000122  00000+0  00000+0 0  9995
2 40938  50.7393 270.1939 0047137 194.9673 330.4672  1.00271776 29631
NAVSTAR 75 (USA 265)    
1 41019U 15062A   23295.03799443  .00000005  00000+0  00000+0 0  9992
2 41019  56.2025  68.4427 0091325 221.5138 137.7920  2.00562118 58399
GSAT-15                 
1 41028U 15065A   23295.58300720 -.00000260  00000+0  00000+0 0  9995
2 41028   0.0709 266.8939 0003627 281.8493 145.4365  1.00272191 29089
GSAT0209 (GALILEO 12)   
1 41174U 15079A   23295.00343453  .00000071  00000+0  00000+0 0  9998
2 41174  55.3201 127.8889 0001975 345.9248  14.1384  1.70474167 48252
GSAT0208 (GALILEO 11)   
1 41175U 15079B   23295.22307543  .00000072  00000+0  00000+0 0  9994
2 41175  55.3185 127.8809 0001370   1.8276 358.2420  1.70474054 48678
IRNSS-1E                
1 41241U 16003A   23295.30018366 -.00000278  00000+0  00000+0 0  9996
2 41241  31.0885  77.0713 0021365 180.7330 352.5817  1.00269509 28365
NAVSTAR 76 (USA 266)    
1 41328U 16007A   23295.12683543  .00000075  00000+0  00000+0 0  9995
2 41328  55.0348 127.9511 0072302 233.5475 125.8480  2.00573362 56405
COSMOS 2514             
1 41330U 16008A   23295.26167998 -.00000045  00000+0  00000+0 0  9993
2 41330  65.4885 346.0540 0012519 216.1530 143.8293  2.13102497 59976
IRNSS-1F                
1 41384U 16015A   23295.57073701  .00000160  00000+0  00000+0 0  9999
2 41384   3.0327 127.5413 0019681 173.9740 327.1155  1.00274172 27957
BEIDOU-2 IGSO-6         
1 41434U 16021A   23295.28793122 -.00000158  00000+0  00000+0 0  9994
2 41434  58.8240  47.7807 0048985 219.3882 323.7106  1.00272951 27766
IRNSS-1G                
1 41469U 16027A   23295.60332884 -.00000334  00000+0  00000+0 0  9994
2 41469   2.9210 129.0939 0000789  15.0009 233.3843  1.00266238 27465
GSAT0211 (GALILEO 14)   
1 41549U 16030A   23294.17106655  .00000014  00000+0  00000+0 0  9997
2 41549  55.4861 248.3841 0004062 326.7251  33.2342  1.70472995 46115
GSAT0210 (GALILEO 13)   
1 41550U 16030B   23295.04911030  .00000009  00000+0  00000+0 0  9991
2 41550  55.4850 248.3611 0003601 290.5546  69.3903  1.70473277 46143
COSMOS 2516             
1 41554U 16032A   23294.43662055  .00000017  00000+0  00000+0 0  9998
2 41554  63.8614 224.4334 0015044 213.1460 146.7768  2.13106250 57564
BEIDOU-2 G7             
1 41586U 16037A   23295.63211421 -.00000355  00000+0  00000+0 0  9994
2 41586   1.9850  69.0247 0007169 340.7655 319.1686  1.00272573 27077
EUTELSAT 117 WEST B     
1 41589U 16038B   23295.51994896 -.00000013  00000+0  00000+0 0  9990
2 41589   0.0110  89.4249 0000206 188.4864 182.9731  1.00271753 26997
GSAT0207 (GALILEO 15)   
1 41859U 16069A   23293.53749865  .00000069  00000+0  00000+0 0  9998
2 41859  54.9824 127.9896 0001751 312.2070  47.8466  1.70474107 42857
GSAT0212 (GALILEO 16)   
1 41860U 16069B   23295.15184864  .00000071  00000+0  00000+0 0  9995
2 41860  54.9812 127.9418 0001805  29.3641 330.7150  1.70474322 43131
GSAT0213 (GALILEO 17)   
1 41861U 16069C   23294.93169962  .00000070  00000+0  00000+0 0  9992
2 41861  54.9831 127.9539 0001808 258.5805 101.4678  1.70472971 42997
GSAT0214 (GALILEO 18)   
1 41862U 16069D   23295.07897913  .00000071  00000+0  00000+0 0  9994
2 41862  54.9812 127.9437 0000849 251.9722 108.0874  1.70472857 43123
SES-15                  
1 42709U 17026A   23295.51273130  .00000059  00000+0  00000+0 0  9993
2 42709   0.0167   9.7146 0000380 159.1623 277.2525  1.00268152 24475
QZS-2 (MICHIBIKI-2)     
1 42738U 17028A   23295.23600887 -.00000186  00000+0  00000+0 0  9991
2 42738  40.9677 257.1848 0744937 270.7315  86.0403  1.00251853 23431
QZS-3 (MICHIBIKI-3)     
1 42917U 17048A   23295.59696480 -.00000350  00000+0  00000+0 0  9998
2 42917   0.0520 185.4308 0001563  23.2078 164.1241  1.00269493 22544
COSMOS 2522             
1 42939U 17055A   23295.10322506  .00000009  00000+0  00000+0 0  9992
2 42939  64.0955 224.9496 0008082 242.0463 117.8864  2.13101945 47320
QZS-4 (MICHIBIKI-4)     
1 42965U 17062A   23295.46445587 -.00000305  00000+0  00000+0 0  9993
2 42965  40.6165 355.8337 0749946 270.2165  71.0588  1.00267133 22091
BEIDOU-3 M1             
1 43001U 17069A   23295.46537005  .00000063  00000+0  00000+0 0  9999
2 43001  55.8731  95.2204 0007425 298.5754  59.1870  1.86231626 40558
BEIDOU-3 M2             
1 43002U 17069B   23295.40545877  .00000063  00000+0  00000+0 0  9990
2 43002  55.8799  95.2574 0005208 330.3166  29.6722  1.86230993 40556
GSAT0215 (GALILEO 19)   
1 43055U 17079A   23295.56741320  .00000004  00000+0  00000+0 0  9992
2 43055  55.4615 248.1709 0003039 286.1809  73.7675  1.70473644 36476
GSAT0216 (GALILEO 20)   
1 43056U 17079B   23294.09954356  .00000015  00000+0  00000+0 0  9997
2 43056  55.4632 248.2111 0004667 286.5307  73.4029  1.70473812 36465
GSAT0217 (GALILEO 21)   
1 43057U 17079C   23294.90649991  .00000010  00000+0  00000+0 0  9999
2 43057  55.4604 248.1880 0004286 299.7926  60.1487  1.70473777 36468
GSAT0218 (GALILEO 22)   
1 43058U 17079D   23294.53996495  .00000012  00000+0  00000+0 0  9995
2 43058  55.4609 248.1956 0005065 282.1433  77.7846  1.70473788 36480
BEIDOU-3 M7             
1 43107U 18003A   23295.15611600 -.00000056  00000+0  00000+0 0  9998
2 43107  55.0907 335.8426 0002606  68.0713 292.0159  1.86232321 39304
BEIDOU-3 M8             
1 43108U 18003B   23294.55765803 -.00000056  00000+0  00000+0 0  9997
2 43108  55.0840 335.8500 0004829 252.7094 107.2972  1.86230783 39307
BEIDOU-3 M4             
1 43207U 18018A   23295.53665454  .00000064  00000+0  00000+0 0  9991
2 43207  55.8392  95.3147 0003717  19.4513 340.5815  1.86231143 38703
BEIDOU-3 M3             
1 43208U 18018B   23295.06636253  .00000062  00000+0  00000+0 0  9993
2 43208  55.8384  95.3349 0004921 311.1592  48.8165  1.86231147 38694
BEIDOU-3 M9             
1 43245U 18029A   23294.75209325 -.00000053  00000+0  00000+0 0  9998
2 43245  54.9836 333.5865 0001959 246.9930 113.0448  1.86232318 37842
BEIDOU-3 M10            
1 43246U 18029B   23295.21900373 -.00000053  00000+0  00000+0 0  9992
2 43246  54.9804 333.5987 0003254 339.7174  20.3282  1.86232758 37837
IRNSS-1I                
1 43286U 18035A   23295.50372958  .00000108  00000+0  00000+0 0  9997
2 43286  29.3627  89.4252 0021604 178.0891 359.6501  1.00276700 20364
COSMOS 2527             
1 43508U 18053A   23295.06192292  .00000091  00000+0  00000+0 0  9997
2 43508  65.1114 106.3487 0007730 212.9338 147.0516  2.13102328 41623
BEIDOU-2 IGSO-7         
1 43539U 18057A   23295.61991000 -.00000124  00000+0  00000+0 0  9998
2 43539  55.1175 171.4361 0063642 229.7626 326.5041  1.00268473 19437
GSAT0221 (GALILEO 25)   
1 43564U 18060A   23295.02634225 -.00000083  00000+0  00000+0 0  9992
2 43564  57.2894   7.9156 0004506 259.9422 100.0570  1.70475870 32642
GSAT0222 (GALILEO 26)   
1 43565U 18060B   23294.07132733 -.00000080  00000+0  00000+0 0  9991
2 43565  57.2927   7.9426 0004494 229.7964 130.2160  1.70475760 32673
GSAT0219 (GALILEO 23)   
1 43566U 18060C   23295.46675739 -.00000084  00000+0  00000+0 0  9998
2 43566  57.2922   7.9070 0003450 262.7813  97.2288  1.70476016 32673
GSAT0220 (GALILEO 24)   
1 43567U 18060D   23294.51403803 -.00000081  00000+0  00000+0 0  9992
2 43567  57.2916   7.9334 0003645 258.2478 101.7622  1.70475778 32636
BEIDOU-3 M5             
1 43581U 18062A   23294.90227615 -.00000001  00000+0  00000+0 0  9990
2 43581  54.1669 215.2919 0003719 297.3807  62.6073  1.86231748 35584
BEIDOU-3 M6             
1 43582U 18062B   23294.23178165  .00000007  00000+0  00000+0 0  9997
2 43582  54.1667 215.3044 0005906  14.4612 345.5838  1.86229690 35579
BEIDOU-3 M12            
1 43602U 18067A   23295.24155203 -.00000005  00000+0  00000+0 0  9994
2 43602  54.2545 213.9293 0007604  19.7043 340.3517  1.86231397 35070
BEIDOU-3 M11            
1 43603U 18067B   23295.37538257 -.00000006  00000+0  00000+0 0  9994
2 43603  54.2516 213.8904 0004499   9.8288 350.2061  1.86231358 35102
BEIDOU-3 M13            
1 43622U 18072A   23295.33437777  .00000062  00000+0  00000+0 0  9993
2 43622  55.8089  94.8597 0004042 287.0516  72.9220  1.86231293 34616
BEIDOU-3 M14            
1 43623U 18072B   23295.19983230  .00000062  00000+0  00000+0 0  9998
2 43623  55.8108  94.8569 0002056 344.0034  16.0078  1.86231285 34600
BEIDOU-3 M16            
1 43647U 18078A   23294.82650532 -.00000053  00000+0  00000+0 0  9996
2 43647  54.8796 333.7022 0006223   0.2526 359.8063  1.86227149 34105
BEIDOU-3 M15            
1 43648U 18078B   23294.41889994 -.00000053  00000+0  00000+0 0  9998
2 43648  54.8755 333.7199 0002960   2.2988 357.7611  1.86232123 34119
BEIDOU-3 G1             
1 43683U 18085A   23295.60646439 -.00000278  00000+0  00000+0 0  9991
2 43683   1.6203 121.1784 0002533   3.9083 264.1272  1.00272611 18348
COSMOS 2529             
1 43687U 18086A   23295.16123758  .00000008  00000+0  00000+0 0  9991
2 43687  64.3108 225.3960 0009768 264.4527  95.4497  2.13101961 38631
BEIDOU-3 M17            
1 43706U 18093A   23295.10367300 -.00000003  00000+0  00000+0 0  9994
2 43706  54.2494 215.2058 0008816 286.8982  73.0304  1.86231833 33490
BEIDOU-3 M18            
1 43707U 18093B   23294.43323724  .00000005  00000+0  00000+0 0  9993
2 43707  54.2503 215.2204 0007666 317.0386  42.9293  1.86229676 33474
NAVSTAR 77 (USA 289)    
1 43873U 18109A   23295.01453226  .00000074  00000+0  00000+0 0  9997
2 43873  55.2095 130.4809 0026742 189.7624 343.6722  2.00570235 35634
BEIDOU-3 IGSO-1         
1 44204U 19023A   23294.77891594 -.00000210  00000+0  00000+0 0  9991
2 44204  57.2906  47.7468 0024444 197.1773 185.0458  1.00267809 16623
BEIDOU-2 G8             
1 44231U 19027A   23295.57827113 -.00000248  00000+0  00000+0 0  9991
2 44231   1.3605  70.8486 0004478 150.8558 161.7513  1.00275166 16367
COSMOS 2534             
1 44299U 19030A   23295.10496321  .00000009  00000+0  00000+0 0  9995
2 44299  64.3836 225.3288 0012138 285.4191 165.5622  2.13101730 34276
BEIDOU-3 IGSO-2         
1 44337U 19035A   23295.61414882 -.00000121  00000+0  00000+0 0  9997
2 44337  55.1523 167.3674 0032988 194.7125   8.3957  1.00259205 15953
NAVSTAR 78 (USA 293)    
1 44506U 19056A   23295.41346692 -.00000083  00000+0  00000+0 0  9996
2 44506  55.8266   9.5383 0038249 187.5670 172.6520  2.00566186 30641
BEIDOU-3 M24            
1 44542U 19061A   23294.50456825  .00000004  00000+0  00000+0 0  9993
2 44542  54.4770 215.4651 0008607 352.6113   7.4030  1.86231446 27732
BEIDOU-3 M23            
1 44543U 19061B   23295.23148812 -.00000004  00000+0  00000+0 0  9990
2 44543  54.4751 215.4099 0005658 341.9680  57.3630  1.86231683 27756
BEIDOU-3 IGSO-3         
1 44709U 19073A   23295.39133201 -.00000156  00000+0  00000+0 0  9998
2 44709  56.4568 291.2443 0034838 190.8464 169.0744  1.00267458 14743
BEIDOU-3 M22            
1 44793U 19078A   23294.88690253 -.00000053  00000+0  00000+0 0  9990
2 44793  54.7278 333.6614 0004972   6.5728 353.4921  1.86232028 26599
BEIDOU-3 M21            
1 44794U 19078B   23295.55430104 -.00000054  00000+0  00000+0 0  9994
2 44794  54.7012 333.6193 0003112 351.0841   8.9688  1.86232506 26613
COSMOS 2544             
1 44850U 19088A   23295.00570311  .00000091  00000+0  00000+0 0  9993
2 44850  65.0976 106.1925 0011279 247.5150 112.3988  2.13102079 30060
BEIDOU-3 M19            
1 44864U 19090A   23295.17781619  .00000062  00000+0  00000+0 0  9992
2 44864  55.7355  95.0492 0015308 274.0307  27.2793  1.86231760 26177
BEIDOU-3 M20            
1 44865U 19090B   23295.35045677  .00000062  00000+0  00000+0 0  9990
2 44865  55.7450  95.0767 0013012 287.1962 219.6373  1.86231416 26170
BEIDOU-3 G2             
1 45344U 20017A   23295.58030951 -.00000142  00000+0  00000+0 0  9998
2 45344   2.0808  18.6744 0003246 187.8495 113.1803  1.00270121 13541
COSMOS 2545             
1 45358U 20018A   23295.20258308 -.00000047  00000+0  00000+0 0  9995
2 45358  64.8288 346.2620 0011530 243.9753 115.9725  2.13102468 28017
BEIDOU-3 G3             
1 45807U 20040A   23295.63192939 -.00000356  00000+0  00000+0 0  9996
2 45807   0.5876 354.4748 0008823 314.7565  59.5915  1.00276837 12369
NAVSTAR 79 (USA 304)    
1 45854U 20041A   23295.50666199 -.00000001  00000+0  00000+0 0  9996
2 45854  55.9242  66.8244 0038139 187.9107 182.5229  2.00561970 24614
GALAXY 30 (G-30)        
1 46114U 20056C   23295.51596074  .00000036  00000+0  00000+0 0  9994
2 46114   0.0183 251.9055 0002736 314.9561 244.6023  1.00271403 11577
COSMOS 2547             
1 46805U 20075A   23295.57672547  .00000003  00000+0  00000+0 0  9992
2 46805  64.6110 224.8822 0007760 243.3632 258.8111  2.13102931 23265
NAVSTAR 80 (USA 309)    
1 46826U 20078A   23295.58492554  .00000003  00000+0  00000+0 0  9997
2 46826  54.2888 250.1051 0036850 194.8625 207.8507  2.00562598 22082
NAVSTAR 81 (USA 319)    
1 48859U 21054A   23295.25512216 -.00000083  00000+0  00000+0 0  9991
2 48859  55.3455  11.3076 0013562 216.0494 132.1591  2.00570637 17318
QZS-1R                  
1 49336U 21096A   23292.79863726 -.00000188  00000+0  00000+0 0  9995
2 49336  35.4476  94.2187 0747006 270.0825  86.3850  1.00277021  7271
GSAT0223 (GALILEO 27)   
1 49809U 21116A   23295.55653059 -.00000085  00000+0  00000+0 0  9992
2 49809  57.2833   7.8008 0003558 200.4504 169.6712  1.70475950 11674
GSAT0224 (GALILEO 28)   
1 49810U 21116B   23295.37276008 -.00000084  00000+0  00000+0 0  9998
2 49810  57.2838   7.8041 0002946 198.6865 171.1350  1.70475955 11699
COSMOS 2557             
1 52984U 22075A   23295.55419023 -.00000050  00000+0  00000+0 0  9998
2 52984  64.7468 348.4040 0013291 275.8930  84.0216  2.13102102 10079
COSMOS 2559             
1 54031U 22130A   23294.55780943 -.00000050  00000+0  00000+0 0  9996
2 54031  64.7185 348.5646 0007878 225.9616 134.0399  2.13101354  8022
COSMOS 2564             
1 54377U 22161A   23295.21992238  .00000008  00000+0  00000+0 0  9991
2 54377  64.7521 224.9567 0009347 222.1976 137.7447  2.13102066  6987
NAVSTAR 82 (USA 343)    
1 55268U 23009A   23295.47248383  .00000010  00000+0  00000+0 0  9999
2 55268  55.0861 186.5278 0005093  89.2355  94.4244  2.00552266  5818
BEIDOU-3 G4             
1 56564U 23066A   23295.57082611 -.00000117  00000+0  00000+0 0  9992
2 56564   2.7258 288.6275 0005929 224.5752 243.0843  1.00270759  1682
IRNSS-1J (NVS-01)       
1 56759U 23076A   23295.59805600 -.00000344  00000+0  00000+0 0  9994
2 56759   4.6174 271.1644 0006845 342.2283 122.1625  1.00277027  1408
