NAVSTAR 43 (USA 132)    
1 24876U 97035A   23232.14055359  .00000015  00000+0  00000+0 0  9999
2 24876  55.5843 138.9388 0071866  51.9814 308.7127  2.00564009191055
NAVSTAR 47 (USA 150)    
1 26360U 00025A   23233.47491428 -.00000030  00000+0  00000+0 0  9998
2 26360  54.4199  61.1700 0041328 198.7768 134.0235  2.00571775170594
NAVSTAR 51 (USA 166)    
1 27663U 03005A   23232.79386622  .00000045  00000+0  00000+0 0  9994
2 27663  55.2530 255.9894 0131544  44.6310 136.3880  2.00566903150617
NAVSTAR 52 (USA 168)    
1 27704U 03010A   23233.27352550 -.00000080  00000+0  00000+0 0  9993
2 27704  55.1155   5.9383 0248397 318.4269  66.8665  2.00574302149428
NAVSTAR 54 (USA 177)    
1 28190U 04009A   23231.33276259 -.00000060  00000+0  00000+0 0  9996
2 28190  55.7031 317.1061 0093071 137.8528 224.5606  2.00567884142266
NAVSTAR 56 (USA 180)    
1 28474U 04045A   23232.74928743 -.00000081  00000+0  00000+0 0  9992
2 28474  55.4424   6.2760 0161869 282.1817  77.8811  2.00579510137734
ANIK F1R                
1 28868U 05036A   23233.15252884 -.00000068  00000+0  00000+0 0  9997
2 28868   1.6494  89.2343 0002616  37.0383 150.5442  1.00272447 65814
NAVSTAR 57 (USA 183)    
1 28874U 05038A   23231.74952285 -.00000056  00000+0  00000+0 0  9998
2 28874  55.7544 314.5412 0139107 279.3193  45.0643  2.00576613131126
INMARSAT 4-F2           
1 28899U 05044A   23232.44867208  .00000016  00000+0  00000+0 0  9995
2 28899   3.8501  40.6235 0002650 115.7481  37.5690  1.00271714 65155
NAVSTAR 58 (USA 190)    
1 29486U 06042A   23231.64786775  .00000044  00000+0  00000+0 0  9998
2 29486  54.6867 192.2772 0102781  31.5428 121.3208  2.00570788123830
NAVSTAR 59 (USA 192)    
1 29601U 06052A   23232.35311521  .00000043  00000+0  00000+0 0  9999
2 29601  55.2737 254.9650 0084188  79.3167 281.6779  2.00576908122756
NAVSTAR 60 (USA 196)    
1 32260U 07047A   23232.16776441  .00000005  00000+0  00000+0 0  9992
2 32260  53.4583 122.7703 0150771  70.2262 291.4658  2.00552224116134
COSMOS 2433             
1 32275U 07052A   23233.42396766 -.00000062  00000+0  00000+0 0  9996
2 32275  66.0260 350.3976 0003232 211.1349 148.8677  2.13104203123132
COSMOS 2432             
1 32276U 07052B   23233.50430480 -.00000061  00000+0  00000+0 0  9997
2 32276  66.0402 350.5033 0007915 324.6401  44.1019  2.13103330123136
NAVSTAR 61 (USA 199)    
1 32384U 07062A   23233.48355469 -.00000054  00000+0  00000+0 0  9990
2 32384  55.8845 315.2913 0024961 149.2232 210.8734  2.00558121114900
COSMOS 2434             
1 32393U 07065A   23233.19270174  .00000084  00000+0  00000+0 0  9992
2 32393  64.3380 226.7862 0000148 190.8989 242.8081  2.13103148121839
COSMOS 2436             
1 32395U 07065C   23233.53781088  .00000088  00000+0  00000+0 0  9997
2 32395  64.3466 226.8361 0015600 351.6527 122.3453  2.13102873121777
NAVSTAR 62 (USA 201)    
1 32711U 08012A   23231.08497507  .00000037  00000+0  00000+0 0  9994
2 32711  54.4537 191.1343 0177370 235.7297 122.5490  2.00556882113033
NAVSTAR 64 (USA 206)    
1 35752U 09043A   23232.25613172 -.00000025  00000+0  00000+0 0  9993
2 35752  55.4200  68.3198 0058475  68.4474  73.8569  2.00558875102648
COSMOS 2456             
1 36111U 09070A   23231.87018885  .00000017  00000+0  00000+0 0  9990
2 36111  64.4838 106.3379 0002701 328.6125 329.9095  2.13099298106460
COSMOS 2457             
1 36112U 09070B   23232.53688448  .00000015  00000+0  00000+0 0  9991
2 36112  64.4680 106.1806 0005181 150.0564  70.5949  2.13101447106487
COSMOS 2460             
1 36402U 10007C   23233.20189361 -.00000062  00000+0  00000+0 0  9993
2 36402  65.8888 349.1228 0001584 148.5235 210.5324  2.13106385104848
NAVSTAR 65 (USA 213)    
1 36585U 10022A   23231.44200296  .00000040  00000+0  00000+0 0  9992
2 36585  54.5726 250.2289 0108824  59.6635 331.0701  2.00561222 96878
BEIDOU-2 IGSO-1         
1 36828U 10036A   23232.69252826 -.00000115  00000+0  00000+0 0  9995
2 36828  54.2372 172.3049 0036680 189.8082 324.0156  1.00257908 47887
QZS-1 (MICHIBIKI-1)     
1 37158U 10045A   23224.51019722 -.00000072  00000+0  00000+0 0  9992
2 37158  42.7913 127.6971 0037647 277.2224 272.4955  0.88387770 47281
BEIDOU-2 G4             
1 37210U 10057A   23233.55295840 -.00000105  00000+0  00000+0 0  9992
2 37210   1.1443  60.1569 0005264 146.2280 122.2236  1.00272258 46943
BEIDOU-2 IGSO-2         
1 37256U 10068A   23233.04437756 -.00000172  00000+0  00000+0 0  9996
2 37256  49.4345 284.4799 0032291 211.6750 316.3272  1.00289001 46449
BEIDOU-2 IGSO-3         
1 37384U 11013A   23233.30832708 -.00000157  00000+0  00000+0 0  9997
2 37384  60.9179  50.0314 0027760 174.0718 323.9383  1.00285698 45337
GSAT-8                  
1 37605U 11022A   23233.16347097  .00000092  00000+0  00000+0 0  9996
2 37605   0.0236 106.5712 0004047 139.3511 197.2274  1.00273042 44902
NAVSTAR 66 (USA 232)    
1 37753U 11036A   23231.88821546 -.00000079  00000+0  00000+0 0  9994
2 37753  56.7416  12.0658 0127245  56.2128  22.4752  2.00568542 88564
BEIDOU-2 IGSO-4         
1 37763U 11038A   23232.66776147 -.00000052  00000+0  00000+0 0  9991
2 37763  54.5112 174.8449 0112013 228.3631 261.3932  1.00277352 44298
GSAT0101 (GALILEO-PFM)  
1 37846U 11060A   23232.63214153 -.00000077  00000+0  00000+0 0  9996
2 37846  57.1080   9.6970 0002304  72.9466 287.0814  1.70476050 73667
GSAT0102 (GALILEO-FM2)  
1 37847U 11060B   23230.76104728 -.00000083  00000+0  00000+0 0  9992
2 37847  57.1086   9.7474 0001470  11.3950 326.6088  1.70475522 73624
COSMOS 2476             
1 37867U 11064A   23233.12437372  .00000015  00000+0  00000+0 0  9999
2 37867  64.7643 107.8165 0021370 233.8986 215.9714  2.13101792 91840
COSMOS 2477             
1 37868U 11064B   23233.46244564  .00000014  00000+0  00000+0 0  9995
2 37868  64.7716 107.8743 0018603 234.5206 292.5969  2.13101700 91800
COSMOS 2475             
1 37869U 11064C   23233.06902366  .00000015  00000+0  00000+0 0  9994
2 37869  64.7788 107.9000 0022904 252.2342 291.5229  2.13102093 91808
BEIDOU-2 IGSO-5         
1 37948U 11073A   23233.02855351 -.00000128  00000+0  00000+0 0  9995
2 37948  49.5596 284.1475 0094867 220.1837 291.0856  1.00276349 43065
LUCH-5A                 
1 37951U 11074B   23233.10693421 -.00000041  00000+0  00000+0 0  9991
2 37951   6.1046  89.9459 0005079  48.3667  36.3235  1.00273606 42859
BEIDOU-2 G5             
1 38091U 12008A   23233.45085917  .00000065  00000+0  00000+0 0  9993
2 38091   1.6750  68.1668 0002098 166.8568 315.5120  1.00268994 42143
BEIDOU-2 M3             
1 38250U 12018A   23233.23751519 -.00000084  00000+0  00000+0 0  9997
2 38250  56.5193 339.3429 0022781 255.0560 104.7250  1.86231225 77086
BEIDOU-2 M4             
1 38251U 12018B   23233.16901110 -.00000084  00000+0  00000+0 0  9994
2 38251  56.4302 338.6393 0013662 254.4570 105.4262  1.86231938 77095
SES-5                   
1 38652U 12036A   23232.72353611  .00000040  00000+0  00000+0 0  9998
2 38652   0.0499 303.3767 0002071 202.6449  88.2197  1.00272890 40721
BEIDOU-2 M6             
1 38775U 12050B   23232.34207822 -.00000004  00000+0  00000+0 0  9991
2 38775  55.6788  97.2703 0012203 338.6297  21.4125  1.86231338 74444
GSAT-10                 
1 38779U 12051B   23232.92257715 -.00000159  00000+0  00000+0 0  9997
2 38779   0.0946 272.3809 0000811 341.3504 130.3712  1.00274059 39957
NAVSTAR 67 (USA 239)    
1 38833U 12053A   23232.26022475  .00000044  00000+0  00000+0 0  9992
2 38833  53.5144 185.8086 0140986  51.6397 309.5925  2.00567005 79637
GSAT0103 (GALILEO-FM3)  
1 38857U 12055A   23232.08469625  .00000007  00000+0  00000+0 0  9991
2 38857  55.2766 129.9128 0003295 271.4237  88.6052  1.70473763 67551
GSAT0104 (GALILEO-FM4)  
1 38858U 12055B   23231.46758736  .00000004  00000+0  00000+0 0  9994
2 38858  55.2766 129.9313 0000745 273.4815  86.5749  1.70474049 67513
BEIDOU-2 G6             
1 38953U 12059A   23233.45596128 -.00000169  00000+0  00000+0 0  9993
2 38953   1.7883  81.9925 0008060 316.3934 179.3486  1.00271969 39717
LUCH-5B                 
1 38977U 12061A   23233.36425950 -.00000129  00000+0  00000+0 0  9992
2 38977   8.2227  59.2395 0005759  97.6227 287.4235  1.00272455 39840
COSMOS 2485             
1 39155U 13019A   23233.15616648  .00000015  00000+0  00000+0 0  9991
2 39155  64.9256 108.3350 0022096 231.5046 287.1435  2.13102011 80309
NAVSTAR 68 (USA 242)    
1 39166U 13023A   23231.12496965 -.00000051  00000+0  00000+0 0  9992
2 39166  55.3702 310.7681 0114105  41.7904 319.1417  2.00564412 75150
IRNSS-1A                
1 39199U 13034A   23233.16329664  .00000086  00000+0  00000+0 0  9994
2 39199  33.3908  78.9021 0019817 176.2285 187.8684  1.00275283 37317
NAVSTAR 69 (USA 248)    
1 39533U 14008A   23233.11702083  .00000055  00000+0  00000+0 0  9999
2 39533  53.6016 191.3294 0067270 215.8021 143.7240  2.00550956 69554
ASTRA 5B                
1 39617U 14011B   23233.30054201  .00000144  00000+0  00000+0 0  9998
2 39617   0.0535 307.1865 0003236 229.4838 284.3700  1.00273693 34531
COSMOS 2492             
1 39620U 14012A   23232.90467308 -.00000063  00000+0  00000+0 0  9995
2 39620  65.7726 348.7533 0010985 319.8211  40.1202  2.13103221 73268
IRNSS-1B                
1 39635U 14017A   23233.16338381  .00000127  00000+0  00000+0 0  9993
2 39635  28.7320 257.9024 0020266 191.1824 354.0149  1.00270129 34444
LUCH-5V                 
1 39727U 14023A   23233.08313330 -.00000261  00000+0  00000+0 0  9990
2 39727   2.5360  77.3481 0003315 114.8060 261.5798  1.00267706552175
NAVSTAR 70 (USA 251)    
1 39741U 14026A   23231.40444177 -.00000082  00000+0  00000+0 0  9998
2 39741  56.6947  11.6068 0028681 311.7474  48.0136  2.00558478 67810
COSMOS 2500             
1 40001U 14032A   23233.08815578 -.00000063  00000+0  00000+0 0  9998
2 40001  65.7107 348.5757 0007687 193.6032 166.3993  2.13105989 71489
NAVSTAR 71 (USA 256)    
1 40105U 14045A   23230.99150075  .00000008  00000+0  00000+0 0  9996
2 40105  54.8073 129.7259 0024179 112.9411 247.3738  2.00576703 66248
GSAT0201 (GALILEO 5)    
1 40128U 14050A   23232.25113140 -.00000074  00000+0  00000+0 0  9994
2 40128  49.9488 315.1714 1609568 139.8015 233.3103  1.85519239 61110
GSAT0202 (GALILEO 6)    
1 40129U 14050B   23231.43258664 -.00000074  00000+0  00000+0 0  9995
2 40129  49.9690 314.2753 1607511 140.5786 232.3202  1.85519993 61294
IRNSS-1C                
1 40269U 14061A   23233.09735223 -.00000155  00000+0  00000+0 0  9997
2 40269   3.9300 113.1525 0020324  15.6133 318.4462  1.00273046 32484
NAVSTAR 72 (USA 258)    
1 40294U 14068A   23231.86674664 -.00000021  00000+0  00000+0 0  9998
2 40294  56.1633  71.0668 0048952  61.3007 299.2626  2.00570890 64487
COSMOS 2501             
1 40315U 14075A   23233.33791619  .00000085  00000+0  00000+0 0  9993
2 40315  63.6415 226.1477 0020170 211.6707 148.2160  2.13101412 67889
NAVSTAR 73 (USA 260)    
1 40534U 15013A   23232.00166025  .00000045  00000+0  00000+0 0  9995
2 40534  53.4711 246.9260 0079721  25.1044 335.3143  2.00555722 61546
GSAT0203 (GALILEO 7)    
1 40544U 15017A   23232.41163736 -.00000078  00000+0  00000+0 0  9998
2 40544  56.9030   9.6778 0002557 220.2130 139.7705  1.70476306 52270
GSAT0204 (GALILEO 8)    
1 40545U 15017B   23231.49205298 -.00000081  00000+0  00000+0 0  9990
2 40545  56.9091   9.7170 0003001 200.5976 159.3905  1.70475772 52264
IRNSS-1D                
1 40547U 15018A   23232.47948604 -.00000262  00000+0  00000+0 0  9998
2 40547  28.1021 257.8869 0020638 191.1993 163.8765  1.00270367 30895
BEIDOU-3S IGSO-1S       
1 40549U 15019A   23232.67029625 -.00000157  00000+0  00000+0 0  9999
2 40549  51.1267 307.7465 0040610 195.0391 161.9755  1.00259681 30736
NAVSTAR 74 (USA 262)    
1 40730U 15033A   23230.66744134 -.00000051  00000+0  00000+0 0  9996
2 40730  54.8592 309.4086 0084772  14.0516 346.2514  2.00556267 59286
BEIDOU-3S M2S           
1 40748U 15037A   23233.37189551 -.00000084  00000+0  00000+0 0  9992
2 40748  55.6708 337.2407 0010635 239.3264 120.6046  1.86233259 54924
BEIDOU-3S M1S           
1 40749U 15037B   23232.56807637 -.00000085  00000+0  00000+0 0  9996
2 40749  55.6744 337.2541 0002621 311.2152  48.7970  1.86233015 54900
GSAT0205 (GALILEO 9)    
1 40889U 15045A   23230.67341974  .00000052  00000+0  00000+0 0  9990
2 40889  55.3718 250.1571 0003277 357.7987   2.2448  1.70473647 49390
GSAT0206 (GALILEO 10)   
1 40890U 15045B   23232.65385659  .00000057  00000+0  00000+0 0  9995
2 40890  55.3701 250.0979 0002216 320.8323  39.1897  1.70473588 49450
BEIDOU-3S IGSO-2S       
1 40938U 15053A   23232.68459368 -.00000097  00000+0  00000+0 0  9994
2 40938  50.8317 270.9162 0047809 194.2322 205.5330  1.00286944 29001
NAVSTAR 75 (USA 265)    
1 41019U 15062A   23231.71779640 -.00000021  00000+0  00000+0 0  9993
2 41019  56.1469  70.9224 0088465 221.0554 138.3455  2.00562374 57125
GSAT-15                 
1 41028U 15065A   23233.02779472 -.00000251  00000+0  00000+0 0  9990
2 41028   0.0963 273.2805 0002293 198.1503 321.1649  1.00273576 28529
GSAT0209 (GALILEO 12)   
1 41174U 15079A   23232.23898935  .00000007  00000+0  00000+0 0  9993
2 41174  55.2944 129.6154 0003521 325.0828  34.9616  1.70473976 47762
GSAT0208 (GALILEO 11)   
1 41175U 15079B   23232.45861777  .00000008  00000+0  00000+0 0  9993
2 41175  55.2928 129.6075 0002495 336.8359  23.2207  1.70473808 47766
IRNSS-1E                
1 41241U 16003A   23232.91181286 -.00000291  00000+0  00000+0 0  9991
2 41241  30.9427  78.0144 0019647 173.7902 157.2838  1.00272085 27850
NAVSTAR 76 (USA 266)    
1 41328U 16007A   23231.81024297  .00000010  00000+0  00000+0 0  9995
2 41328  55.0123 130.4679 0071654 234.6503 124.7390  2.00551014 55174
COSMOS 2514             
1 41330U 16008A   23233.31916644 -.00000063  00000+0  00000+0 0  9991
2 41330  65.5080 348.1528 0011304 204.4409 155.5297  2.13102746 58654
IRNSS-1F                
1 41384U 16015A   23233.23072299  .00000166  00000+0  00000+0 0  9991
2 41384   2.9042 130.4993 0018060 177.6891 136.5666  1.00269322 27324
BEIDOU-2 IGSO-6         
1 41434U 16021A   23231.57768080 -.00000134  00000+0  00000+0 0  9995
2 41434  58.7289  48.4258 0046823 217.9757   5.1709  1.00286617 27124
IRNSS-1G                
1 41469U 16027A   23233.01993859 -.00000328  00000+0  00000+0 0  9999
2 41469   2.7965 132.2361 0003910 353.4750 340.1546  1.00271074 26837
GSAT0211 (GALILEO 14)   
1 41549U 16030A   23231.40636908  .00000054  00000+0  00000+0 0  9997
2 41549  55.5178 250.1108 0003810 305.9616  54.0449  1.70473675 45044
GSAT0210 (GALILEO 13)   
1 41550U 16030B   23232.28449079  .00000056  00000+0  00000+0 0  9999
2 41550  55.5168 250.0878 0004195 272.6312  87.3597  1.70473733 45057
COSMOS 2516             
1 41554U 16032A   23232.02652760  .00000071  00000+0  00000+0 0  9997
2 41554  63.8679 226.5899 0015489 214.7889 145.1175  2.13106502 56237
BEIDOU-2 G7             
1 41586U 16037A   23232.74449337 -.00000347  00000+0  00000+0 0  9997
2 41586   1.8344  68.2224 0007139 350.2467 288.7951  1.00265845 26444
EUTELSAT 117 WEST B     
1 41589U 16038B   23233.38869086 -.00000004  00000+0  00000+0 0  9999
2 41589   0.0080 252.6323 0000021 114.7652 344.9686  1.00271138 26370
GSAT0207 (GALILEO 15)   
1 41859U 16069A   23231.94626019  .00000006  00000+0  00000+0 0  9991
2 41859  54.9567 129.6990 0003503 306.9407  53.0937  1.70473928 42027
GSAT0212 (GALILEO 16)   
1 41860U 16069B   23232.97410945  .00000009  00000+0  00000+0 0  9999
2 41860  54.9547 129.6675 0002622 346.7705  13.2905  1.70474106 42078
GSAT0213 (GALILEO 17)   
1 41861U 16069C   23231.58029896  .00000004  00000+0  00000+0 0  9992
2 41861  54.9566 129.7121 0003345 280.9005  79.1273  1.70472786 42040
GSAT0214 (GALILEO 18)   
1 41862U 16069D   23232.31411808  .00000007  00000+0  00000+0 0  9996
2 41862  54.9559 129.6858 0002363 289.8659  70.1758  1.70472610 42057
SES-15                  
1 42709U 17026A   23233.18325325  .00000067  00000+0  00000+0 0  9991
2 42709   0.0200  39.7228 0000327  95.1563 131.1774  1.00269023 23842
QZS-2 (MICHIBIKI-2)     
1 42738U 17028A   23232.40956369 -.00000113  00000+0  00000+0 0  9990
2 42738  41.0670 258.0785 0753815 269.8844  89.4773  1.00268897 22798
QZS-3 (MICHIBIKI-3)     
1 42917U 17048A   23233.07202434 -.00000341  00000+0  00000+0 0  9995
2 42917   0.0661 148.4352 0002621  11.6148 322.0438  1.00269899 22029
COSMOS 2522             
1 42939U 17055A   23232.69177729  .00000078  00000+0  00000+0 0  9998
2 42939  64.1020 227.0879 0010111 243.2095 116.6959  2.13102028 45999
QZS-4 (MICHIBIKI-4)     
1 42965U 17062A   23231.67693111 -.00000316  00000+0  00000+0 0  9996
2 42965  40.6423 356.6453 0747008 269.0311  84.7980  1.00285808 21457
BEIDOU-3 M1             
1 43001U 17069A   23233.18233474 -.00000005  00000+0  00000+0 0  9990
2 43001  55.8307  97.2997 0008333 302.9144  57.0962  1.86231722 39408
BEIDOU-3 M2             
1 43002U 17069B   23233.11903569 -.00000005  00000+0  00000+0 0  9993
2 43002  55.8302  97.3374 0006816 332.9573  27.0982  1.86231221 39398
GSAT0215 (GALILEO 19)   
1 43055U 17079A   23231.04322977  .00000053  00000+0  00000+0 0  9992
2 43055  55.4943 249.9471 0003739 266.1461  93.8541  1.70474347 35378
GSAT0216 (GALILEO 20)   
1 43056U 17079B   23231.33515818  .00000054  00000+0  00000+0 0  9994
2 43056  55.4944 249.9388 0005280 272.4567  87.5245  1.70474475 35369
GSAT0217 (GALILEO 21)   
1 43057U 17079C   23232.14208544  .00000056  00000+0  00000+0 0  9992
2 43057  55.4932 249.9156 0004658 284.5875  75.3998  1.70474446 35395
GSAT0218 (GALILEO 22)   
1 43058U 17079D   23232.36213784  .00000056  00000+0  00000+0 0  9999
2 43058  55.4921 249.9071 0005764 270.7704  89.2019  1.70474391 35394
BEIDOU-3 M7             
1 43107U 18003A   23232.86990239 -.00000086  00000+0  00000+0 0  9998
2 43107  55.1272 337.9805 0003908  78.7541 281.3239  1.86232602 38151
BEIDOU-3 M8             
1 43108U 18003B   23232.80788560 -.00000086  00000+0  00000+0 0  9995
2 43108  55.1202 337.9697 0003586 240.3676 119.6309  1.86231036 38153
BEIDOU-3 M4             
1 43207U 18018A   23231.10254565 -.00000002  00000+0  00000+0 0  9994
2 43207  55.7880  97.4686 0005342   7.8151 352.2886  1.86231722 37508
BEIDOU-3 M3             
1 43208U 18018B   23231.70614007 -.00000002  00000+0  00000+0 0  9992
2 43208  55.7879  97.4529 0006446 319.5490  40.4975  1.86231572 37517
BEIDOU-3 M9             
1 43245U 18029A   23232.46596459 -.00000085  00000+0  00000+0 0  9990
2 43245  55.0224 335.7301 0001117 194.0121 166.0214  1.86232837 36681
BEIDOU-3 M10            
1 43246U 18029B   23233.46992410 -.00000083  00000+0  00000+0 0  9997
2 43246  55.0188 335.7238 0002751   4.8555 355.1847  1.86233024 36697
IRNSS-1I                
1 43286U 18035A   23231.86298060  .00000092  00000+0  00000+0 0  9999
2 43286  29.2125  90.4418 0019334 177.7210  65.5955  1.00277798 19711
COSMOS 2527             
1 43508U 18053A   23233.11972886  .00000015  00000+0  00000+0 0  9996
2 43508  65.0861 108.4270 0007411 223.3779 136.6527  2.13102453 40304
BEIDOU-2 IGSO-7         
1 43539U 18057A   23232.70646110 -.00000120  00000+0  00000+0 0  9994
2 43539  55.1216 171.9877 0064601 231.6553 292.1355  1.00288374 18816
GSAT0221 (GALILEO 25)   
1 43564U 18060A   23232.84840065 -.00000076  00000+0  00000+0 0  9996
2 43564  57.2839   9.5906 0002209 253.6201 106.3589  1.70476085 31597
GSAT0222 (GALILEO 26)   
1 43565U 18060B   23232.47987865 -.00000077  00000+0  00000+0 0  9997
2 43565  57.2872   9.6015 0002904 203.6134 156.3757  1.70475916 31627
GSAT0219 (GALILEO 23)   
1 43566U 18060C   23230.94247255 -.00000083  00000+0  00000+0 0  9997
2 43566  57.2861   9.6449 0001186 262.3825  97.6026  1.70476195 31577
GSAT0220 (GALILEO 24)   
1 43567U 18060D   23232.92263259 -.00000076  00000+0  00000+0 0  9992
2 43567  57.2861   9.5927 0001565 251.2144 108.7721  1.70476072 31581
BEIDOU-3 M5             
1 43581U 18062A   23233.15329503  .00000075  00000+0  00000+0 0  9999
2 43581  54.1809 217.3962 0005636 277.8089  82.1115  1.86232010 34436
BEIDOU-3 M6             
1 43582U 18062B   23233.01904610  .00000073  00000+0  00000+0 0  9991
2 43582  54.1807 217.3904 0004877 349.7309  10.2430  1.86229801 34437
BEIDOU-3 M12            
1 43602U 18067A   23232.41853318  .00000067  00000+0  00000+0 0  9993
2 43602  54.2680 216.0645 0006823  10.2724 349.7222  1.86231637 33902
BEIDOU-3 M11            
1 43603U 18067B   23233.08930488  .00000074  00000+0  00000+0 0  9990
2 43603  54.2650 216.0075 0003999 352.7052   7.2716  1.86231570 33940
BEIDOU-3 M13            
1 43622U 18072A   23233.04809878 -.00000005  00000+0  00000+0 0  9996
2 43622  55.7591  96.9437 0004993 301.2657  58.7765  1.86231725 33456
BEIDOU-3 M14            
1 43623U 18072B   23232.37660656 -.00000004  00000+0  00000+0 0  9990
2 43623  55.7604  96.9589 0003627 343.3201  16.7609  1.86231753 33446
BEIDOU-3 M16            
1 43647U 18078A   23233.07557756 -.00000084  00000+0  00000+0 0  9994
2 43647  54.9180 335.8323 0006060  13.0136 347.0391  1.86227367 32965
BEIDOU-3 M15            
1 43648U 18078B   23232.66962456 -.00000085  00000+0  00000+0 0  9997
2 43648  54.9137 335.8503 0003075  29.9169 330.1373  1.86232382 32970
BEIDOU-3 G1             
1 43683U 18085A   23233.46703119 -.00000270  00000+0  00000+0 0  9998
2 43683   1.4825 125.3908 0003264 344.3392 168.0033  1.00273016 17714
COSMOS 2529             
1 43687U 18086A   23232.28049996  .00000074  00000+0  00000+0 0  9999
2 43687  64.3172 227.5334 0011739 261.7156  98.1607  2.13102138 37291
BEIDOU-3 M17            
1 43706U 18093A   23233.35470637  .00000077  00000+0  00000+0 0  9991
2 43706  54.2633 217.3057 0010690 278.7773  81.0866  1.86232095 32322
BEIDOU-3 M18            
1 43707U 18093B   23233.22050014  .00000076  00000+0  00000+0 0  9990
2 43707  54.2641 217.3018 0008784 302.5977  57.3019  1.86229908 32338
NAVSTAR 77 (USA 289)    
1 43873U 18109A   23232.20427866  .00000012  00000+0  00000+0 0  9992
2 43873  55.1883 132.9640 0025286 191.7587 348.0788  2.00568352 34324
BEIDOU-3 IGSO-1         
1 44204U 19023A   23232.88962280 -.00000192  00000+0  00000+0 0  9995
2 44204  57.1969  48.3953 0023255 194.2574 165.8577  1.00287258 16025
BEIDOU-2 G8             
1 44231U 19027A   23232.76160396 -.00000241  00000+0  00000+0 0  9999
2 44231   1.9171  81.1847 0005704 123.2370 183.0305  1.00276616 15733
COSMOS 2534             
1 44299U 19030A   23233.16188934  .00000084  00000+0  00000+0 0  9994
2 44299  64.3898 227.4285 0013838 280.4976 169.8459  2.13102097 32964
BEIDOU-3 IGSO-2         
1 44337U 19035A   23232.84177705 -.00000125  00000+0  00000+0 0  9997
2 44337  55.1539 167.9206 0032992 197.6900  25.9394  1.00279413 15352
NAVSTAR 78 (USA 293)    
1 44506U 19056A   23233.53211637 -.00000074  00000+0  00000+0 0  9991
2 44506  55.8192  11.9877 0036332 184.3094 134.1830  2.00565520 29398
BEIDOU-3 M24            
1 44542U 19061A   23233.29233395  .00000077  00000+0  00000+0 0  9997
2 44542  54.4907 217.5345 0008330 335.8818  24.0643  1.86231493 26595
BEIDOU-3 M23            
1 44543U 19061B   23232.62120459  .00000070  00000+0  00000+0 0  9993
2 44543  54.4891 217.5267 0006035 318.2727 223.5859  1.86231902 26573
BEIDOU-3 IGSO-3         
1 44709U 19073A   23232.56662060 -.00000161  00000+0  00000+0 0  9994
2 44709  56.5575 291.9079 0035211 189.0890 170.9654  1.00286715 14099
BEIDOU-3 M22            
1 44793U 19078A   23233.13764420 -.00000084  00000+0  00000+0 0  9993
2 44793  54.7663 335.7992 0005026  22.7697 337.2898  1.86232345 25454
BEIDOU-3 M21            
1 44794U 19078B   23233.26824581 -.00000084  00000+0  00000+0 0  9993
2 44794  54.7401 335.7770 0002913  17.1349 342.9123  1.86232766 25454
COSMOS 2544             
1 44850U 19088A   23233.06344217  .00000015  00000+0  00000+0 0  9991
2 44850  65.0720 108.2720 0011689 254.4978 105.4623  2.13102250 28723
BEIDOU-3 M19            
1 44864U 19090A   23233.12357084 -.00000005  00000+0  00000+0 0  9992
2 44864  55.6931  97.1292 0015801 276.9831 179.9003  1.86231958 25029
BEIDOU-3 M20            
1 44865U 19090B   23233.12829223 -.00000005  00000+0  00000+0 0  9992
2 44865  55.6951  97.1618 0013804 292.0701 257.7660  1.86231916 25017
BEIDOU-3 G2             
1 45344U 20017A   23233.08868789 -.00000134  00000+0  00000+0 0  9994
2 45344   2.0391  15.3995 0003233 141.4100 284.3267  1.00271826 12935
COSMOS 2545             
1 45358U 20018A   23232.32167095 -.00000066  00000+0  00000+0 0  9992
2 45358  64.8486 348.4439 0009233 235.6086 124.3259  2.13102685 26670
BEIDOU-3 G3             
1 45807U 20040A   23233.38949512 -.00000346  00000+0  00000+0 0  9996
2 45807   0.6288 340.7288 0004847 352.0964 247.3879  1.00269040 11749
NAVSTAR 79 (USA 304)    
1 45854U 20041A   23232.64024417 -.00000022  00000+0  00000+0 0  9996
2 45854  55.8695  69.3041 0035457 185.9270 152.0329  2.00564141 23342
GALAXY 30 (G-30)        
1 46114U 20056C   23232.55079550  .00000043  00000+0  00000+0 0  9992
2 46114   0.0220 116.3122 0002777  46.0600 239.5382  1.00271291 11059
COSMOS 2547             
1 46805U 20075A   23232.98003603  .00000082  00000+0  00000+0 0  9996
2 46805  64.6170 226.9864 0008762 244.0092 115.9099  2.13103013 21933
NAVSTAR 80 (USA 309)    
1 46826U 20078A   23233.19482892  .00000051  00000+0  00000+0 0  9993
2 46826  54.3192 252.6395 0035491 194.6242 159.2128  2.00562811 20829
NAVSTAR 81 (USA 319)    
1 48859U 21054A   23232.95098683 -.00000076  00000+0  00000+0 0  9998
2 48859  55.3361  13.8033 0011578 209.7298 149.8719  2.00574708 16061
QZS-1R                  
1 49336U 21096A   23223.74525463 -.00000331  00000+0  00000+0 0  9997
2 49336  35.3005  95.2790 0740332 268.7858 355.3268  1.00301615  6575
GSAT0223 (GALILEO 27)   
1 49809U 21116A   23232.27028066 -.00000078  00000+0  00000+0 0  9998
2 49809  57.2774   9.5060 0003122 166.3846 243.5065  1.70476314 10588
GSAT0224 (GALILEO 28)   
1 49810U 21116B   23231.71310453 -.00000080  00000+0  00000+0 0  9995
2 49810  57.2794   9.5192 0002716 153.5707  26.8498  1.70476368 10592
COSMOS 2557             
1 52984U 22075A   23233.14245518 -.00000064  00000+0  00000+0 0  9996
2 52984  64.7646 350.5761 0011341 276.4584  83.4339  2.13102366  8727
COSMOS 2559             
1 54031U 22130A   23232.14585115 -.00000067  00000+0  00000+0 0  9995
2 54031  64.7359 350.7389 0006713 213.9982 145.9777  2.13101580  6697
COSMOS 2564             
1 54377U 22161A   23232.33912364  .00000076  00000+0  00000+0 0  9992
2 54377  64.7577 227.0582 0011195 226.8324 133.0830  2.13102223  5643
NAVSTAR 82 (USA 343)    
1 55268U 23009A   23231.14471046  .00000037  00000+0  00000+0 0  9996
2 55268  55.0922 189.0486 0004091  92.8476  84.8307  2.00556944  4512
BEIDOU-3 G4             
1 56564U 23066A   23233.47775545 -.00000104  00000+0  00000+0 0  9994
2 56564   2.8809 288.8538 0007240 205.6070 166.9716  1.00273874  1076
IRNSS-1J (NVS-01)       
1 56759U 23076A   23233.03485506 -.00000330  00000+0  00000+0 0  9999
2 56759   4.7784 272.3381 0005662 340.1587 218.6741  1.00269051   864
