NAVSTAR 43 (USA 132)    
1 24876U 97035A   23222.16891405 -.00000045  00000+0  00000+0 0  9994
2 24876  55.5827 139.3282 0071370  51.7491 308.8955  2.00563930190853
NAVSTAR 47 (USA 150)    
1 26360U 00025A   23223.32621697 -.00000058  00000+0  00000+0 0  9994
2 26360  54.4110  61.5855 0041223 198.4986   6.1004  2.00572467170384
NAVSTAR 51 (USA 166)    
1 27663U 03005A   23223.56852288  .00000053  00000+0  00000+0 0  9994
2 27663  55.2570 256.3566 0131387  44.6297 315.0949  2.00567429150437
NAVSTAR 52 (USA 168)    
1 27704U 03010A   23224.25741924 -.00000109  00000+0  00000+0 0  9990
2 27704  55.1150   6.3016 0248277 318.2220  36.6641  2.00573899149242
NAVSTAR 54 (USA 177)    
1 28190U 04009A   23224.38409618 -.00000086  00000+0  00000+0 0  9998
2 28190  55.7085 317.3820 0093096 137.5154 247.5176  2.00568050142127
NAVSTAR 56 (USA 180)    
1 28474U 04045A   23223.80164256 -.00000107  00000+0  00000+0 0  9999
2 28474  55.4421   6.6333 0161677 281.9665  96.9642  2.00579169137550
ANIK F1R                
1 28868U 05036A   23224.47963914 -.00000083  00000+0  00000+0 0  9992
2 28868   1.6297  89.3573 0002648  26.2670 270.3794  1.00271791 65738
NAVSTAR 57 (USA 183)    
1 28874U 05038A   23224.39779829 -.00000080  00000+0  00000+0 0  9999
2 28874  55.7602 314.8329 0138933 279.2389 136.4952  2.00577090130973
INMARSAT 4-F2           
1 28899U 05044A   23223.99205965  .00000002  00000+0  00000+0 0  9996
2 28899   3.8484  40.6349 0002578 114.5892 225.9973  1.00272222 65076
NAVSTAR 58 (USA 190)    
1 29486U 06042A   23222.01405299  .00000052  00000+0  00000+0 0  9997
2 29486  54.6875 192.6587 0102576  31.2420   5.2326  2.00571306123645
NAVSTAR 59 (USA 192)    
1 29601U 06052A   23223.87784650  .00000055  00000+0  00000+0 0  9996
2 29601  55.2773 255.3020 0084217  79.2858 281.7304  2.00576507122582
NAVSTAR 60 (USA 196)    
1 32260U 07047A   23222.19562929 -.00000060  00000+0  00000+0 0  9990
2 32260  53.4545 123.1837 0150354  69.9703 291.6702  2.00552687115939
COSMOS 2433             
1 32275U 07052A   23223.56951442 -.00000097  00000+0  00000+0 0  9996
2 32275  66.0287 350.7243 0002907 206.4699 153.5170  2.13104206122925
COSMOS 2432             
1 32276U 07052B   23223.62681503 -.00000097  00000+0  00000+0 0  9992
2 32276  66.0431 350.8306 0007840 327.7881  23.2968  2.13103334122917
NAVSTAR 61 (USA 199)    
1 32384U 07062A   23223.54852997 -.00000087  00000+0  00000+0 0  9990
2 32384  55.8922 315.6841 0024998 148.3985 238.3410  2.00557634114707
COSMOS 2434             
1 32393U 07065A   23224.30396678  .00000086  00000+0  00000+0 0  9995
2 32393  64.3382 227.0886 0000261 199.9728 254.5559  2.13103155121645
COSMOS 2436             
1 32395U 07065C   23220.30455101  .00000088  00000+0  00000+0 0  9992
2 32395  64.3469 227.2861 0015456 351.2143  50.6263  2.13102866121492
NAVSTAR 62 (USA 201)    
1 32711U 08012A   23223.10747437  .00000034  00000+0  00000+0 0  9995
2 32711  54.4543 191.4521 0177277 235.6538 122.6343  2.00556619112871
NAVSTAR 64 (USA 206)    
1 35752U 09043A   23222.83158692 -.00000056  00000+0  00000+0 0  9991
2 35752  55.4118  68.6961 0058519  68.0653 109.4002  2.00559367102455
COSMOS 2456             
1 36111U 09070A   23223.97721662 -.00000036  00000+0  00000+0 0  9998
2 36111  64.4808 106.6090 0003009 325.7818  37.5963  2.13099298106308
COSMOS 2457             
1 36112U 09070B   23224.09897941 -.00000034  00000+0  00000+0 0  9995
2 36112  64.4649 106.4707 0004860 152.0706  75.3222  2.13101461106302
COSMOS 2460             
1 36402U 10007C   23224.23804191 -.00000098  00000+0  00000+0 0  9990
2 36402  65.8915 349.4215 0001689 135.1456 187.0618  2.13106394104654
NAVSTAR 65 (USA 213)    
1 36585U 10022A   23223.54942325  .00000060  00000+0  00000+0 0  9992
2 36585  54.5756 250.5477 0108704  59.6958  32.2450  2.00560797 96718
BEIDOU-2 IGSO-1         
1 36828U 10036A   23223.78600212 -.00000136  00000+0  00000+0 0  9994
2 36828  54.2380 172.3844 0036898 190.4385 348.6408  1.00260475 47799
QZS-1 (MICHIBIKI-1)     
1 37158U 10045A   23222.34988505 -.00000050  00000+0  00000+0 0  9991
2 37158  42.7890 127.7215 0037811 277.0061 305.2836  0.88387227 47265
BEIDOU-2 G4             
1 37210U 10057A   23223.52410368 -.00000121  00000+0  00000+0 0  9990
2 37210   1.1248  59.7293 0005038 146.9396 101.6351  1.00272670 46855
BEIDOU-2 IGSO-2         
1 37256U 10068A   23224.16369330 -.00000172  00000+0  00000+0 0  9991
2 37256  49.4486 284.5855 0032384 210.4730 351.1188  1.00291902 46353
BEIDOU-2 IGSO-3         
1 37384U 11013A   23224.36870131 -.00000160  00000+0  00000+0 0  9999
2 37384  60.9054  50.1154 0027237 173.4229 337.0818  1.00288044 45248
GSAT-8                  
1 37605U 11022A   23223.99031635  .00000077  00000+0  00000+0 0  9997
2 37605   0.0158  99.4472 0003817 152.0645 120.2145  1.00271820 44817
NAVSTAR 66 (USA 232)    
1 37753U 11036A   23222.55386324 -.00000097  00000+0  00000+0 0  9998
2 37753  56.7400  12.4268 0127278  56.1263 122.5837  2.00568378 88375
BEIDOU-2 IGSO-4         
1 37763U 11038A   23224.22680550 -.00000103  00000+0  00000+0 0  9993
2 37763  54.5121 174.9192 0112229 228.4622  94.0176  1.00279034 44216
GSAT0101 (GALILEO-PFM)  
1 37846U 11060A   23222.66020896 -.00000100  00000+0  00000+0 0  9994
2 37846  57.1061   9.9658 0002586  69.7206 290.3068  1.70476017 73492
GSAT0102 (GALILEO-FM2)  
1 37847U 11060B   23220.80154426 -.00000098  00000+0  00000+0 0  9992
2 37847  57.1068  10.0162 0001780  18.0796 327.5739  1.70475334 73454
COSMOS 2476             
1 37867U 11064A   23223.38440089 -.00000042  00000+0  00000+0 0  9996
2 37867  64.7610 108.1473 0021516 234.9578 302.7489  2.13101797 91637
COSMOS 2477             
1 37868U 11064B   23223.15743874 -.00000043  00000+0  00000+0 0  9991
2 37868  64.7683 108.2244 0018752 235.6827 305.8006  2.13101708 91583
COSMOS 2475             
1 37869U 11064C   23223.25881736 -.00000043  00000+0  00000+0 0  9993
2 37869  64.7755 108.2329 0023154 253.0523 324.6508  2.13102105 91596
BEIDOU-2 IGSO-5         
1 37948U 11073A   23224.12073847 -.00000128  00000+0  00000+0 0  9998
2 37948  49.5736 284.2530 0094825 219.7478 315.7336  1.00278496 42974
LUCH-5A                 
1 37951U 11074B   23223.52802190 -.00000060  00000+0  00000+0 0  9992
2 37951   6.0827  90.1121 0005006  45.5207 181.0996  1.00272660 42754
BEIDOU-2 G5             
1 38091U 12008A   23223.16716059  .00000048  00000+0  00000+0 0  9999
2 38091   1.6534  68.0236 0001484 188.1531 182.0876  1.00275989 42044
BEIDOU-2 M3             
1 38250U 12018A   23223.57226964 -.00000123  00000+0  00000+0 0  9998
2 38250  56.5247 339.6626 0022389 254.9973 104.7620  1.86231223 76907
BEIDOU-2 M4             
1 38251U 12018B   23223.50380549 -.00000123  00000+0  00000+0 0  9992
2 38251  56.4358 338.9598 0013264 254.4698 105.3915  1.86231934 76904
SES-5                   
1 38652U 12036A   23224.33856968  .00000026  00000+0  00000+0 0  9993
2 38652   0.0567 287.1259 0001712 214.3147 305.9279  1.00271587 40641
BEIDOU-2 M6             
1 38775U 12050B   23223.21385243 -.00000062  00000+0  00000+0 0  9995
2 38775  55.6723  97.5765 0012514 337.9323  22.0812  1.86231328 74271
GSAT-10                 
1 38779U 12051B   23224.13922799 -.00000172  00000+0  00000+0 0  9997
2 38779   0.1137 271.0782 0001050  16.9728 165.4004  1.00269304 39865
NAVSTAR 67 (USA 239)    
1 38833U 12053A   23224.28312946  .00000007  00000+0  00000+0 0  9999
2 38833  53.5150 186.1344 0140478  51.4995 309.7180  2.00566845 79471
GSAT0103 (GALILEO-FM3)  
1 38857U 12055A   23223.28584359 -.00000045  00000+0  00000+0 0  9998
2 38857  55.2740 130.1547 0003533 272.7706  87.2047  1.70473738 67407
GSAT0104 (GALILEO-FM4)  
1 38858U 12055B   23222.08216883 -.00000043  00000+0  00000+0 0  9998
2 38858  55.2737 130.1893 0000971 280.4534  79.5514  1.70473967 67357
BEIDOU-2 G6             
1 38953U 12059A   23224.06775285 -.00000185  00000+0  00000+0 0  9991
2 38953   1.7673  82.0370 0008251 315.2452  31.4004  1.00273226 39616
LUCH-5B                 
1 38977U 12061A   23224.03928907 -.00000147  00000+0  00000+0 0  9996
2 38977   8.2042  59.3256 0005634  96.6507 162.0986  1.00273115 39748
COSMOS 2485             
1 39155U 13019A   23223.09473086 -.00000044  00000+0  00000+0 0  9993
2 39155  64.9215 108.6757 0021968 230.8489 129.0159  2.13102016 80096
NAVSTAR 68 (USA 242)    
1 39166U 13023A   23222.64909078 -.00000083  00000+0  00000+0 0  9998
2 39166  55.3772 311.1076 0114025  41.7852 319.1198  2.00564361 74982
IRNSS-1A                
1 39199U 13034A   23222.84088216  .00000054  00000+0  00000+0 0  9997
2 39199  33.3667  79.0577 0019399 176.6028  61.0941  1.00272151 37209
NAVSTAR 69 (USA 248)    
1 39533U 14008A   23223.14486255  .00000033  00000+0  00000+0 0  9997
2 39533  53.6023 191.7353 0067272 215.7591 143.7657  2.00550402 69351
ASTRA 5B                
1 39617U 14011B   23224.34196911  .00000129  00000+0  00000+0 0  9990
2 39617   0.0712 297.3078 0002919 234.6049 295.2088  1.00269683 34447
COSMOS 2492             
1 39620U 14012A   23224.45796241 -.00000098  00000+0  00000+0 0  9995
2 39620  65.7752 349.0359 0010881 321.7463  38.1785  2.13103230 73086
IRNSS-1B                
1 39635U 14017A   23224.17479890  .00000131  00000+0  00000+0 0  9990
2 39635  28.7507 258.0556 0020672 191.9045 348.4203  1.00274807 34352
LUCH-5V                 
1 39727U 14023A   23224.06984480 -.00000278  00000+0  00000+0 0  9996
2 39727   2.5160  77.3913 0003077 114.1443 248.6031  1.00271081552083
NAVSTAR 70 (USA 251)    
1 39741U 14026A   23223.42690058 -.00000099  00000+0  00000+0 0  9990
2 39741  56.6937  11.9154 0028597 312.0640  47.6990  2.00558963 67657
COSMOS 2500             
1 40001U 14032A   23223.70304852 -.00000098  00000+0  00000+0 0  9992
2 40001  65.7137 348.8905 0007468 191.3147 168.6712  2.13106020 71288
NAVSTAR 71 (USA 256)    
1 40105U 14045A   23223.01469876 -.00000059  00000+0  00000+0 0  9990
2 40105  54.8050 130.0446 0023836 112.9355 247.3354  2.00576129 66080
GSAT0201 (GALILEO 5)    
1 40128U 14050A   23218.23725283 -.00000104  00000+0  00000+0 0  9997
2 40128  49.9615 315.7317 1610143 139.2673 233.9791  1.85518998 60852
GSAT0202 (GALILEO 6)    
1 40129U 14050B   23224.42567876 -.00000097  00000+0  00000+0 0  9999
2 40129  49.9752 314.5552 1607712 140.3156 232.6513  1.85519880 61164
IRNSS-1C                
1 40269U 14061A   23224.35425934 -.00000172  00000+0  00000+0 0  9990
2 40269   3.9093 113.4278 0020845  14.3617  43.2630  1.00269651 32401
NAVSTAR 72 (USA 258)    
1 40294U 14068A   23221.89544301 -.00000059  00000+0  00000+0 0  9995
2 40294  56.1544  71.4577 0048828  60.8675 299.6877  2.00570069 64286
COSMOS 2501             
1 40315U 14075A   23221.13720414  .00000092  00000+0  00000+0 0  9991
2 40315  63.6419 226.5734 0020234 211.6924 148.2172  2.13101404 67621
NAVSTAR 73 (USA 260)    
1 40534U 15013A   23224.02418006  .00000060  00000+0  00000+0 0  9994
2 40534  53.4741 247.2568 0079410  25.0665 335.3763  2.00556161 61385
GSAT0203 (GALILEO 7)    
1 40544U 15017A   23221.26655978 -.00000099  00000+0  00000+0 0  9996
2 40544  56.9015   9.9801 0002250 217.8452 142.1396  1.70476117 52085
GSAT0204 (GALILEO 8)    
1 40545U 15017B   23223.86644923 -.00000100  00000+0  00000+0 0  9996
2 40545  56.9079   9.9236 0002800 198.0741 161.9142  1.70475763 52130
IRNSS-1D                
1 40547U 15018A   23223.50007965 -.00000256  00000+0  00000+0 0  9991
2 40547  28.1201 258.0411 0020715 190.8179 162.6730  1.00274560 30808
BEIDOU-3S IGSO-1S       
1 40549U 15019A   23223.71138598 -.00000178  00000+0  00000+0 0  9997
2 40549  51.1414 307.8496 0040743 194.5248 168.8245  1.00261578 30656
NAVSTAR 74 (USA 262)    
1 40730U 15033A   23223.18844049 -.00000078  00000+0  00000+0 0  9990
2 40730  54.8654 309.7118 0084608  14.0661 346.2119  2.00556601 59130
BEIDOU-3S M2S           
1 40748U 15037A   23218.87425077 -.00000109  00000+0  00000+0 0  9994
2 40748  55.6796 337.7306 0010043 238.4037 121.5106  1.86233073 54656
BEIDOU-3S M1S           
1 40749U 15037B   23223.43990065 -.00000123  00000+0  00000+0 0  9993
2 40749  55.6799 337.5624 0002437 319.4569  40.5340  1.86232998 54733
GSAT0205 (GALILEO 9)    
1 40889U 15045A   23221.28807773  .00000047  00000+0  00000+0 0  9995
2 40889  55.3760 250.4165 0003128 358.6158   1.4436  1.70473631 49238
GSAT0206 (GALILEO 10)   
1 40890U 15045B   23223.85512593  .00000053  00000+0  00000+0 0  9992
2 40890  55.3742 250.3410 0002077 320.1922  39.8603  1.70473618 49301
BEIDOU-3S IGSO-2S       
1 40938U 15053A   23224.10307762 -.00000087  00000+0  00000+0 0  9991
2 40938  50.8429 271.0142 0048128 193.5383 347.9082  1.00288838 28917
NAVSTAR 75 (USA 265)    
1 41019U 15062A   23222.24467765 -.00000057  00000+0  00000+0 0  9992
2 41019  56.1386  71.2936 0088104 221.1071 138.2915  2.00562315 56935
GSAT-15                 
1 41028U 15065A   23224.06958331 -.00000265  00000+0  00000+0 0  9992
2 41028   0.1158 271.8250 0002126 184.7911 342.1813  1.00271884 28439
GSAT0209 (GALILEO 12)   
1 41174U 15079A   23221.68039261 -.00000041  00000+0  00000+0 0  9998
2 41174  55.2911 129.9056 0003824 321.8426  38.1473  1.70473903 47581
GSAT0208 (GALILEO 11)   
1 41175U 15079B   23222.48657878 -.00000044  00000+0  00000+0 0  9991
2 41175  55.2898 129.8815 0003143 324.6099  35.3853  1.70473872 47596
IRNSS-1E                
1 41241U 16003A   23224.00173495 -.00000320  00000+0  00000+0 0  9998
2 41241  30.9224  78.1507 0019306 173.9565 180.5519  1.00276126 27763
NAVSTAR 76 (USA 266)    
1 41328U 16007A   23221.83799442 -.00000051  00000+0  00000+0 0  9993
2 41328  55.0099 130.8640 0071596 234.7458 124.6017  2.00551511 54977
COSMOS 2514             
1 41330U 16008A   23223.93392287 -.00000099  00000+0  00000+0 0  9998
2 41330  65.5109 348.4699 0011030 203.1209 156.8323  2.13102642 58455
IRNSS-1F                
1 41384U 16015A   23223.62744630  .00000149  00000+0  00000+0 0  9999
2 41384   2.8857 130.9719 0018064 180.6994 266.5984  1.00276479 27227
BEIDOU-2 IGSO-6         
1 41434U 16021A   23223.34807806 -.00000144  00000+0  00000+0 0  9992
2 41434  58.7170  48.5070 0046317 217.9680 273.9974  1.00288018 27046
IRNSS-1G                
1 41469U 16027A   23223.43178588 -.00000344  00000+0  00000+0 0  9996
2 41469   2.7784 132.7213 0004108 347.8257 124.0746  1.00275841 26732
GSAT0211 (GALILEO 14)   
1 41549U 16030A   23223.78079904  .00000054  00000+0  00000+0 0  9996
2 41549  55.5215 250.3206 0003650 303.0981  56.9346  1.70473779 44910
GSAT0210 (GALILEO 13)   
1 41550U 16030B   23221.72599700  .00000049  00000+0  00000+0 0  9995
2 41550  55.5214 250.3785 0004097 270.0689  89.9460  1.70473783 44870
COSMOS 2516             
1 41554U 16032A   23222.17234304  .00000095  00000+0  00000+0 0  9998
2 41554  63.8682 226.9309 0015531 214.8208 145.1116  2.13106475 56026
BEIDOU-2 G7             
1 41586U 16037A   23223.71469826 -.00000362  00000+0  00000+0 0  9996
2 41586   1.8155  68.1235 0007235 349.1567 270.4669  1.00270673 26359
EUTELSAT 117 WEST B     
1 41589U 16038B   23224.31442501 -.00000019  00000+0  00000+0 0  9997
2 41589   0.0033 220.2914 0000314 256.7779 199.6262  1.00271492 26274
GSAT0207 (GALILEO 15)   
1 41859U 16069A   23223.14742137 -.00000045  00000+0  00000+0 0  9998
2 41859  54.9541 129.9430 0003815 305.4455  54.5347  1.70473898 41873
GSAT0212 (GALILEO 16)   
1 41860U 16069B   23222.41552879 -.00000044  00000+0  00000+0 0  9990
2 41860  54.9514 129.9603 0002854 339.5305  20.4737  1.70474066 41896
GSAT0213 (GALILEO 17)   
1 41861U 16069C   23223.95457848 -.00000044  00000+0  00000+0 0  9991
2 41861  54.9545 129.9236 0003700 281.7977  78.1782  1.70472830 41917
GSAT0214 (GALILEO 18)   
1 41862U 16069D   23222.34201918 -.00000044  00000+0  00000+0 0  9999
2 41862  54.9519 129.9624 0003168 287.1999  72.7812  1.70472640 41881
SES-15                  
1 42709U 17026A   23223.02199593  .00000053  00000+0  00000+0 0  9994
2 42709   0.0175  39.1444 0000256 154.5762   4.2607  1.00268760 23740
QZS-2 (MICHIBIKI-2)     
1 42738U 17028A   23224.41615731 -.00000126  00000+0  00000+0 0  9991
2 42738  41.0796 258.1939 0754818 269.7887  84.0577  1.00270958 22715
QZS-3 (MICHIBIKI-3)     
1 42917U 17048A   23224.00465778 -.00000355  00000+0  00000+0 0  9995
2 42917   0.0603 165.8250 0002446 352.9447 290.1124  1.00274610 21936
COSMOS 2522             
1 42939U 17055A   23223.77589508  .00000090  00000+0  00000+0 0  9993
2 42939  64.1022 227.3938 0010197 242.9615 116.9695  2.13102020 45800
QZS-4 (MICHIBIKI-4)     
1 42965U 17062A   23223.25257718 -.00000359  00000+0  00000+0 0  9997
2 42965  40.6452 356.7508 0747124 268.8742 283.4259  1.00287915 21363
BEIDOU-3 M1             
1 43001U 17069A   23224.05413607 -.00000054  00000+0  00000+0 0  9998
2 43001  55.8244  97.6037 0008706 304.0089  55.9795  1.86231774 39231
BEIDOU-3 M2             
1 43002U 17069B   23222.91689529 -.00000063  00000+0  00000+0 0  9990
2 43002  55.8229  97.6782 0007232 331.7710  28.2561  1.86231234 39205
GSAT0215 (GALILEO 19)   
1 43055U 17079A   23221.65793053  .00000049  00000+0  00000+0 0  9990
2 43055  55.4986 250.2056 0003716 264.6984  95.3206  1.70474345 35213
GSAT0216 (GALILEO 20)   
1 43056U 17079B   23223.70962590  .00000054  00000+0  00000+0 0  9999
2 43056  55.4976 250.1488 0005201 271.2946  88.7132  1.70474530 35236
GSAT0217 (GALILEO 21)   
1 43057U 17079C   23222.75680258  .00000053  00000+0  00000+0 0  9991
2 43057  55.4966 250.1743 0004556 281.6328  78.3811  1.70474498 35233
GSAT0218 (GALILEO 22)   
1 43058U 17079D   23220.04392863  .00000042  00000+0  00000+0 0  9992
2 43058  55.4956 250.2466 0005641 270.1614  89.8307  1.70474393 35188
BEIDOU-3 M7             
1 43107U 18003A   23224.27867084 -.00000122  00000+0  00000+0 0  9996
2 43107  55.1323 338.2744 0004094  78.3228 281.7323  1.86232600 37996
BEIDOU-3 M8             
1 43108U 18003B   23222.60571857 -.00000124  00000+0  00000+0 0  9994
2 43108  55.1263 338.3189 0003366 239.6019 120.3734  1.86230989 37964
BEIDOU-3 M4             
1 43207U 18018A   23220.36346996 -.00000061  00000+0  00000+0 0  9995
2 43207  55.7807  97.8269 0005622   3.5261 356.5421  1.86231530 37301
BEIDOU-3 M3             
1 43208U 18018B   23223.11487289 -.00000062  00000+0  00000+0 0  9994
2 43208  55.7821  97.7393 0006819 319.7169  40.2994  1.86231509 37356
BEIDOU-3 M9             
1 43245U 18029A   23223.87474975 -.00000121  00000+0  00000+0 0  9994
2 43245  55.0274 336.0241 0001096 190.3996 169.6094  1.86232842 36522
BEIDOU-3 M10            
1 43246U 18029B   23224.34176802 -.00000120  00000+0  00000+0 0  9995
2 43246  55.0246 336.0371 0002831   8.3553 351.6611  1.86233062 36524
IRNSS-1I                
1 43286U 18035A   23222.70042465  .00000060  00000+0  00000+0 0  9993
2 43286  29.1943  90.5863 0019244 177.4953 358.0137  1.00274694 19628
COSMOS 2527             
1 43508U 18053A   23223.26524005 -.00000042  00000+0  00000+0 0  9998
2 43508  65.0828 108.7575 0007502 226.4405 133.5580  2.13102458 40095
BEIDOU-2 IGSO-7         
1 43539U 18057A   23223.78635076 -.00000140  00000+0  00000+0 0  9993
2 43539  55.1226 172.0650 0064943 231.8494 311.3179  1.00291007 18728
GSAT0221 (GALILEO 25)   
1 43564U 18060A   23222.87646512 -.00000100  00000+0  00000+0 0  9997
2 43564  57.2827   9.8584 0001919 256.7643 103.2134  1.70476069 31426
GSAT0222 (GALILEO 26)   
1 43565U 18060B   23221.33476341 -.00000098  00000+0  00000+0 0  9995
2 43565  57.2856   9.9007 0002440 200.0201 159.9707  1.70475806 31435
GSAT0219 (GALILEO 23)   
1 43566U 18060C   23222.73029689 -.00000100  00000+0  00000+0 0  9994
2 43566  57.2855   9.8654 0000974 270.7940  89.1942  1.70476083 31439
GSAT0220 (GALILEO 24)   
1 43567U 18060D   23221.19095171 -.00000098  00000+0  00000+0 0  9999
2 43567  57.2847   9.9064 0001218 259.2118 100.7748  1.70475838 31383
BEIDOU-3 M5             
1 43581U 18062A   23222.41440131  .00000082  00000+0  00000+0 0  9995
2 43581  54.1825 217.7619 0005740 274.8032  85.1409  1.86231966 34234
BEIDOU-3 M6             
1 43582U 18062B   23223.89088044  .00000068  00000+0  00000+0 0  9994
2 43582  54.1821 217.7011 0004653 347.2623  12.7332  1.86229769 34262
BEIDOU-3 M12            
1 43602U 18067A   23223.82740194  .00000067  00000+0  00000+0 0  9995
2 43602  54.2692 216.3566 0006713   9.6013 350.4165  1.86231639 33740
BEIDOU-3 M11            
1 43603U 18067B   23223.42427441  .00000072  00000+0  00000+0 0  9995
2 43603  54.2664 216.3361 0003927 351.4073   8.5919  1.86231561 33765
BEIDOU-3 M13            
1 43622U 18072A   23223.91989738 -.00000055  00000+0  00000+0 0  9990
2 43622  55.7526  97.2493 0005357 302.2726  57.7461  1.86231773 33289
BEIDOU-3 M14            
1 43623U 18072B   23223.24839846 -.00000061  00000+0  00000+0 0  9998
2 43623  55.7539  97.2644 0003931 340.5268  19.5259  1.86231765 33275
BEIDOU-3 M16            
1 43647U 18078A   23223.94714655 -.00000121  00000+0  00000+0 0  9994
2 43647  54.9237 336.1462 0006167  14.6408 345.3881  1.86227392 32797
BEIDOU-3 M15            
1 43648U 18078B   23223.00448833 -.00000123  00000+0  00000+0 0  9996
2 43648  54.9198 336.1828 0003246  32.7220 327.3085  1.86232385 32792
BEIDOU-3 G1             
1 43683U 18085A   23223.43387785 -.00000286  00000+0  00000+0 0  9998
2 43683   1.4639 126.0560 0003201 340.8825 148.8471  1.00276811 17619
COSMOS 2529             
1 43687U 18086A   23224.30313242  .00000086  00000+0  00000+0 0  9994
2 43687  64.3174 227.8050 0011810 261.4206  98.4808  2.13102144 37129
BEIDOU-3 M17            
1 43706U 18093A   23224.22664774  .00000064  00000+0  00000+0 0  9990
2 43706  54.2648 217.6157 0010785 277.4342  82.4492  1.86232101 32154
BEIDOU-3 M18            
1 43707U 18093B   23224.09233543  .00000066  00000+0  00000+0 0  9994
2 43707  54.2656 217.6119 0008770 300.5241  59.3957  1.86229903 32165
NAVSTAR 77 (USA 289)    
1 43873U 18109A   23221.23942573 -.00000041  00000+0  00000+0 0  9993
2 43873  55.1862 133.3967 0025156 192.4223 350.0379  2.00567742 34106
BEIDOU-3 IGSO-1         
1 44204U 19023A   23224.36132889 -.00000198  00000+0  00000+0 0  9999
2 44204  57.1847  48.4824 0022852 193.9447 327.1071  1.00289848 15933
BEIDOU-2 G8             
1 44231U 19027A   23223.47641184 -.00000257  00000+0  00000+0 0  9993
2 44231   1.8963  81.2281 0006104 127.5108  66.9257  1.00269471 15630
COSMOS 2534             
1 44299U 19030A   23223.28205144  .00000094  00000+0  00000+0 0  9990
2 44299  64.3901 227.7640 0013886 279.9503 150.9078  2.13102113 32753
BEIDOU-3 IGSO-2         
1 44337U 19035A   23223.46389392 -.00000149  00000+0  00000+0 0  9998
2 44337  55.1548 168.0022 0033197 198.2871 239.7390  1.00282248 15263
NAVSTAR 78 (USA 293)    
1 44506U 19056A   23221.12410347 -.00000096  00000+0  00000+0 0  9996
2 44506  55.8174  12.4768 0035830 183.8752 175.3715  2.00565225 29144
BEIDOU-3 M24            
1 44542U 19061A   23223.62729018  .00000072  00000+0  00000+0 0  9990
2 44542  54.4920 217.8615 0008247 334.4320  25.5356  1.86231453 26417
BEIDOU-3 M23            
1 44543U 19061B   23224.29699206  .00000064  00000+0  00000+0 0  9991
2 44543  54.4904 217.8079 0005936 315.5044  45.3298  1.86231864 26421
BEIDOU-3 IGSO-3         
1 44709U 19073A   23223.59253607 -.00000175  00000+0  00000+0 0  9995
2 44709  56.5728 292.0033 0035016 188.7037 171.3333  1.00289450 14002
BEIDOU-3 M22            
1 44793U 19078A   23221.32471251 -.00000121  00000+0  00000+0 0  9990
2 44793  54.7739 336.2069 0005193  24.8269 335.2092  1.86232262 25230
BEIDOU-3 M21            
1 44794U 19078B   23223.60313616 -.00000122  00000+0  00000+0 0  9995
2 44794  54.7461 336.1108 0003119  23.5127 336.5124  1.86232796 25277
COSMOS 2544             
1 44850U 19088A   23223.20894276 -.00000043  00000+0  00000+0 0  9993
2 44850  65.0688 108.6027 0011966 255.9833 103.9445  2.13102251 28517
BEIDOU-3 M19            
1 44864U 19090A   23223.56134868 -.00000059  00000+0  00000+0 0  9991
2 44864  55.6867  97.4489 0016053 277.8972 247.9612  1.86231964 24842
BEIDOU-3 M20            
1 44865U 19090B   23224.41133657 -.00000050  00000+0  00000+0 0  9993
2 44865  55.6892  97.4532 0014074 292.8257 172.6985  1.86231938 24842
BEIDOU-3 G2             
1 45344U 20017A   23224.06696837 -.00000149  00000+0  00000+0 0  9991
2 45344   2.0345  14.9933 0003086 141.5465 267.8651  1.00272777 12841
COSMOS 2545             
1 45358U 20018A   23224.34422568 -.00000099  00000+0  00000+0 0  9990
2 45358  64.8511 348.7199 0008901 235.2237 124.6953  2.13102681 26502
BEIDOU-3 G3             
1 45807U 20040A   23224.07306991 -.00000360  00000+0  00000+0 0  9996
2 45807   0.6370 339.1025 0005010 353.8997 124.1165  1.00274087 11657
NAVSTAR 79 (USA 304)    
1 45854U 20041A   23222.58107462 -.00000056  00000+0  00000+0 0  9997
2 45854  55.8610  69.6998 0034894 185.7232  89.0063  2.00564322 23146
GALAXY 30 (G-30)        
1 46114U 20056C   23224.46968701  .00000029  00000+0  00000+0 0  9992
2 46114   0.0162  86.3369 0002266  70.2406 208.1481  1.00271582 10974
COSMOS 2547             
1 46805U 20075A   23222.18714967  .00000097  00000+0  00000+0 0  9995
2 46805  64.6173 227.3497 0008830 243.8398 116.1046  2.13103026 21709
NAVSTAR 80 (USA 309)    
1 46826U 20078A   23223.31648332  .00000055  00000+0  00000+0 0  9993
2 46826  54.3229 253.0402 0035302 194.2191 226.9394  2.00562806 20623
NAVSTAR 81 (USA 319)    
1 48859U 21054A   23222.49373584 -.00000098  00000+0  00000+0 0  9996
2 48859  55.3342  14.2204 0011246 209.3596 159.1766  2.00575249 15857
QZS-1R                  
1 49336U 21096A   23223.74525463 -.00000331  00000+0  00000+0 0  9997
2 49336  35.3005  95.2790 0740332 268.7858 355.3268  1.00301615  6575
GSAT0223 (GALILEO 27)   
1 49809U 21116A   23224.26924292 -.00000100  00000+0  00000+0 0  9990
2 49809  57.2766   9.7200 0002948 161.7344  17.7311  1.70476261 10445
GSAT0224 (GALILEO 28)   
1 49810U 21116B   23224.09120017 -.00000100  00000+0  00000+0 0  9996
2 49810  57.2779   9.7230 0002663 150.6293  32.0481  1.70476268 10465
COSMOS 2557             
1 52984U 22075A   23222.81869608 -.00000097  00000+0  00000+0 0  9996
2 52984  64.7675 350.9346 0011074 277.4288  82.4482  2.13102311  8501
COSMOS 2559             
1 54031U 22130A   23221.35279798 -.00000091  00000+0  00000+0 0  9990
2 54031  64.7389 351.1139 0006429 212.6056 147.3594  2.13101453  6467
COSMOS 2564             
1 54377U 22161A   23223.42323002  .00000093  00000+0  00000+0 0  9996
2 54377  64.7579 227.3569 0011287 226.7437 133.1978  2.13102197  5452
NAVSTAR 82 (USA 343)    
1 55268U 23009A   23223.42275049  .00000027  00000+0  00000+0 0  9992
2 55268  55.0931 189.3510 0003927  95.6302 266.5623  2.00557327  4368
BEIDOU-3 G4             
1 56564U 23066A   23223.47587189 -.00000117  00000+0  00000+0 0  9992
2 56564   2.9028 288.9030 0006999 206.3474 155.6011  1.00270240   979
IRNSS-1J (NVS-01)       
1 56759U 23076A   23224.00513439 -.00000340  00000+0  00000+0 0  9994
2 56759   4.7988 272.5007 0005624 341.7454 197.3388  1.00273318   776
