NAVSTAR 43 (USA 132)    
1 24876U 97035A   23245.60221489  .00000010  00000+0  00000+0 0  9998
2 24876  55.5867 138.4126 0072466  52.2938 308.4308  2.00563961191520
NAVSTAR 47 (USA 150)    
1 26360U 00025A   23245.50005045 -.00000045  00000+0  00000+0 0  9997
2 26360  54.4309  60.6772 0041454 199.1894 176.7204  2.00570798170846
NAVSTAR 51 (USA 166)    
1 27663U 03005A   23245.07141171  .00000020  00000+0  00000+0 0  9990
2 27663  55.2471 255.5002 0131808  44.6748   1.4972  2.00566083150877
NAVSTAR 52 (USA 168)    
1 27704U 03010A   23245.14384056 -.00000100  00000+0  00000+0 0  9991
2 27704  55.1156   5.4595 0248628 318.6898 358.0141  2.00574660149664
NAVSTAR 54 (USA 177)    
1 28190U 04009A   23245.38422238 -.00000067  00000+0  00000+0 0  9993
2 28190  55.6918 316.5474 0092924 138.5926 289.8523  2.00567263142517
NAVSTAR 56 (USA 180)    
1 28474U 04045A   23245.14531000 -.00000099  00000+0  00000+0 0  9995
2 28474  55.4425   5.7801 0162221 282.4888  28.8085  2.00579745137985
ANIK F1R                
1 28868U 05036A   23245.60173927 -.00000088  00000+0  00000+0 0  9992
2 28868   1.6831  89.0747 0002476  47.7604 313.9606  1.00271670 36242
NAVSTAR 57 (USA 183)    
1 28874U 05038A   23245.24647351 -.00000062  00000+0  00000+0 0  9990
2 28874  55.7433 314.0048 0139499 279.4803  70.9582  2.00575513131392
INMARSAT 4-F2           
1 28899U 05044A   23245.41963741 -.00000003  00000+0  00000+0 0  9992
2 28899   3.8584  40.6836 0002897 129.9978  25.5887  1.00271909 65302
NAVSTAR 58 (USA 190)    
1 29486U 06042A   23245.55496615  .00000024  00000+0  00000+0 0  9992
2 29486  54.6853 191.7262 0103076  31.9949  82.8758  2.00569813123965
NAVSTAR 59 (USA 192)    
1 29601U 06052A   23245.31540773  .00000020  00000+0  00000+0 0  9997
2 29601  55.2670 254.4495 0083283  79.3952 281.5606  2.00549428122970
NAVSTAR 60 (USA 196)    
1 32260U 07047A   23245.13151960  .00000007  00000+0  00000+0 0  9998
2 32260  53.4637 122.2324 0151287  70.5682 291.1485  2.00551465116377
COSMOS 2433             
1 32275U 07052A   23244.68617695 -.00000076  00000+0  00000+0 0  9998
2 32275  66.0228 350.0234 0003624 217.0016 142.9992  2.13104034123330
COSMOS 2432             
1 32276U 07052B   23245.16124792 -.00000077  00000+0  00000+0 0  9995
2 32276  66.0369 350.1163 0008129 321.0388 350.4907  2.13103159123364
NAVSTAR 61 (USA 199)    
1 32384U 07062A   23245.40875267 -.00000064  00000+0  00000+0 0  9999
2 32384  55.8750 314.8192 0024903 150.1704 180.2644  2.00558585115073
COSMOS 2434             
1 32393U 07065A   23245.28337602  .00000043  00000+0  00000+0 0  9990
2 32393  64.3373 226.3751 0000152  94.8504 254.4674  2.13103039122056
COSMOS 2436             
1 32395U 07065C   23245.23535640  .00000043  00000+0  00000+0 0  9999
2 32395  64.3461 226.4385 0015695 352.4069  95.5924  2.13102754122018
NAVSTAR 62 (USA 201)    
1 32711U 08012A   23245.04560761  .00000020  00000+0  00000+0 0  9990
2 32711  54.4526 190.5780 0177518 235.8336 122.4478  2.00557127113317
NAVSTAR 64 (USA 206)    
1 35752U 09043A   23245.59365921 -.00000035  00000+0  00000+0 0  9991
2 35752  55.4320  67.7866 0058396  68.9326 343.4817  2.00557961102938
COSMOS 2456             
1 36111U 09070A   23244.38854993  .00000031  00000+0  00000+0 0  9994
2 36111  64.4889 105.9076 0002277 332.5592 209.5008  2.13099162106697
COSMOS 2457             
1 36112U 09070B   23244.21835559  .00000033  00000+0  00000+0 0  9996
2 36112  64.4725 105.7788 0005547 148.1571  34.0986  2.13101332106695
COSMOS 2460             
1 36402U 10007C   23244.88370161 -.00000076  00000+0  00000+0 0  9994
2 36402  65.8853 348.7328 0001505 167.4901 153.5620  2.13106212105002
NAVSTAR 65 (USA 213)    
1 36585U 10022A   23245.40243306  .00000022  00000+0  00000+0 0  9992
2 36585  54.5669 249.6646 0109138  59.6696 331.1412  2.00561809 97163
BEIDOU-2 IGSO-1         
1 36828U 10036A   23245.33506000 -.00000145  00000+0  00000+0 0  9999
2 36828  54.2368 172.1902 0036866 189.2151 207.6750  1.00253663 47997
QZS-1 (MICHIBIKI-1)     
1 37158U 10045A   23235.98548465 -.00000031  00000+0  00000+0 0  9991
2 37158  42.8909 127.5505 0036254  12.7354 203.3381  0.88330244 47378
BEIDOU-2 G4             
1 37210U 10057A   23245.51336189 -.00000127  00000+0  00000+0 0  9997
2 37210   1.1718  60.7888 0005990 150.8361 114.5036  1.00270993 47076
BEIDOU-2 IGSO-2         
1 37256U 10068A   23245.48320108 -.00000186  00000+0  00000+0 0  9994
2 37256  49.4109 284.3267 0032588 212.1240 126.7921  1.00284377 46574
BEIDOU-2 IGSO-3         
1 37384U 11013A   23245.29684128 -.00000173  00000+0  00000+0 0  9997
2 37384  60.9368  49.9129 0027953 173.8904 332.2350  1.00281959 45441
GSAT-8                  
1 37605U 11022A   23245.13124867  .00000069  00000+0  00000+0 0  9998
2 37605   0.0153 158.0236 0004674  90.7879 194.5269  1.00270928 42997
NAVSTAR 66 (USA 232)    
1 37753U 11036A   23245.48647080 -.00000096  00000+0  00000+0 0  9993
2 37753  56.7437  11.5390 0127124  56.3151 121.1539  2.00568420 88843
BEIDOU-2 IGSO-4         
1 37763U 11038A   23245.22761682 -.00000096  00000+0  00000+0 0  9993
2 37763  54.5107 174.7326 0112215 228.1517 115.7336  1.00274206 44420
GSAT0101 (GALILEO-PFM)  
1 37846U 11060A   23243.77722946 -.00000095  00000+0  00000+0 0  9997
2 37846  57.1094   9.3956 0001847  75.6389 284.3779  1.70475770 73723
GSAT0102 (GALILEO-FM2)  
1 37847U 11060B   23245.46368883 -.00000100  00000+0  00000+0 0  9999
2 37847  57.1103   9.3499 0001202 351.0025  10.3090  1.70475197 73760
COSMOS 2476             
1 37867U 11064A   23245.34396392  .00000021  00000+0  00000+0 0  9999
2 37867  64.7690 107.4013 0021257 232.7433 231.5631  2.13101700 92054
COSMOS 2477             
1 37868U 11064B   23245.22357208  .00000023  00000+0  00000+0 0  9992
2 37868  64.7761 107.4747 0018478 233.1966 316.6356  2.13101600 92042
COSMOS 2475             
1 37869U 11064C   23245.31206541  .00000021  00000+0  00000+0 0  9994
2 37869  64.7834 107.4840 0022672 251.2752 324.9213  2.13101979 92057
BEIDOU-2 IGSO-5         
1 37948U 11073A   23245.43396385 -.00000140  00000+0  00000+0 0  9994
2 37948  49.5362 283.9953 0095225 220.3126  89.2677  1.00272859 42919
LUCH-5A                 
1 37951U 11074B   23245.47548216 -.00000060  00000+0  00000+0 0  9996
2 37951   6.1379  89.7292 0004898  59.8745 169.9836  1.00273918 42837
BEIDOU-2 G5             
1 38091U 12008A   23245.49029979  .00000043  00000+0  00000+0 0  9992
2 38091   1.7049  68.4004 0002964 169.1325 338.9992  1.00271744 42267
BEIDOU-2 M3             
1 38250U 12018A   23244.51360186 -.00000094  00000+0  00000+0 0  9997
2 38250  56.5128 338.9691 0023303 255.3450 104.4369  1.86231013 76950
BEIDOU-2 M4             
1 38251U 12018B   23244.44505156 -.00000093  00000+0  00000+0 0  9997
2 38251  56.4234 338.2645 0014171 254.8760 105.0083  1.86231719 76954
SES-5                   
1 38652U 12036A   23245.33627396  .00000018  00000+0  00000+0 0  9998
2 38652   0.0607 310.5372 0002010 211.3341 305.3780  1.00271063 34270
BEIDOU-2 M6             
1 38775U 12050B   23245.22892942 -.00000001  00000+0  00000+0 0  9992
2 38775  55.6888  96.8376 0011763 339.5484  20.4935  1.86231196 74332
GSAT-10                 
1 38779U 12051B   23245.60090164 -.00000180  00000+0  00000+0 0  9993
2 38779   0.0645 273.8312 0001607 333.9771  33.0164  1.00271106 39900
NAVSTAR 67 (USA 239)    
1 38833U 12053A   23245.22298705  .00000018  00000+0  00000+0 0  9994
2 38833  53.5133 185.2791 0141829  51.8901 309.3597  2.00567092 79002
GSAT0103 (GALILEO-FM3)  
1 38857U 12055A   23244.98961061  .00000002  00000+0  00000+0 0  9999
2 38857  55.2810 129.5576 0002580 264.4207  95.6377  1.70473559 67639
GSAT0104 (GALILEO-FM4)  
1 38858U 12055B   23244.95905987  .00000002  00000+0  00000+0 0  9992
2 38858  55.2813 129.5601 0000320 230.6306 129.4544  1.70473875 67630
BEIDOU-2 G6             
1 38953U 12059A   23245.60090135 -.00000189  00000+0  00000+0 0  9992
2 38953   1.8208  81.9615 0007287 313.7209 246.1356  1.00268927 39697
LUCH-5B                 
1 38977U 12061A   23245.26030321 -.00000148  00000+0  00000+0 0  9999
2 38977   8.2504  59.1429 0006010 107.5930 251.8260  1.00270764 39392
COSMOS 2485             
1 39155U 13019A   23244.21149728  .00000034  00000+0  00000+0 0  9991
2 39155  64.9288 107.9627 0021766 228.7530 131.1554  2.13101901 80548
NAVSTAR 68 (USA 242)    
1 39166U 13023A   23244.58661080 -.00000051  00000+0  00000+0 0  9998
2 39166  55.3590 310.2278 0114193  41.7182 319.2180  2.00564174 75431
IRNSS-1A                
1 39199U 13034A   23245.13107463  .00000076  00000+0  00000+0 0  9994
2 39199  33.4180  78.7236 0020115 176.3880 188.2385  1.00278901 37156
NAVSTAR 69 (USA 248)    
1 39533U 14008A   23245.08357070  .00000019  00000+0  00000+0 0  9990
2 39533  53.6006 190.8422 0067244 215.7699 143.7533  2.00551499 69245
ASTRA 5B                
1 39617U 14011B   23245.55494236  .00000122  00000+0  00000+0 0  9990
2 39617   0.0624 312.4403 0002956 235.2768  16.9637  1.00272563 34456
COSMOS 2492             
1 39620U 14012A   23244.16692606 -.00000074  00000+0  00000+0 0  9999
2 39620  65.7690 348.3757 0011241 317.3306  42.6092  2.13103029 73503
IRNSS-1B                
1 39635U 14017A   23245.13107463  .00000099  00000+0  00000+0 0  9996
2 39635  28.7096 257.7021 0019894 192.0196 353.5206  1.00273912 34571
LUCH-5V                 
1 39727U 14023A   23245.60611102 -.00000283  00000+0  00000+0 0  9993
2 39727   2.5691  77.2947 0003395 127.6479  89.4897  1.00271253 34143
NAVSTAR 70 (USA 251)    
1 39741U 14026A   23245.36519517 -.00000096  00000+0  00000+0 0  9994
2 39741  56.6964  11.0660 0028943 311.0575  48.6966  2.00557207 68106
COSMOS 2500             
1 40001U 14032A   23245.28876940 -.00000077  00000+0  00000+0 0  9998
2 40001  65.7069 348.1657 0007951 197.0781 162.9249  2.13105848 71743
NAVSTAR 71 (USA 256)    
1 40105U 14045A   23244.95078599  .00000012  00000+0  00000+0 0  9992
2 40105  54.8117 129.1677 0024752 113.1566 247.1853  2.00577488 65635
GSAT0201 (GALILEO 5)    
1 40128U 14050A   23244.10901188 -.00000071  00000+0  00000+0 0  9995
2 40128  49.9380 314.6966 1609026 140.2554 232.7320  1.85519045 59393
GSAT0202 (GALILEO 6)    
1 40129U 14050B   23244.90740205 -.00000077  00000+0  00000+0 0  9991
2 40129  49.9565 313.7361 1606907 141.0959 231.6587  1.85519726 61573
IRNSS-1C                
1 40269U 14061A   23245.60259109 -.00000176  00000+0  00000+0 0  9994
2 40269   3.9586 112.7655 0020099  17.2745 151.4040  1.00271021 32472
NAVSTAR 72 (USA 258)    
1 40294U 14068A   23245.32792409 -.00000027  00000+0  00000+0 0  9998
2 40294  56.1752  70.5386 0049082  61.8130 298.7328  2.00571569 64776
COSMOS 2501             
1 40315U 14075A   23244.13085404  .00000039  00000+0  00000+0 0  9990
2 40315  63.6407 225.7712 0020055 211.5155 148.3487  2.13101284 68112
NAVSTAR 73 (USA 260)    
1 40534U 15013A   23245.46372576  .00000022  00000+0  00000+0 0  9994
2 40534  53.4656 246.3674 0080267  25.2479 335.1440  2.00554758 61396
GSAT0203 (GALILEO 7)    
1 40544U 15017A   23245.31645529 -.00000100  00000+0  00000+0 0  9992
2 40544  56.9049   9.3271 0002998 224.2992 135.6752  1.70476090 51832
GSAT0204 (GALILEO 8)    
1 40545U 15017B   23244.98349117 -.00000099  00000+0  00000+0 0  9996
2 40545  56.9109   9.3505 0003392 206.4588 153.5219  1.70475605 14873
IRNSS-1D                
1 40547U 15018A   23242.88162167 -.00000280  00000+0  00000+0 0  9996
2 40547  28.0830 257.7102 0020177 191.9638 318.2901  1.00269518 31001
BEIDOU-3S IGSO-1S       
1 40549U 15019A   23245.60173088 -.00000162  00000+0  00000+0 0  9995
2 40549  51.1017 307.5922 0041022 195.9777 148.4239  1.00256237 30854
NAVSTAR 74 (USA 262)    
1 40730U 15033A   23245.12682147 -.00000054  00000+0  00000+0 0  9991
2 40730  54.8471 308.8212 0085138  13.9658 346.3389  2.00555316 59553
BEIDOU-3S M2S           
1 40748U 15037A   23244.64782423 -.00000094  00000+0  00000+0 0  9992
2 40748  55.6639 336.8588 0011154 240.5650 119.3668  1.86233129 55137
BEIDOU-3S M1S           
1 40749U 15037B   23244.91792488 -.00000095  00000+0  00000+0 0  9996
2 40749  55.6667 336.8360 0003051 302.4180  57.5956  1.86232771 55146
GSAT0205 (GALILEO 9)    
1 40889U 15045A   23244.16484061  .00000034  00000+0  00000+0 0  9994
2 40889  55.3655 249.7837 0003380 357.9516   2.0575  1.70473351 49621
GSAT0206 (GALILEO 10)   
1 40890U 15045B   23244.97210686  .00000031  00000+0  00000+0 0  9992
2 40890  55.3642 249.7569 0002381 323.8069  36.1824  1.70473347 49660
BEIDOU-3S IGSO-2S       
1 40938U 15053A   23245.53382565 -.00000116  00000+0  00000+0 0  9998
2 40938  50.8114 270.7643 0048078 194.2893 164.5026  1.00283464 29134
NAVSTAR 75 (USA 265)    
1 41019U 15062A   23245.17956439 -.00000026  00000+0  00000+0 0  9996
2 41019  56.1590  70.3945 0088991 221.0188 138.3588  2.00562181 57393
GSAT-15                 
1 41028U 15065A   23245.60600313 -.00000273  00000+0  00000+0 0  9998
2 41028   0.0662 275.3891 0002011 223.6844 154.0560  1.00271748 28583
GSAT0209 (GALILEO 12)   
1 41174U 15079A   23245.14387577  .00000001  00000+0  00000+0 0  9996
2 41174  55.2987 129.2602 0003132 329.9590  30.1113  1.70473875 47409
GSAT0208 (GALILEO 11)   
1 41175U 15079B   23243.01714922  .00000004  00000+0  00000+0 0  9992
2 41175  55.2960 129.3169 0002555 336.6745  23.3971  1.70473830 47783
IRNSS-1E                
1 41241U 16003A   23244.57424400 -.00000300  00000+0  00000+0 0  9995
2 41241  30.9695  77.8370 0020196 175.5301  45.6544  1.00277477 27853
NAVSTAR 76 (USA 266)    
1 41328U 16007A   23244.77319959  .00000014  00000+0  00000+0 0  9990
2 41328  55.0159 129.9524 0071357 233.9125 125.5041  2.00575683 55391
COSMOS 2514             
1 41330U 16008A   23245.05070030 -.00000077  00000+0  00000+0 0  9990
2 41330  65.5042 347.7556 0011657 206.6519 153.3181  2.13102567 58902
IRNSS-1F                
1 41384U 16015A   23245.55659580  .00000145  00000+0  00000+0 0  9990
2 41384   2.9297 129.9187 0018397 177.1295 266.9860  1.00268290 27451
BEIDOU-2 IGSO-6         
1 41434U 16021A   23245.42581601 -.00000153  00000+0  00000+0 0  9997
2 41434  58.7510  48.2832 0047082 217.7140 324.9708  1.00283062 27266
IRNSS-1G                
1 41469U 16027A   23245.50438220 -.00000350  00000+0  00000+0 0  9997
2 41469   2.8202 131.6041 0003685   0.1725 160.6253  1.00264607 26965
GSAT0211 (GALILEO 14)   
1 41549U 16030A   23244.31120500  .00000034  00000+0  00000+0 0  9995
2 41549  55.5118 249.7550 0003988 308.2702  51.7034  1.70473456 45288
GSAT0210 (GALILEO 13)   
1 41550U 16030B   23245.18931381  .00000031  00000+0  00000+0 0  9997
2 41550  55.5106 249.7321 0004217 274.4023  85.5539  1.70473561 45292
COSMOS 2516             
1 41554U 16032A   23243.75771506  .00000039  00000+0  00000+0 0  9993
2 41554  63.8672 226.1841 0015496 214.6819 145.2033  2.13106349 56483
BEIDOU-2 G7             
1 41586U 16037A   23245.57896521 -.00000368  00000+0  00000+0 0  9996
2 41586   1.8661  68.4264 0007135 346.6217 245.4076  1.00271561 26574
EUTELSAT 117 WEST B     
1 41589U 16038B   23245.56552795 -.00000026  00000+0  00000+0 0  9992
2 41589   0.0145 288.6867 0000143 157.9975 341.3713  1.00272205 26442
GSAT0207 (GALILEO 15)   
1 41859U 16069A   23243.67796581  .00000004  00000+0  00000+0 0  9994
2 41859  54.9607 129.3735 0003146 308.0773  51.9800  1.70473748 42002
GSAT0212 (GALILEO 16)   
1 41860U 16069B   23244.70580252  .00000002  00000+0  00000+0 0  9995
2 41860  54.9588 129.3417 0002346 355.4457   4.6400  1.70474053 42275
GSAT0213 (GALILEO 17)   
1 41861U 16069C   23244.48525747  .00000003  00000+0  00000+0 0  9990
2 41861  54.9610 129.3539 0002980 279.5929  80.4610  1.70472709 42137
GSAT0214 (GALILEO 18)   
1 41862U 16069D   23245.21908982  .00000000  00000+0  00000+0 0  9996
2 41862  54.9599 129.3273 0001898 287.4350  72.6321  1.70472544 42276
SES-15                  
1 42709U 17026A   23245.55774691  .00000045  00000+0  00000+0 0  9995
2 42709   0.0241  48.3076 0000399 125.4538 239.3003  1.00268420 23927
QZS-2 (MICHIBIKI-2)     
1 42738U 17028A   23245.36490016 -.00000155  00000+0  00000+0 0  9997
2 42738  41.0474 257.8939 0752320 270.0602  85.8865  1.00265532 22935
QZS-3 (MICHIBIKI-3)     
1 42917U 17048A   23245.50386007 -.00000363  00000+0  00000+0 0  9999
2 42917   0.0654 210.7464 0002157 331.0666 108.0156  1.00272722 22046
COSMOS 2522             
1 42939U 17055A   23244.89247570  .00000041  00000+0  00000+0 0  9995
2 42939  64.1013 226.6693 0009893 243.3625 116.5202  2.13101932 46258
QZS-4 (MICHIBIKI-4)     
1 42965U 17062A   23244.63730097 -.00000338  00000+0  00000+0 0  9995
2 42965  40.6371 356.4804 0747661 269.2188  83.6504  1.00280970 21596
BEIDOU-3 M1             
1 43001U 17069A   23244.99527697  .00000002  00000+0  00000+0 0  9990
2 43001  55.8402  96.9039 0007880 301.9764  58.0372  1.86231469 39628
BEIDOU-3 M2             
1 43002U 17069B   23244.93199859  .00000003  00000+0  00000+0 0  9991
2 43002  55.8393  96.9423 0006381 334.0319  26.0267  1.86231113 39616
GSAT0215 (GALILEO 19)   
1 43055U 17079A   23243.94801657  .00000036  00000+0  00000+0 0  9992
2 43055  55.4885 249.5912 0003740 268.3579  91.6110  1.70474076 35596
GSAT0216 (GALILEO 20)   
1 43056U 17079B   23241.30705576  .00000059  00000+0  00000+0 0  9999
2 43056  55.4897 249.6640 0005319 274.1200  85.8537  1.70474269 35568
GSAT0217 (GALILEO 21)   
1 43057U 17079C   23243.28713315  .00000040  00000+0  00000+0 0  9999
2 43057  55.4874 249.6083 0004633 284.3532  75.6126  1.70474204 35586
GSAT0218 (GALILEO 22)   
1 43058U 17079D   23245.26691471  .00000031  00000+0  00000+0 0  9998
2 43058  55.4863 249.5513 0005766 271.4127  88.5249  1.70474161 35645
BEIDOU-3 M7             
1 43107U 18003A   23244.68280998 -.00000095  00000+0  00000+0 0  9995
2 43107  55.1199 337.5755 0003602  78.7907 281.2912  1.86232351 38367
BEIDOU-3 M8             
1 43108U 18003B   23244.08393493 -.00000092  00000+0  00000+0 0  9992
2 43108  55.1133 337.5830 0003911 242.2075 117.7939  1.86230790 38364
BEIDOU-3 M4             
1 43207U 18018A   23244.52634046  .00000007  00000+0  00000+0 0  9994
2 43207  55.7985  97.0187 0004946  12.4558 347.6492  1.86231382 37758
BEIDOU-3 M3             
1 43208U 18018B   23245.12993997  .00000000  00000+0  00000+0 0  9998
2 43208  55.7985  97.0028 0005901 319.4410  40.6047  1.86231300 37769
BEIDOU-3 M9             
1 43245U 18029A   23244.81581217 -.00000094  00000+0  00000+0 0  9998
2 43245  55.0142 335.3045 0001396 211.7933 148.2433  1.86232368 36918
BEIDOU-3 M10            
1 43246U 18029B   23245.28279641 -.00000097  00000+0  00000+0 0  9999
2 43246  55.0113 335.3175 0002693 358.1038   1.9402  1.86232826 36903
IRNSS-1I                
1 43286U 18035A   23245.13142272  .00000084  00000+0  00000+0 0  9998
2 43286  29.2463  90.2263 0019542 176.4526 176.7301  1.00270832 19856
COSMOS 2527             
1 43508U 18053A   23245.32048511  .00000022  00000+0  00000+0 0  9999
2 43508  65.0906 108.0174 0007359 220.0020 140.0362  2.13102371 40560
BEIDOU-2 IGSO-7         
1 43539U 18057A   23245.37053219 -.00000153  00000+0  00000+0 0  9999
2 43539  55.1211 171.8764 0064621 231.2572 184.7541  1.00283982 18930
GSAT0221 (GALILEO 25)   
1 43564U 18060A   23244.58006907 -.00000097  00000+0  00000+0 0  9992
2 43564  57.2853   9.2746 0002610 252.3714 107.5973  1.70475928 31789
GSAT0222 (GALILEO 26)   
1 43565U 18060B   23245.38473711 -.00000099  00000+0  00000+0 0  9995
2 43565  57.2889   9.2541 0003294 209.0198 150.9603  1.70475728 31843
GSAT0219 (GALILEO 23)   
1 43566U 18060C   23243.84731546 -.00000095  00000+0  00000+0 0  9994
2 43566  57.2878   9.2976 0001644 255.4580 104.5202  1.70475930 31790
GSAT0220 (GALILEO 24)   
1 43567U 18060D   23244.06773158 -.00000096  00000+0  00000+0 0  9996
2 43567  57.2876   9.2915 0002112 248.4042 111.5699  1.70475557 31780
BEIDOU-3 M5             
1 43581U 18062A   23244.96609865  .00000028  00000+0  00000+0 0  9990
2 43581  54.1788 216.9929 0005322 279.1924  80.7079  1.86231740 34651
BEIDOU-3 M6             
1 43582U 18062B   23245.36894303  .00000031  00000+0  00000+0 0  9993
2 43582  54.1783 216.9687 0004921 354.1698   5.7857  1.86229562 34665
BEIDOU-3 M12            
1 43602U 18067A   23245.30525811  .00000030  00000+0  00000+0 0  9999
2 43602  54.2658 215.6262 0006942  11.6859 348.2906  1.86231482 34141
BEIDOU-3 M11            
1 43603U 18067B   23244.90213422  .00000028  00000+0  00000+0 0  9994
2 43603  54.2630 215.6057 0004069 355.3235   4.6323  1.86231388 34161
BEIDOU-3 M13            
1 43622U 18072A   23244.86102861  .00000003  00000+0  00000+0 0  9993
2 43622  55.7683  96.5478 0004618 299.9448  60.0999  1.86231572 33673
BEIDOU-3 M14            
1 43623U 18072B   23244.72648356  .00000005  00000+0  00000+0 0  9995
2 43623  55.7699  96.5450 0003237 346.3488  13.7337  1.86231624 33666
BEIDOU-3 M16            
1 43647U 18078A   23244.88880469 -.00000095  00000+0  00000+0 0  9997
2 43647  54.9104 335.4251 0005942  10.2583 349.7985  1.86227162 33175
BEIDOU-3 M15            
1 43648U 18078B   23245.01948520 -.00000096  00000+0  00000+0 0  9998
2 43648  54.9059 335.4245 0002907  25.9890 334.0704  1.86232178 33191
BEIDOU-3 G1             
1 43683U 18085A   23245.55882760 -.00000294  00000+0  00000+0 0  9997
2 43683   1.5101 124.5029 0002801 355.4160 202.7117  1.00267643 17841
COSMOS 2529             
1 43687U 18086A   23244.48120370  .00000040  00000+0  00000+0 0  9993
2 43687  64.3165 227.1182 0011561 262.0901  97.7641  2.13102010 37556
BEIDOU-3 M17            
1 43706U 18093A   23245.16750703  .00000030  00000+0  00000+0 0  9997
2 43706  54.2611 216.9031 0010397 279.5797  80.2635  1.86231835 32566
BEIDOU-3 M18            
1 43707U 18093B   23244.49648581  .00000026  00000+0  00000+0 0  9998
2 43707  54.2620 216.9176 0008558 304.0249  55.8538  1.86229637 32544
NAVSTAR 77 (USA 289)    
1 43873U 18109A   23245.19921142  .00000012  00000+0  00000+0 0  9990
2 43873  55.1922 132.4499 0025619 191.3019  11.7835  2.00568624 34634
BEIDOU-3 IGSO-1         
1 44204U 19023A   23245.47567444 -.00000208  00000+0  00000+0 0  9995
2 44204  57.2174  48.2607 0023477 193.8009  30.2214  1.00282715 16120
BEIDOU-2 G8             
1 44231U 19027A   23245.53597176 -.00000262  00000+0  00000+0 0  9991
2 44231   1.9509  81.1502 0006336 127.9394 109.8292  1.00271758 15862
COSMOS 2534             
1 44299U 19030A   23245.46658365  .00000045  00000+0  00000+0 0  9997
2 44299  64.3890 227.0107 0013624 280.9220 249.1682  2.13101849 33218
BEIDOU-3 IGSO-2         
1 44337U 19035A   23245.36705882 -.00000156  00000+0  00000+0 0  9995
2 44337  55.1536 167.8099 0033176 197.2781 228.0568  1.00274978 15457
NAVSTAR 78 (USA 293)    
1 44506U 19056A   23245.49795556 -.00000097  00000+0  00000+0 0  9991
2 44506  55.8211  11.5132 0036851 184.9418 133.5179  2.00565308 29632
BEIDOU-3 M24            
1 44542U 19061A   23245.10517307  .00000030  00000+0  00000+0 0  9997
2 44542  54.4886 217.1348 0008380 338.2000  21.7251  1.86231412 26810
BEIDOU-3 M23            
1 44543U 19061B   23245.22549253  .00000031  00000+0  00000+0 0  9997
2 44543  54.4868 217.0998 0005879 321.3079  31.1739  1.86231631 26819
BEIDOU-3 IGSO-3         
1 44709U 19073A   23244.53232814 -.00000162  00000+0  00000+0 0  9995
2 44709  56.5384 291.7818 0035218 189.6601 170.3808  1.00283065 14235
BEIDOU-3 M22            
1 44793U 19078A   23243.33969844 -.00000087  00000+0  00000+0 0  9996
2 44793  54.7597 335.4463 0004865  20.2264 339.8358  1.86232105 25636
BEIDOU-3 M21            
1 44794U 19078B   23241.32247510 -.00000080  00000+0  00000+0 0  9996
2 44794  54.7349 335.4982 0002813  13.9286 346.1178  1.86232532 25604
COSMOS 2544             
1 44850U 19088A   23243.85643740  .00000037  00000+0  00000+0 0  9996
2 44850  65.0760 107.9096 0011462 252.8804 107.0912  2.13102117 28976
BEIDOU-3 M19            
1 44864U 19090A   23245.06438179  .00000001  00000+0  00000+0 0  9998
2 44864  55.7028  96.7278 0015528 276.0306 266.5988  1.86231684 25256
BEIDOU-3 M20            
1 44865U 19090B   23245.36451946 -.00000003  00000+0  00000+0 0  9992
2 44865  55.7048  96.7504 0013440 291.2331 182.4097  1.86231651 25249
BEIDOU-3 G2             
1 45344U 20017A   23245.49447686 -.00000155  00000+0  00000+0 0  9994
2 45344   2.0468  16.0975 0003244 152.1317  71.1727  1.00272601 13056
COSMOS 2545             
1 45358U 20018A   23244.05318060 -.00000075  00000+0  00000+0 0  9995
2 45358  64.8448 348.0372 0009762 236.7061 123.2280  2.13102469 26922
BEIDOU-3 G3             
1 45807U 20040A   23245.58527983 -.00000369  00000+0  00000+0 0  9990
2 45807   0.6170 343.3214 0005637 334.4282 344.9166  1.00276365 11855
NAVSTAR 79 (USA 304)    
1 45854U 20041A   23245.40487475 -.00000031  00000+0  00000+0 0  9991
2 45854  55.8812  68.7989 0036044 185.9939   8.6511  2.00563488 23603
GALAXY 30 (G-30)        
1 46114U 20056C   23245.56124949  .00000022  00000+0  00000+0 0  9997
2 46114   0.0217 141.2837 0002330  31.0601 246.1357  1.00270122 11075
COSMOS 2547             
1 46805U 20075A   23245.18070005  .00000043  00000+0  00000+0 0  9999
2 46805  64.6165 226.5759 0008615 244.0386 115.8567  2.13102878 22195
NAVSTAR 80 (USA 309)    
1 46826U 20078A   23245.39611256  .00000020  00000+0  00000+0 0  9992
2 46826  54.3132 252.1427 0035891 194.6785 329.1125  2.00562630 21072
NAVSTAR 81 (USA 319)    
1 48859U 21054A   23245.37402481 -.00000097  00000+0  00000+0 0  9996
2 48859  55.3385  13.3049 0012080 210.6518 119.4433  2.00573514 16312
QZS-1R                  
1 49336U 21096A   23223.74525463 -.00000331  00000+0  00000+0 0  9997
2 49336  35.3005  95.2790 0740332 268.7858 355.3268  1.00301615  6575
GSAT0223 (GALILEO 27)   
1 49809U 21116A   23243.33452170 -.00000093  00000+0  00000+0 0  9991
2 49809  57.2788   9.2074 0003294 172.8886 187.3746  1.70475698 10788
GSAT0224 (GALILEO 28)   
1 49810U 21116B   23245.49771503 -.00000100  00000+0  00000+0 0  9995
2 49810  57.2788   9.1469 0002770 165.0778 195.2664  1.70475813 10842
COSMOS 2557             
1 52984U 22075A   23245.34324252 -.00000080  00000+0  00000+0 0  9992
2 52984  64.7609 350.1518 0011725 275.7645  84.1289  2.13102191  9008
COSMOS 2559             
1 54031U 22130A   23244.81594445 -.00000078  00000+0  00000+0 0  9990
2 54031  64.7323 350.2978 0007027 216.2405 143.7377  2.13101411  6967
COSMOS 2564             
1 54377U 22161A   23245.00909922  .00000043  00000+0  00000+0 0  9990
2 54377  64.7572 226.6343 0011000 226.6082 133.2845  2.13102108  5912
NAVSTAR 82 (USA 343)    
1 55268U 23009A   23244.11580917  .00000014  00000+0  00000+0 0  9990
2 55268  55.0909 188.5402 0004343  91.8025  91.3560  2.00555748  4782
BEIDOU-3 G4             
1 56564U 23066A   23245.54510068 -.00000128  00000+0  00000+0 0  9998
2 56564   2.8493 288.8057 0007076 211.0934 197.7243  1.00272625  1180
IRNSS-1J (NVS-01)       
1 56759U 23076A   23245.50438220 -.00000355  00000+0  00000+0 0  9992
2 56759   4.7446 272.0956 0005687 333.6070  46.7202  1.00274538   908
