NAVSTAR 43 (USA 132)    
1 24876U 97035A   23239.12065164 -.00000009  00000+0  00000+0 0  9993
2 24876  55.5855 138.6661 0072170  52.1409 308.5530  2.00563935191391
NAVSTAR 47 (USA 150)    
1 26360U 00025A   23239.22513431 -.00000010  00000+0  00000+0 0  9994
2 26360  54.4251  60.9345 0041399 198.9617 325.9618  2.00571229170712
NAVSTAR 51 (USA 166)    
1 27663U 03005A   23239.03683431  .00000079  00000+0  00000+0 0  9993
2 27663  55.2501 255.7408 0131662  44.6476 324.1876  2.00566445150756
NAVSTAR 52 (USA 168)    
1 27704U 03010A   23239.16732429 -.00000080  00000+0  00000+0 0  9994
2 27704  55.1155   5.7006 0248495 318.5561   2.5753  2.00574386149543
NAVSTAR 54 (USA 177)    
1 28190U 04009A   23239.34099001 -.00000041  00000+0  00000+0 0  9992
2 28190  55.6967 316.7878 0092997 138.2736 246.5834  2.00567442142397
NAVSTAR 56 (USA 180)    
1 28474U 04045A   23239.16002988 -.00000079  00000+0  00000+0 0  9996
2 28474  55.4425   6.0196 0162041 282.3383  26.9539  2.00579533137860
ANIK F1R                
1 28868U 05036A   23238.86424236 -.00000077  00000+0  00000+0 0  9992
2 28868   1.6643  89.1543 0003035  31.8673  57.6382  1.00271650 36173
NAVSTAR 57 (USA 183)    
1 28874U 05038A   23239.34687399 -.00000036  00000+0  00000+0 0  9991
2 28874  55.7482 314.2394 0139330 279.4049 130.9794  2.00575908131286
INMARSAT 4-F2           
1 28899U 05044A   23238.96993376  .00000008  00000+0  00000+0 0  9995
2 28899   3.8528  40.6410 0002951 119.3327 228.0600  1.00271787 65239
NAVSTAR 58 (USA 190)    
1 29486U 06042A   23238.92289622  .00000030  00000+0  00000+0 0  9990
2 29486  54.6859 191.9889 0102935  31.7802 334.2255  2.00570216123984
NAVSTAR 59 (USA 192)    
1 29601U 06052A   23239.33276671  .00000078  00000+0  00000+0 0  9998
2 29601  55.2705 254.6876 0084177  79.3537 281.6461  2.00577139122853
NAVSTAR 60 (USA 196)    
1 32260U 07047A   23239.14822329 -.00000006  00000+0  00000+0 0  9996
2 32260  53.4611 122.4807 0151032  70.4094 291.2823  2.00551758116250
COSMOS 2433             
1 32275U 07052A   23238.11654971 -.00000065  00000+0  00000+0 0  9995
2 32275  66.0246 350.2417 0003421 214.0477 145.9504  2.13104055123197
COSMOS 2432             
1 32276U 07052B   23238.60644466 -.00000066  00000+0  00000+0 0  9999
2 32276  66.0387 350.3340 0008002 322.9931 359.9276  2.13103184123223
NAVSTAR 61 (USA 199)    
1 32384U 07062A   23238.99336595 -.00000038  00000+0  00000+0 0  9992
2 32384  55.8802 315.0732 0024929 149.6956 228.6413  2.00558257114957
COSMOS 2434             
1 32393U 07065A   23239.29096208  .00000089  00000+0  00000+0 0  9998
2 32393  64.3376 226.5789 0000093 140.3573 291.7562  2.13103050121938
COSMOS 2436             
1 32395U 07065C   23238.87027566  .00000094  00000+0  00000+0 0  9990
2 32395  64.3463 226.6549 0015624 351.8509 253.0521  2.13102778121882
NAVSTAR 62 (USA 201)    
1 32711U 08012A   23239.06248804  .00000027  00000+0  00000+0 0  9993
2 32711  54.4530 190.8164 0177474 235.7888 122.4959  2.00556970113198
NAVSTAR 64 (USA 206)    
1 35752U 09043A   23239.33146947  .00000001  00000+0  00000+0 0  9993
2 35752  55.4262  68.0371 0058439  68.7145 142.2087  2.00558306102807
COSMOS 2456             
1 36111U 09070A   23238.82197590  .00000024  00000+0  00000+0 0  9991
2 36111  64.4866 106.0990 0002466 330.4119 261.2170  2.13099175106577
COSMOS 2457             
1 36112U 09070B   23238.60761387  .00000023  00000+0  00000+0 0  9998
2 36112  64.4703 105.9719 0005365 149.0628  48.8343  2.13101353106613
COSMOS 2460             
1 36402U 10007C   23239.35885928 -.00000068  00000+0  00000+0 0  9993
2 36402  65.8869 348.9173 0001523 158.3796 244.1494  2.13106219104899
NAVSTAR 65 (USA 213)    
1 36585U 10022A   23238.87829897  .00000081  00000+0  00000+0 0  9995
2 36585  54.5696 249.9284 0108973  59.6664 300.4130  2.00561484 97025
BEIDOU-2 IGSO-1         
1 36828U 10036A   23238.33326271 -.00000139  00000+0  00000+0 0  9994
2 36828  54.2371 172.2540 0036771 189.4404 200.3167  1.00255882 47928
QZS-1 (MICHIBIKI-1)     
1 37158U 10045A   23235.98548465 -.00000031  00000+0  00000+0 0  9991
2 37158  42.8909 127.5505 0036254  12.7354 203.3381  0.88330244 47378
BEIDOU-2 G4             
1 37210U 10057A   23239.43500814 -.00000117  00000+0  00000+0 0  9998
2 37210   1.1573  60.4596 0005536 146.1626  85.3225  1.00271245 47016
BEIDOU-2 IGSO-2         
1 37256U 10068A   23239.14964807 -.00000156  00000+0  00000+0 0  9997
2 37256  49.4237 284.4059 0032359 212.3435 359.9317  1.00286375 46513
BEIDOU-2 IGSO-3         
1 37384U 11013A   23239.27841271 -.00000148  00000+0  00000+0 0  9994
2 37384  60.9267  49.9734 0028006 174.0270 319.3345  1.00283487 45381
GSAT-8                  
1 37605U 11022A   23238.96819331  .00000082  00000+0  00000+0 0  9993
2 37605   0.0407 287.7125 0003842 320.5018 130.3442  1.00271281 42939
NAVSTAR 66 (USA 232)    
1 37753U 11036A   23238.74852462 -.00000071  00000+0  00000+0 0  9999
2 37753  56.7426  11.8002 0127206  56.2736 295.9815  2.00568377 88706
BEIDOU-2 IGSO-4         
1 37763U 11038A   23239.24745007 -.00000082  00000+0  00000+0 0  9996
2 37763  54.5110 174.7863 0112057 228.2193 116.8335  1.00275552 44364
GSAT0101 (GALILEO-PFM)  
1 37846U 11060A   23237.91140343 -.00000074  00000+0  00000+0 0  9998
2 37846  57.1086   9.5543 0002090  74.2227 285.8064  1.70475827 73754
GSAT0102 (GALILEO-FM2)  
1 37847U 11060B   23238.42341112 -.00000075  00000+0  00000+0 0  9994
2 37847  57.1094   9.5404 0001286   3.1467 357.4053  1.70475231 73644
COSMOS 2476             
1 37867U 11064A   23238.47270624  .00000021  00000+0  00000+0 0  9994
2 37867  64.7664 107.6349 0021318 233.3777 359.5438  2.13101702 91906
COSMOS 2477             
1 37868U 11064B   23238.80475951  .00000023  00000+0  00000+0 0  9994
2 37868  64.7739 107.6931 0018553 233.9537  71.5959  2.13101613 91904
COSMOS 2475             
1 37869U 11064C   23238.86570854  .00000024  00000+0  00000+0 0  9990
2 37869  64.7810 107.7031 0022781 251.7720  59.0021  2.13101989 91926
BEIDOU-2 IGSO-5         
1 37948U 11073A   23239.42555639 -.00000110  00000+0  00000+0 0  9992
2 37948  49.5482 284.0703 0095011 220.3909  80.1936  1.00274174 42852
LUCH-5A                 
1 37951U 11074B   23239.43931635 -.00000054  00000+0  00000+0 0  9999
2 37951   6.1209  89.8356 0005121  52.0243 158.7167  1.00273440 42775
BEIDOU-2 G5             
1 38091U 12008A   23238.89726990  .00000055  00000+0  00000+0 0  9998
2 38091   1.6879  68.2633 0002303 163.8553 124.4486  1.00269901 42082
BEIDOU-2 M3             
1 38250U 12018A   23238.60707150 -.00000081  00000+0  00000+0 0  9992
2 38250  56.5162 339.1649 0023004 255.1728 104.6033  1.86231039 76844
BEIDOU-2 M4             
1 38251U 12018B   23238.53854496 -.00000080  00000+0  00000+0 0  9990
2 38251  56.4271 338.4609 0013856 254.6853 105.1932  1.86231747 76840
SES-5                   
1 38652U 12036A   23238.92063175  .00000031  00000+0  00000+0 0  9999
2 38652   0.0577 296.5134 0002179 210.9630 163.8311  1.00271701 34206
BEIDOU-2 M6             
1 38775U 12050B   23238.24854490  .00000005  00000+0  00000+0 0  9995
2 38775  55.6834  97.0721 0011975 339.0350  21.0030  1.86231200 74207
GSAT-10                 
1 38779U 12051B   23238.97376275 -.00000168  00000+0  00000+0 0  9991
2 38779   0.0804 273.3274 0000977 328.6302 166.5676  1.00272258 39830
NAVSTAR 67 (USA 239)    
1 38833U 12053A   23239.24017241  .00000016  00000+0  00000+0 0  9991
2 38833  53.5137 185.5236 0141436  51.7763 309.4635  2.00566995 78882
GSAT0103 (GALILEO-FM3)  
1 38857U 12055A   23239.12370705 -.00000004  00000+0  00000+0 0  9991
2 38857  55.2790 129.7191 0003019 269.0337  90.9927  1.70473610 67530
GSAT0104 (GALILEO-FM4)  
1 38858U 12055B   23239.09317360 -.00000004  00000+0  00000+0 0  9996
2 38858  55.2792 129.7217 0000501 262.1961  97.8592  1.70473865 67538
BEIDOU-2 G6             
1 38953U 12059A   23238.89146708 -.00000178  00000+0  00000+0 0  9991
2 38953   1.8022  81.9723 0007835 316.8782 341.0122  1.00270266 39628
LUCH-5B                 
1 38977U 12061A   23239.01859747 -.00000139  00000+0  00000+0 0  9996
2 38977   8.2353  59.1920 0005962 100.3065 165.9198  1.00271283 39331
COSMOS 2485             
1 39155U 13019A   23238.58035715  .00000022  00000+0  00000+0 0  9991
2 39155  64.9266 108.1529 0021806 229.2488 130.6468  2.13101907 80422
NAVSTAR 68 (USA 242)    
1 39166U 13023A   23238.60365188 -.00000030  00000+0  00000+0 0  9991
2 39166  55.3640 310.4680 0114130  41.7374 319.1922  2.00564187 75314
IRNSS-1A                
1 39199U 13034A   23234.16657309  .00000084  00000+0  00000+0 0  9993
2 39199  33.3930  78.8870 0019847 176.2146 190.0723  1.00275588 37040
NAVSTAR 69 (USA 248)    
1 39533U 14008A   23239.10030074  .00000026  00000+0  00000+0 0  9996
2 39533  53.6010 191.0858 0067259 215.7861 143.7389  2.00551181 69127
ASTRA 5B                
1 39617U 14011B   23238.97507892  .00000134  00000+0  00000+0 0  9994
2 39617   0.0768 301.0674 0002774 230.7335 177.6599  1.00269626 34387
COSMOS 2492             
1 39620U 14012A   23238.06653472 -.00000065  00000+0  00000+0 0  9999
2 39620  65.7710 348.5803 0011097 318.5046  41.4329  2.13103057 73379
IRNSS-1B                
1 39635U 14017A   23236.02996104  .00000136  00000+0  00000+0 0  9994
2 39635  28.7263 257.8540 0020177 191.3452 308.6730  1.00271050 34481
LUCH-5V                 
1 39727U 14023A   23239.28175558 -.00000274  00000+0  00000+0 0  9990
2 39727   2.5519  77.3054 0002981 116.9076 337.2032  1.00273643 34089
NAVSTAR 70 (USA 251)    
1 39741U 14026A   23239.38201094 -.00000074  00000+0  00000+0 0  9993
2 39741  56.6956  11.2979 0028805 311.3604  48.4004  2.00557644 67986
COSMOS 2500             
1 40001U 14032A   23238.71920191 -.00000067  00000+0  00000+0 0  9995
2 40001  65.7090 348.3865 0007799 195.1491 164.8488  2.13105823 71601
NAVSTAR 71 (USA 256)    
1 40105U 14045A   23238.96822313 -.00000007  00000+0  00000+0 0  9992
2 40105  54.8098 129.4070 0024520 113.0626 247.2538  2.00577091 65510
GSAT0201 (GALILEO 5)    
1 40128U 14050A   23239.25807119 -.00000050  00000+0  00000+0 0  9991
2 40128  49.9425 314.8908 1609272 140.0678 232.9777  1.85519036 59308
GSAT0202 (GALILEO 6)    
1 40129U 14050B   23238.43950087 -.00000050  00000+0  00000+0 0  9994
2 40129  49.9626 313.9949 1607176 140.8476 231.9830  1.85519728 61458
IRNSS-1C                
1 40269U 14061A   23238.75327064 -.00000166  00000+0  00000+0 0  9997
2 40269   3.9431 112.9775 0020181  16.4798 199.4790  1.00272137 32548
NAVSTAR 72 (USA 258)    
1 40294U 14068A   23238.84663648  .00000004  00000+0  00000+0 0  9993
2 40294  56.1692  70.7931 0049029  61.5905 298.9733  2.00571178 64649
COSMOS 2501             
1 40315U 14075A   23238.49977843  .00000096  00000+0  00000+0 0  9992
2 40315  63.6410 225.9676 0020162 211.6057 148.2878  2.13101319 67995
NAVSTAR 73 (USA 260)    
1 40534U 15013A   23238.48341797  .00000082  00000+0  00000+0 0  9995
2 40534  53.4685 246.6571 0079981  25.1572 335.2699  2.00555196 61250
GSAT0203 (GALILEO 7)    
1 40544U 15017A   23237.69089239 -.00000073  00000+0  00000+0 0  9993
2 40544  56.9040   9.5345 0002735 221.4574 138.5286  1.70476062 51700
GSAT0204 (GALILEO 8)    
1 40545U 15017B   23236.77132544 -.00000072  00000+0  00000+0 0  9999
2 40545  56.9097   9.5738 0003200 203.2923 156.7011  1.70475543 14736
IRNSS-1D                
1 40547U 15018A   23238.97941924 -.00000253  00000+0  00000+0 0  9997
2 40547  28.0897 257.7761 0020468 191.5356 349.9477  1.00267346 30703
BEIDOU-3S IGSO-1S       
1 40549U 15019A   23238.17334851 -.00000153  00000+0  00000+0 0  9996
2 40549  51.1169 307.6820 0040688 195.6346 347.6357  1.00257810 30780
NAVSTAR 74 (USA 262)    
1 40730U 15033A   23239.14362001 -.00000026  00000+0  00000+0 0  9999
2 40730  54.8522 309.0643 0084970  14.0102 346.2921  2.00555628 59434
BEIDOU-3S M2S           
1 40748U 15037A   23238.74137779 -.00000080  00000+0  00000+0 0  9999
2 40748  55.6676 337.0589 0010858 239.8770 120.0489  1.86233066 55024
BEIDOU-3S M1S           
1 40749U 15037B   23238.47451680 -.00000080  00000+0  00000+0 0  9990
2 40749  55.6706 337.0542 0002854 305.4666  54.5401  1.86232771 55026
GSAT0205 (GALILEO 9)    
1 40889U 15045A   23238.29903787  .00000076  00000+0  00000+0 0  9998
2 40889  55.3683 249.9461 0003346 357.2493   2.7953  1.70473402 49529
GSAT0206 (GALILEO 10)   
1 40890U 15045B   23237.34655511  .00000076  00000+0  00000+0 0  9994
2 40890  55.3679 249.9680 0002315 321.8371  38.1917  1.70473394 49530
BEIDOU-3S IGSO-2S       
1 40938U 15053A   23239.39972076 -.00000076  00000+0  00000+0 0  9992
2 40938  50.8216 270.8381 0047775 194.4856 109.6972  1.00284811 29071
NAVSTAR 75 (USA 265)    
1 41019U 15062A   23238.69798317  .00000003  00000+0  00000+0 0  9998
2 41019  56.1534  70.6485 0088729 221.0362 138.3609  2.00562198 57264
GSAT-15                 
1 41028U 15065A   23238.97585131 -.00000261  00000+0  00000+0 0  9997
2 41028   0.0822 274.3481 0002277 203.9410 301.4773  1.00270601 28513
GSAT0209 (GALILEO 12)   
1 41174U 15079A   23239.27798926 -.00000004  00000+0  00000+0 0  9991
2 41174  55.2968 129.4217 0003300 326.9179  33.1235  1.70473853 47885
GSAT0208 (GALILEO 11)   
1 41175U 15079B   23238.32442760 -.00000003  00000+0  00000+0 0  9998
2 41175  55.2945 129.4461 0002657 328.9403  31.1039  1.70473745 47709
IRNSS-1E                
1 41241U 16003A   23238.97941924 -.00000302  00000+0  00000+0 0  9999
2 41241  30.9567  77.9219 0019900 173.7541 187.6706  1.00269123 27802
NAVSTAR 76 (USA 266)    
1 41328U 16007A   23238.79059172 -.00000008  00000+0  00000+0 0  9997
2 41328  55.0140 130.1901 0071313 233.9875 125.4059  2.00575891 55274
COSMOS 2514             
1 41330U 16008A   23238.95029758 -.00000067  00000+0  00000+0 0  9991
2 41330  65.5062 347.9622 0011481 205.5371 154.4278  2.13102473 58779
IRNSS-1F                
1 41384U 16015A   23238.96366814  .00000154  00000+0  00000+0 0  9992
2 41384   2.9156 130.2175 0018180 177.0272  46.9392  1.00266776 27386
BEIDOU-2 IGSO-6         
1 41434U 16021A   23239.33507498 -.00000129  00000+0  00000+0 0  9995
2 41434  58.7406  48.3474 0047108 217.6815 286.1087  1.00284242 27192
IRNSS-1G                
1 41469U 16027A   23238.98307418 -.00000339  00000+0  00000+0 0  9992
2 41469   2.8078 131.9323 0003780 356.9989 329.4950  1.00267882 26891
GSAT0211 (GALILEO 14)   
1 41549U 16030A   23237.27223125  .00000076  00000+0  00000+0 0  9995
2 41549  55.5151 249.9492 0003918 307.0377  52.9715  1.70473531 45160
GSAT0210 (GALILEO 13)   
1 41550U 16030B   23238.15035376  .00000077  00000+0  00000+0 0  9995
2 41550  55.5140 249.9261 0004227 273.2450  86.7530  1.70473653 45170
COSMOS 2516             
1 41554U 16032A   23238.12676964  .00000100  00000+0  00000+0 0  9999
2 41554  63.8675 226.3789 0015536 214.7613 145.1534  2.13106405 56362
BEIDOU-2 G7             
1 41586U 16037A   23239.16695708 -.00000358  00000+0  00000+0 0  9997
2 41586   1.8497  68.3142 0007737 348.2928  89.1711  1.00275065 26516
EUTELSAT 117 WEST B     
1 41589U 16038B   23239.34360160 -.00000016  00000+0  00000+0 0  9993
2 41589   0.0096   6.9076 0000244 283.3566  51.7467  1.00271064 26385
GSAT0207 (GALILEO 15)   
1 41859U 16069A   23238.39866786 -.00000004  00000+0  00000+0 0  9993
2 41859  54.9589 129.5201 0003323 307.1286  52.9007  1.70473805 41910
GSAT0212 (GALILEO 16)   
1 41860U 16069B   23237.08017750  .00000001  00000+0  00000+0 0  9995
2 41860  54.9560 129.5535 0002541 349.0650  10.9893  1.70474010 42144
GSAT0213 (GALILEO 17)   
1 41861U 16069C   23234.51323833  .00000009  00000+0  00000+0 0  9991
2 41861  54.9575 129.6307 0003187 280.2221  79.8081  1.70472742 41968
GSAT0214 (GALILEO 18)   
1 41862U 16069D   23237.59339753 -.00000001  00000+0  00000+0 0  9994
2 41862  54.9572 129.5393 0002150 288.6937  71.3423  1.70472544 42143
SES-15                  
1 42709U 17026A   23239.43770605  .00000056  00000+0  00000+0 0  9998
2 42709   0.0218  41.4880 0000524  91.9551 230.3792  1.00268423 23862
QZS-2 (MICHIBIKI-2)     
1 42738U 17028A   23239.38443832 -.00000093  00000+0  00000+0 0  9997
2 42738  41.0564 257.9786 0752992 269.9763  87.1774  1.00267096 22870
QZS-3 (MICHIBIKI-3)     
1 42917U 17048A   23238.98255205 -.00000351  00000+0  00000+0 0  9995
2 42917   0.0768 225.8003 0002125 299.8855 289.9815  1.00276667 21978
COSMOS 2522             
1 42939U 17055A   23237.85363573  .00000103  00000+0  00000+0 0  9994
2 42939  64.1017 226.9108 0010055 243.2703 116.6441  2.13101936 46108
QZS-4 (MICHIBIKI-4)     
1 42965U 17062A   23238.64185524 -.00000305  00000+0  00000+0 0  9992
2 42965  40.6397 356.5574 0747085 269.1225  79.2584  1.00282902 21529
BEIDOU-3 M1             
1 43001U 17069A   23239.08880185  .00000011  00000+0  00000+0 0  9998
2 43001  55.8353  97.1023 0008093 301.7500  58.2610  1.86231407 39519
BEIDOU-3 M2             
1 43002U 17069B   23239.02551455  .00000010  00000+0  00000+0 0  9997
2 43002  55.8348  97.1399 0006608 333.4177  26.6381  1.86231099 39502
GSAT0215 (GALILEO 19)   
1 43055U 17079A   23239.25540045  .00000074  00000+0  00000+0 0  9994
2 43055  55.4906 249.7207 0003769 267.6858  92.3163  1.70474145 35517
GSAT0216 (GALILEO 20)   
1 43056U 17079B   23237.20099100  .00000076  00000+0  00000+0 0  9991
2 43056  55.4917 249.7772 0005326 273.3466  86.6371  1.70474333 35490
GSAT0217 (GALILEO 21)   
1 43057U 17079C   23238.00792849  .00000077  00000+0  00000+0 0  9992
2 43057  55.4905 249.7538 0004669 284.4918  75.5023  1.70474284 35498
GSAT0218 (GALILEO 22)   
1 43058U 17079D   23238.22798246  .00000077  00000+0  00000+0 0  9994
2 43058  55.4897 249.7453 0005777 270.8044  89.1754  1.70474213 35499
BEIDOU-3 M7             
1 43107U 18003A   23239.31329785 -.00000081  00000+0  00000+0 0  9992
2 43107  55.1232 337.7597 0003762  78.8941 281.1806  1.86232367 38264
BEIDOU-3 M8             
1 43108U 18003B   23238.71437913 -.00000081  00000+0  00000+0 0  9999
2 43108  55.1166 337.7673 0003750 241.2940 118.7007  1.86230832 38261
BEIDOU-3 M4             
1 43207U 18018A   23239.15681255  .00000011  00000+0  00000+0 0  9996
2 43207  55.7940  97.1992 0005005  10.0167 350.0834  1.86231335 37656
BEIDOU-3 M3             
1 43208U 18018B   23238.14955156  .00000004  00000+0  00000+0 0  9991
2 43208  55.7927  97.2375 0006152 318.5497  41.4904  1.86231268 37636
BEIDOU-3 M9             
1 43245U 18029A   23238.37240185 -.00000079  00000+0  00000+0 0  9991
2 43245  55.0187 335.5271 0001206 201.3675 158.6627  1.86232429 36792
BEIDOU-3 M10            
1 43246U 18029B   23238.30245422 -.00000079  00000+0  00000+0 0  9994
2 43246  55.0157 335.5576 0002717   2.2735 357.7628  1.86232848 36777
IRNSS-1I                
1 43286U 18035A   23238.68149488  .00000078  00000+0  00000+0 0  9999
2 43286  29.2288  90.3325 0019127 177.0525   7.7670  1.00268882 19793
COSMOS 2527             
1 43508U 18053A   23239.22010216  .00000027  00000+0  00000+0 0  9997
2 43508  65.0884 108.2223 0007377 221.7008 138.3305  2.13102372 40430
BEIDOU-2 IGSO-7         
1 43539U 18057A   23238.74285490 -.00000152  00000+0  00000+0 0  9999
2 43539  55.1212 171.9348 0064588 231.4172 311.7710  1.00286147 18868
GSAT0221 (GALILEO 25)   
1 43564U 18060A   23236.36791119 -.00000071  00000+0  00000+0 0  9997
2 43564  57.2843   9.4959 0002311 253.1397 106.8429  1.70475984 31645
GSAT0222 (GALILEO 26)   
1 43565U 18060B   23237.75914760 -.00000073  00000+0  00000+0 0  9993
2 43565  57.2880   9.4595 0003079 205.9737 154.0173  1.70475715 31719
GSAT0219 (GALILEO 23)   
1 43566U 18060C   23238.56807338 -.00000075  00000+0  00000+0 0  9998
2 43566  57.2872   9.4397 0001431 256.9537 103.0349  1.70475942 31705
GSAT0220 (GALILEO 24)   
1 43567U 18060D   23236.44214582 -.00000071  00000+0  00000+0 0  9993
2 43567  57.2864   9.4981 0001637 249.9704 110.0199  1.70475804 31654
BEIDOU-3 M5             
1 43581U 18062A   23238.52277507  .00000076  00000+0  00000+0 0  9992
2 43581  54.1800 217.2132 0005505 278.5374  81.3914  1.86231811 34532
BEIDOU-3 M6             
1 43582U 18062B   23238.38859119  .00000078  00000+0  00000+0 0  9994
2 43582  54.1796 217.2073 0004922 351.8748   8.1089  1.86229606 34532
BEIDOU-3 M12            
1 43602U 18067A   23238.32497647  .00000077  00000+0  00000+0 0  9999
2 43602  54.2670 215.8637 0006881  10.8936 349.1116  1.86231510 34013
BEIDOU-3 M11            
1 43603U 18067B   23238.45879797  .00000075  00000+0  00000+0 0  9992
2 43603  54.2641 215.8249 0004035 354.0167   5.9682  1.86231461 34042
BEIDOU-3 M13            
1 43622U 18072A   23238.95456120  .00000010  00000+0  00000+0 0  9994
2 43622  55.7637  96.7458 0004811 300.5469  59.4949  1.86231559 33569
BEIDOU-3 M14            
1 43623U 18072B   23238.54878542  .00000007  00000+0  00000+0 0  9992
2 43623  55.7646  96.7544 0003819 336.5105 201.7305  1.86231883 33556
BEIDOU-3 M16            
1 43647U 18078A   23237.90825273 -.00000079  00000+0  00000+0 0  9996
2 43647  54.9148 335.6658 0005994  11.6925 348.3565  1.86227181 33044
BEIDOU-3 M15            
1 43648U 18078B   23238.03912081 -.00000079  00000+0  00000+0 0  9996
2 43648  54.9104 335.6652 0002970  27.5067 332.5440  1.86232168 33076
BEIDOU-3 G1             
1 43683U 18085A   23239.11235296 -.00000282  00000+0  00000+0 0  9995
2 43683   1.4948 124.9785 0003267 347.9590  42.6743  1.00270167 17786
COSMOS 2529             
1 43687U 18086A   23238.38087730  .00000100  00000+0  00000+0 0  9994
2 43687  64.3169 227.3257 0011674 261.8804  98.0045  2.13102037 37426
BEIDOU-3 M17            
1 43706U 18093A   23239.26112604  .00000066  00000+0  00000+0 0  9992
2 43706  54.2623 217.1046 0010544 279.2535  80.6146  1.86231885 32453
BEIDOU-3 M18            
1 43707U 18093B   23239.12699097  .00000068  00000+0  00000+0 0  9996
2 43707  54.2630 217.1008 0008679 303.3565  56.5486  1.86229700 32449
NAVSTAR 77 (USA 289)    
1 43873U 18109A   23239.16537661 -.00000007  00000+0  00000+0 0  9994
2 43873  55.1904 132.6890 0025521 191.4642 334.7703  2.00568373 34516
BEIDOU-3 IGSO-1         
1 44204U 19023A   23239.26525056 -.00000186  00000+0  00000+0 0  9993
2 44204  57.2066  48.3283 0023502 193.8962 308.0195  1.00284572 16068
BEIDOU-2 G8             
1 44231U 19027A   23239.41484516 -.00000252  00000+0  00000+0 0  9993
2 44231   1.9340  81.1630 0005941 123.3630  64.7332  1.00273690 15806
COSMOS 2534             
1 44299U 19030A   23239.28207288  .00000090  00000+0  00000+0 0  9994
2 44299  64.3894 227.2207 0013740 280.7151 184.8282  2.13101889 33085
BEIDOU-3 IGSO-2         
1 44337U 19035A   23238.69472231 -.00000159  00000+0  00000+0 0  9995
2 44337  55.1539 167.8690 0033097 197.3961 339.2089  1.00277201 15387
NAVSTAR 78 (USA 293)    
1 44506U 19056A   23238.79694588 -.00000072  00000+0  00000+0 0  9992
2 44506  55.8199  11.7794 0036567 184.4498 335.5288  2.00565248 29504
BEIDOU-3 M24            
1 44542U 19061A   23239.19877621  .00000068  00000+0  00000+0 0  9998
2 44542  54.4896 217.3347 0008351 336.9843  22.9664  1.86231398 26702
BEIDOU-3 M23            
1 44543U 19061B   23237.45425641  .00000088  00000+0  00000+0 0  9999
2 44543  54.4882 217.3633 0006006 320.1971 222.0122  1.86231709 26672
BEIDOU-3 IGSO-3         
1 44709U 19073A   23238.54943777 -.00000150  00000+0  00000+0 0  9993
2 44709  56.5477 291.8447 0035284 189.2780 170.7752  1.00284896 14172
BEIDOU-3 M22            
1 44793U 19078A   23236.35933914 -.00000080  00000+0  00000+0 0  9992
2 44793  54.7642 335.6878 0004952  21.5844 338.4727  1.86232234 25508
BEIDOU-3 M21            
1 44794U 19078B   23235.41603950 -.00000081  00000+0  00000+0 0  9994
2 44794  54.7387 335.7027 0002888  16.8666 343.1801  1.86232681 25497
COSMOS 2544             
1 44850U 19088A   23239.16382181  .00000027  00000+0  00000+0 0  9993
2 44850  65.0743 108.0672 0011580 253.7018 106.2582  2.13102123 28877
BEIDOU-3 M19            
1 44864U 19090A   23239.23811713  .00000011  00000+0  00000+0 0  9990
2 44864  55.6978  96.9241 0015695 276.1688 320.2288  1.86231647 25148
BEIDOU-3 M20            
1 44865U 19090B   23238.48212611  .00000006  00000+0  00000+0 0  9993
2 44865  55.6991  96.9823 0013655 291.2884 248.0397  1.86231635 25112
BEIDOU-3 G2             
1 45344U 20017A   23238.97315360 -.00000143  00000+0  00000+0 0  9999
2 45344   2.0428  15.7128 0003426 143.3615 246.2556  1.00270424 12980
COSMOS 2545             
1 45358U 20018A   23238.42205168 -.00000067  00000+0  00000+0 0  9994
2 45358  64.8466 348.2325 0009516 236.1821 123.7492  2.13102494 26802
BEIDOU-3 G3             
1 45807U 20040A   23238.97924519 -.00000355  00000+0  00000+0 0  9996
2 45807   0.6235 341.8471 0004686 349.5130 106.5807  1.00265261 11797
NAVSTAR 79 (USA 304)    
1 45854U 20041A   23238.60095097  .00000001  00000+0  00000+0 0  9996
2 45854  55.8743  69.0688 0035772 186.0196 135.8642  2.00563625 23465
GALAXY 30 (G-30)        
1 46114U 20056C   23239.31781368  .00000033  00000+0  00000+0 0  9999
2 46114   0.0258 118.4147 0002324  41.2384 165.0585  1.00271544 11019
COSMOS 2547             
1 46805U 20075A   23238.61113513  .00000098  00000+0  00000+0 0  9991
2 46805  64.6168 226.7969 0008692 244.0423 115.8843  2.13102924 22054
NAVSTAR 80 (USA 309)    
1 46826U 20078A   23239.39273693  .00000076  00000+0  00000+0 0  9995
2 46826  54.3163 252.3876 0035650 194.7034 314.3436  2.00562641 20956
NAVSTAR 81 (USA 319)    
1 48859U 21054A   23239.39159228 -.00000073  00000+0  00000+0 0  9993
2 48859  55.3373  13.5455 0011797 209.7450 120.5303  2.00573902 16196
QZS-1R                  
1 49336U 21096A   23223.74525463 -.00000331  00000+0  00000+0 0  9997
2 49336  35.3005  95.2790 0740332 268.7858 355.3268  1.00301615  6575
GSAT0223 (GALILEO 27)   
1 49809U 21116A   23238.65019376 -.00000075  00000+0  00000+0 0  9997
2 49809  57.2780   9.3343 0003262 169.0253 196.3634  1.70475850 10709
GSAT0224 (GALILEO 28)   
1 49810U 21116B   23237.29094565 -.00000072  00000+0  00000+0 0  9998
2 49810  57.2789   9.3694 0002846 156.8115 206.8586  1.70475986 10700
COSMOS 2557             
1 52984U 22075A   23238.77358187 -.00000068  00000+0  00000+0 0  9991
2 52984  64.7629 350.3802 0011517 276.1295  83.7587  2.13102192  8863
COSMOS 2559             
1 54031U 22130A   23238.71552395 -.00000068  00000+0  00000+0 0  9999
2 54031  64.7341 350.5102 0006872 215.0872 144.8870  2.13101449  6838
COSMOS 2564             
1 54377U 22161A   23237.97024855  .00000103  00000+0  00000+0 0  9997
2 54377  64.7575 226.8698 0011142 226.7972 133.1274  2.13102141  5761
NAVSTAR 82 (USA 343)    
1 55268U 23009A   23237.63025340  .00000041  00000+0  00000+0 0  9993
2 55268  55.0915 188.7946 0004245  91.8849  88.5359  2.00556314  4659
BEIDOU-3 G4             
1 56564U 23066A   23239.39153279 -.00000115  00000+0  00000+0 0  9997
2 56564   2.8660 288.8287 0007377 207.0681 140.3576  1.00272743  1116
IRNSS-1J (NVS-01)       
1 56759U 23076A   23238.98298715 -.00000339  00000+0  00000+0 0  9991
2 56759   4.7632 272.2264 0005719 338.5436 207.4919  1.00265121   836
