NAVSTAR 43 (USA 132)    
1 24876U 97035A   23288.97856549  .00000075  00000+0  00000+0 0  9997
2 24876  55.5979 136.7173 0074216  53.2029 307.5732  2.00564414192395
NAVSTAR 47 (USA 150)    
1 26360U 00025A   23289.38535823 -.00000031  00000+0  00000+0 0  9998
2 26360  54.4686  58.8820 0041827 201.7453 182.5586  2.00567882171728
NAVSTAR 51 (USA 166)    
1 27663U 03005A   23289.64014010  .00000016  00000+0  00000+0 0  9997
2 27663  55.2247 253.7275 0133452  44.9175 142.3918  2.00563564151769
NAVSTAR 52 (USA 168)    
1 27704U 03010A   23289.63586935 -.00000078  00000+0  00000+0 0  9997
2 27704  55.1152   3.6641 0249642 319.5904  84.2100  2.00553048150568
NAVSTAR 54 (USA 177)    
1 28190U 04009A   23289.24091010 -.00000030  00000+0  00000+0 0  9996
2 28190  55.6584 314.8024 0092390 140.4781 275.1030  2.00566061143399
NAVSTAR 56 (USA 180)    
1 28474U 04045A   23289.56485602 -.00000078  00000+0  00000+0 0  9992
2 28474  55.4425   4.0028 0163378 283.5408  60.0073  2.00556308138876
ANIK F1R                
1 28868U 05036A   23289.59061133 -.00000059  00000+0  00000+0 0  9991
2 28868   1.7958  88.4566 0002225  58.8381 342.9093  1.00272014 36685
NAVSTAR 57 (USA 183)    
1 28874U 05038A   23289.30442867 -.00000027  00000+0  00000+0 0  9991
2 28874  55.7088 312.2529 0140344 280.2815 203.8042  2.00572661132284
INMARSAT 4-F2           
1 28899U 05044A   23278.94424344 -.00000024  00000+0  00000+0 0  9990
2 28899   3.8913  40.9277 0006145  43.1630 334.3200  1.00395805 65629
NAVSTAR 58 (USA 190)    
1 29486U 06042A   23289.42960667  .00000040  00000+0  00000+0 0  9997
2 29486  54.6803 189.9879 0104071  33.5584  81.9662  2.00567555124845
NAVSTAR 59 (USA 192)    
1 29601U 06052A   23289.19317691  .00000013  00000+0  00000+0 0  9994
2 29601  55.2471 252.7073 0083957  79.4838 281.4370  2.00551767123858
NAVSTAR 60 (USA 196)    
1 32260U 07047A   23289.00902965  .00000064  00000+0  00000+0 0  9994
2 32260  53.4848 120.4130 0152621  71.6775 290.0505  2.00549522117254
COSMOS 2433             
1 32275U 07052A   23289.26579962 -.00000046  00000+0  00000+0 0  9992
2 32275  66.0103 348.5417 0004975 236.6888 123.3394  2.13104136124288
COSMOS 2432             
1 32276U 07052B   23289.33584775 -.00000046  00000+0  00000+0 0  9999
2 32276  66.0247 348.6488 0009610 312.3461  48.3502  2.13103275124311
NAVSTAR 61 (USA 199)    
1 32384U 07062A   23289.40873130 -.00000027  00000+0  00000+0 0  9993
2 32384  55.8418 313.0761 0024404 152.2183 267.7043  2.00560899115960
COSMOS 2434             
1 32393U 07065A   23289.63618899  .00000031  00000+0  00000+0 0  9994
2 32393  64.3327 224.8695 0001720  68.3928 107.1011  2.13103073123006
COSMOS 2436             
1 32395U 07065C   23289.33813896  .00000029  00000+0  00000+0 0  9994
2 32395  64.3413 224.9416 0016260 357.8659  84.4388  2.13102724122957
NAVSTAR 62 (USA 201)    
1 32711U 08012A   23289.42038309  .00000041  00000+0  00000+0 0  9991
2 32711  54.4484 188.8095 0177786 236.1073 122.2617  2.00558608114205
NAVSTAR 64 (USA 206)    
1 35752U 09043A   23289.42061369 -.00000016  00000+0  00000+0 0  9999
2 35752  55.4703  66.0377 0057580  70.0796 306.5033  2.00555585103819
COSMOS 2456             
1 36111U 09070A   23288.65528878  .00000069  00000+0  00000+0 0  9993
2 36111  64.5081 104.3871 0001285 338.0691 323.4826  2.13099146107638
COSMOS 2457             
1 36112U 09070B   23289.28036788  .00000067  00000+0  00000+0 0  9996
2 36112  64.4929 104.2300 0006549 147.6663  44.5347  2.13101315107659
COSMOS 2460             
1 36402U 10007C   23289.56303108 -.00000045  00000+0  00000+0 0  9991
2 36402  65.8718 347.2400 0002073 232.2721 165.6635  2.13106297105967
NAVSTAR 65 (USA 213)    
1 36585U 10022A   23289.30666810  .00000014  00000+0  00000+0 0  9999
2 36585  54.5473 247.8921 0110879  59.7188 352.2179  2.00564105 98047
BEIDOU-2 IGSO-1         
1 36828U 10036A   23289.60055753 -.00000074  00000+0  00000+0 0  9992
2 36828  54.2324 171.7855 0037659 191.9906 342.2559  1.00298406 48437
QZS-1 (MICHIBIKI-1)     
1 37158U 10045A   23289.52941825  .00000057  00000+0  00000+0 0  9994
2 37158  42.9256 127.1933 0003791 108.7502  93.9370  0.87715582 47851
BEIDOU-2 G4             
1 37210U 10057A   23289.56183309 -.00000097  00000+0  00000+0 0  9990
2 37210   1.2695  62.6448 0007170 164.1420 160.3318  1.00272401 47517
BEIDOU-2 IGSO-2         
1 37256U 10068A   23289.63894781 -.00000190  00000+0  00000+0 0  9997
2 37256  49.3357 283.7929 0031657 214.5387 224.9343  1.00270192 47020
BEIDOU-2 IGSO-3         
1 37384U 11013A   23289.22749888 -.00000181  00000+0  00000+0 0  9992
2 37384  61.0009  49.4918 0028509 177.8096 347.1427  1.00271111 45887
GSAT-8                  
1 37605U 11022A   23289.48565769  .00000099  00000+0  00000+0 0  9997
2 37605   0.0536  67.1640 0007067 184.6954   2.8266  1.00271021 43441
NAVSTAR 66 (USA 232)    
1 37753U 11036A   23289.58338565 -.00000077  00000+0  00000+0 0  9996
2 37753  56.7485   9.8306 0126864  56.3426 281.8689  2.00568961 89726
BEIDOU-2 IGSO-4         
1 37763U 11038A   23288.40862385 -.00000024  00000+0  00000+0 0  9993
2 37763  54.5063 174.3481 0111792 227.5470 223.8867  1.00265847 44868
GSAT0101 (GALILEO-PFM)  
1 37846U 11060A   23288.94429256 -.00000080  00000+0  00000+0 0  9997
2 37846  57.1132   8.1737 0000359  21.2714 338.7810  1.70475948 74498
GSAT0102 (GALILEO-FM2)  
1 37847U 11060B   23289.45920976 -.00000079  00000+0  00000+0 0  9998
2 37847  57.1139   8.1598 0002009 302.2146  60.0388  1.70475406 74513
COSMOS 2476             
1 37867U 11064A   23288.91304434  .00000071  00000+0  00000+0 0  9990
2 37867  64.7875 105.9212 0021384 230.1011 178.8568  2.13101733 92988
COSMOS 2477             
1 37868U 11064B   23289.30385198  .00000070  00000+0  00000+0 0  9990
2 37868  64.7951 105.9776 0018593 230.1412 296.4960  2.13101595 92981
COSMOS 2475             
1 37869U 11064C   23289.29521177  .00000070  00000+0  00000+0 0  9998
2 37869  64.8022 105.9908 0022510 248.7077 229.8267  2.13101888 92991
BEIDOU-2 IGSO-5         
1 37948U 11073A   23289.42807781 -.00000138  00000+0  00000+0 0  9995
2 37948  49.4619 283.4654 0094601 221.2160 129.0800  1.00262998 43354
LUCH-5A                 
1 37951U 11074B   23289.53663538 -.00000030  00000+0  00000+0 0  9993
2 37951   6.2499  88.9670 0004053  97.8356 198.1139  1.00272282 43277
BEIDOU-2 G5             
1 38091U 12008A   23289.55806052  .00000071  00000+0  00000+0 0  9993
2 38091   1.8087  69.0416 0005582 182.0815  33.3238  1.00274337 42597
BEIDOU-2 M3             
1 38250U 12018A   23289.08098820 -.00000061  00000+0  00000+0 0  9995
2 38250  56.4882 337.4897 0024896 257.8978 101.8943  1.86231223 77782
BEIDOU-2 M4             
1 38251U 12018B   23289.01225157 -.00000060  00000+0  00000+0 0  9993
2 38251  56.3983 336.7820 0015803 258.7570 101.1364  1.86231923 78135
SES-5                   
1 38652U 12036A   23289.28660404  .00000048  00000+0  00000+0 0  9990
2 38652   0.0509 298.0860 0001972 263.6302 291.0132  1.00272192 34711
BEIDOU-2 M6             
1 38775U 12050B   23288.72197638  .00000043  00000+0  00000+0 0  9999
2 38775  55.7237  95.3799 0010677 339.4882  20.4928  1.86231201 75147
GSAT-10                 
1 38779U 12051B   23289.57049340 -.00000151  00000+0  00000+0 0  9995
2 38779   0.0594  90.6456 0003334 163.2721  59.3266  1.00271238 40345
NAVSTAR 67 (USA 239)    
1 38833U 12053A   23289.09696080  .00000043  00000+0  00000+0 0  9993
2 38833  53.5099 183.4867 0144740  52.8107 308.5831  2.00567935 79885
GSAT0103 (GALILEO-FM3)  
1 38857U 12055A   23288.39688869  .00000079  00000+0  00000+0 0  9998
2 38857  55.2988 128.3633 0002073 244.9025 115.1712  1.70473721 68378
GSAT0104 (GALILEO-FM4)  
1 38858U 12055B   23287.19312505  .00000077  00000+0  00000+0 0  9995
2 38858  55.2983 128.3978 0001174 142.2090 217.8995  1.70474004 68355
BEIDOU-2 G6             
1 38953U 12059A   23289.56302080 -.00000160  00000+0  00000+0 0  9999
2 38953   1.9314  81.7470 0006889 301.2090 288.5917  1.00269634 40130
LUCH-5B                 
1 38977U 12061A   23289.18482215 -.00000119  00000+0  00000+0 0  9999
2 38977   8.3475  58.7689 0005438 129.4295 246.5114  1.00272899 39843
COSMOS 2485             
1 39155U 13019A   23289.26043178  .00000071  00000+0  00000+0 0  9998
2 39155  64.9476 106.4421 0021944 226.0854 133.7734  2.13101859 81508
NAVSTAR 68 (USA 242)    
1 39166U 13023A   23289.45869758 -.00000023  00000+0  00000+0 0  9994
2 39166  55.3236 308.4259 0115309  41.5476 319.3660  2.00564225 76331
IRNSS-1A                
1 39199U 13034A   23289.48574472  .00000105  00000+0  00000+0 0  9991
2 39199  33.5227  78.0651 0021422 180.5079 356.2244  1.00278844 37597
NAVSTAR 69 (USA 248)    
1 39533U 14008A   23288.96072861  .00000038  00000+0  00000+0 0  9997
2 39533  53.5964 189.0559 0067055 215.4785 144.1436  2.00554053 70126
ASTRA 5B                
1 39617U 14011B   23289.55101170  .00000151  00000+0  00000+0 0  9992
2 39617   0.0650 309.8605 0003492 273.2808  23.5615  1.00274454 34891
COSMOS 2492             
1 39620U 14012A   23288.74671570 -.00000046  00000+0  00000+0 0  9997
2 39620  65.7554 346.8798 0012770 311.2815  48.6852  2.13103172 74450
IRNSS-1B                
1 39635U 14017A   23289.48574472  .00000103  00000+0  00000+0 0  9996
2 39635  28.6231 256.9568 0018820 188.8037 168.9178  1.00269342 35011
LUCH-5V                 
1 39727U 14023A   23289.63982374 -.00000254  00000+0  00000+0 0  9994
2 39727   2.6801  77.0883 0003488 157.8322 115.0372  1.00275651 34587
NAVSTAR 70 (USA 251)    
1 39741U 14026A   23289.24236459 -.00000078  00000+0  00000+0 0  9990
2 39741  56.7003   9.3657 0030363 309.6216  50.1601  2.00554248 68983
COSMOS 2500             
1 40001U 14032A   23289.39870885 -.00000045  00000+0  00000+0 0  9995
2 40001  65.6933 346.6822 0008568 210.0723 149.9546  2.13105973 72684
NAVSTAR 71 (USA 256)    
1 40105U 14045A   23289.32565203  .00000070  00000+0  00000+0 0  9999
2 40105  54.8290 127.3938 0027217 114.4633 245.9023  2.00549709 67413
GSAT0201 (GALILEO 5)    
1 40128U 14050A   23289.38454782 -.00000046  00000+0  00000+0 0  9999
2 40128  49.8980 312.8839 1607460 141.9673 230.5689  1.85519405 60236
GSAT0202 (GALILEO 6)    
1 40129U 14050B   23289.10478734 -.00000045  00000+0  00000+0 0  9992
2 40129  49.9172 311.9674 1605453 142.7667 229.5422  1.85520104 62390
IRNSS-1C                
1 40269U 14061A   23289.56284677 -.00000144  00000+0  00000+0 0  9990
2 40269   4.0646 111.4204 0019378   6.8436 192.1986  1.00270763 32918
NAVSTAR 72 (USA 258)    
1 40294U 14068A   23288.70243041 -.00000011  00000+0  00000+0 0  9993
2 40294  56.2141  68.8397 0049004  62.8002 297.6917  2.00574544 65649
COSMOS 2501             
1 40315U 14075A   23289.17980956  .00000027  00000+0  00000+0 0  9996
2 40315  63.6357 224.2023 0019237 209.4367 150.4580  2.13101260 69074
NAVSTAR 73 (USA 260)    
1 40534U 15013A   23289.34058935  .00000013  00000+0  00000+0 0  9999
2 40534  53.4455 244.5497 0082558  26.0758 334.3147  2.00552141 62277
GSAT0203 (GALILEO 7)    
1 40544U 15017A   23288.72364901 -.00000081  00000+0  00000+0 0  9994
2 40544  56.9076   8.1472 0005456 246.0563 113.9368  1.70476240 53235
GSAT0204 (GALILEO 8)    
1 40545U 15017B   23288.97740621 -.00000080  00000+0  00000+0 0  9998
2 40545  56.9144   8.1547 0004481 226.1955 133.8184  1.70475808 15623
IRNSS-1D                
1 40547U 15018A   23289.35347198 -.00000284  00000+0  00000+0 0  9992
2 40547  27.9890 256.9239 0018815 187.2423 179.4274  1.00268709 31217
BEIDOU-3S IGSO-1S       
1 40549U 15019A   23288.81626029 -.00000123  00000+0  00000+0 0  9990
2 40549  51.0268 307.0833 0040526 197.6536 263.4886  1.00248528 31296
NAVSTAR 74 (USA 262)    
1 40730U 15033A   23289.50246465 -.00000022  00000+0  00000+0 0  9995
2 40730  54.8112 307.0177 0086923  14.0194 346.2596  2.00553000 60443
BEIDOU-3S M2S           
1 40748U 15037A   23289.21459839 -.00000060  00000+0  00000+0 0  9999
2 40748  55.6375 335.3486 0012612 247.3749 112.5610  1.86233213 55966
BEIDOU-3S M1S           
1 40749U 15037B   23289.48475762 -.00000059  00000+0  00000+0 0  9990
2 40749  55.6404 335.3258 0004915 296.3750  63.6436  1.86232939 55977
GSAT0205 (GALILEO 9)    
1 40889U 15045A   23288.74537573  .00000006  00000+0  00000+0 0  9992
2 40889  55.3426 248.5529 0004303   7.3291 352.6395  1.70473049 50387
GSAT0206 (GALILEO 10)   
1 40890U 15045B   23288.96605157  .00000007  00000+0  00000+0 0  9993
2 40890  55.3416 248.5423 0002798 344.7057  15.2491  1.70473052 50412
BEIDOU-3S IGSO-2S       
1 40938U 15053A   23289.42445630 -.00000134  00000+0  00000+0 0  9997
2 40938  50.7480 270.2563 0047203 195.0694 168.7825  1.00273532 29589
NAVSTAR 75 (USA 265)    
1 41019U 15062A   23289.55354940 -.00000009  00000+0  00000+0 0  9996
2 41019  56.1979  68.6573 0091060 221.4275 137.8745  2.00562240 58287
GSAT-15                 
1 41028U 15065A   23289.64134591 -.00000244  00000+0  00000+0 0  9998
2 41028   0.0578  88.3350 0002340 103.4711 157.5087  1.00271707 29021
GSAT0209 (GALILEO 12)   
1 41174U 15079A   23289.13764244  .00000079  00000+0  00000+0 0  9998
2 41174  55.3172 128.0502 0002033 345.8873  14.1976  1.70474239 48159
GSAT0208 (GALILEO 11)   
1 41175U 15079B   23287.59754167  .00000078  00000+0  00000+0 0  9999
2 41175  55.3149 128.0905 0001656 358.5112   1.5866  1.70474147 48547
IRNSS-1E                
1 41241U 16003A   23289.51704272 -.00000270  00000+0  00000+0 0  9992
2 41241  31.0750  77.1578 0021263 180.2614  65.3865  1.00272313 28306
NAVSTAR 76 (USA 266)    
1 41328U 16007A   23289.14421784  .00000071  00000+0  00000+0 0  9993
2 41328  55.0321 128.1889 0072124 233.5507 125.8645  2.00573759 56284
COSMOS 2514             
1 41330U 16008A   23289.16129958 -.00000045  00000+0  00000+0 0  9999
2 41330  65.4903 346.2610 0012479 214.9025 145.0918  2.13102577 59840
IRNSS-1F                
1 41384U 16015A   23289.55275214  .00000176  00000+0  00000+0 0  9990
2 41384   3.0198 127.8219 0019409 173.5966 314.7823  1.00270408 27899
BEIDOU-2 IGSO-6         
1 41434U 16021A   23289.23012503 -.00000160  00000+0  00000+0 0  9992
2 41434  58.8159  47.8426 0048895 219.2636 297.0444  1.00274775 27707
IRNSS-1G                
1 41469U 16027A   23289.62572872 -.00000317  00000+0  00000+0 0  9993
2 41469   2.9085 129.3862 0000981   6.8872 243.4583  1.00269410 27405
GSAT0211 (GALILEO 14)   
1 41549U 16030A   23288.89174021  .00000006  00000+0  00000+0 0  9992
2 41549  55.4890 248.5291 0004053 323.4652  36.4701  1.70473121 46045
GSAT0210 (GALILEO 13)   
1 41550U 16030B   23288.01003362  .00000003  00000+0  00000+0 0  9994
2 41550  55.4890 248.5545 0003755 287.6433  72.2759  1.70473368 46027
COSMOS 2516             
1 41554U 16032A   23289.27486411  .00000028  00000+0  00000+0 0  9996
2 41554  63.8622 224.6115 0015108 213.4205 146.4870  2.13106358 57451
BEIDOU-2 G7             
1 41586U 16037A   23289.60332520 -.00000339  00000+0  00000+0 0  9990
2 41586   1.9699  68.9378 0007358 342.0605 301.5930  1.00276567 27019
EUTELSAT 117 WEST B     
1 41589U 16038B   23289.09318735  .00000002  00000+0  00000+0 0  9995
2 41589   0.0159  73.7895 0000182  90.7169 136.4035  1.00270688 26884
GSAT0207 (GALILEO 15)   
1 41859U 16069A   23285.91198029  .00000070  00000+0  00000+0 0  9993
2 41859  54.9789 128.2011 0001889 314.1743  45.9121  1.70474249 42720
GSAT0212 (GALILEO 16)   
1 41860U 16069B   23287.52633336  .00000077  00000+0  00000+0 0  9996
2 41860  54.9775 128.1533 0001901  25.4424 334.6657  1.70474469 43006
GSAT0213 (GALILEO 17)   
1 41861U 16069C   23289.06587339  .00000079  00000+0  00000+0 0  9991
2 41861  54.9802 128.1167 0001825 261.2133  98.8571  1.70473033 42899
GSAT0214 (GALILEO 18)   
1 41862U 16069D   23289.21314505  .00000078  00000+0  00000+0 0  9991
2 41862  54.9783 128.1065 0000871 260.0791 100.0013  1.70472972 43026
SES-15                  
1 42709U 17026A   23289.60589726  .00000074  00000+0  00000+0 0  9994
2 42709   0.0423  51.3852 0000318 119.4613 303.0045  1.00268726 24377
QZS-2 (MICHIBIKI-2)     
1 42738U 17028A   23288.78717112 -.00000183  00000+0  00000+0 0  9990
2 42738  40.9780 257.2763 0745957 270.6390 278.5838  1.00253702 23365
QZS-3 (MICHIBIKI-3)     
1 42917U 17048A   23289.62010058 -.00000334  00000+0  00000+0 0  9998
2 42917   0.0535 201.9775 0001492 359.3689 173.8607  1.00273321 22485
COSMOS 2522             
1 42939U 17055A   23289.00283939  .00000025  00000+0  00000+0 0  9998
2 42939  64.0964 225.1583 0008360 242.4290 117.4864  2.13102027 47194
QZS-4 (MICHIBIKI-4)     
1 42965U 17062A   23289.52419493 -.00000297  00000+0  00000+0 0  9990
2 42965  40.6187 355.9094 0749837 270.1180  86.8813  1.00269520 22032
BEIDOU-3 M1             
1 43001U 17069A   23289.02521201  .00000043  00000+0  00000+0 0  9993
2 43001  55.8754  95.4346 0007168 295.7860  64.1626  1.86231532 40442
BEIDOU-3 M2             
1 43002U 17069B   23289.49897914  .00000042  00000+0  00000+0 0  9991
2 43002  55.8750  95.4545 0005265 331.6200  28.3718  1.86231130 40442
GSAT0215 (GALILEO 19)   
1 43055U 17079A   23289.11494473  .00000007  00000+0  00000+0 0  9993
2 43055  55.4654 248.3483 0003186 283.3633  76.5651  1.70473811 36366
GSAT0216 (GALILEO 20)   
1 43056U 17079B   23288.82024481  .00000006  00000+0  00000+0 0  9998
2 43056  55.4659 248.3562 0004785 285.1377  74.7720  1.70473932 36373
GSAT0217 (GALILEO 21)   
1 43057U 17079C   23286.69427101 -.00000001  00000+0  00000+0 0  9994
2 43057  55.4650 248.4137 0004323 298.5702  61.3451  1.70473985 36328
GSAT0218 (GALILEO 22)   
1 43058U 17079D   23289.26066845  .00000008  00000+0  00000+0 0  9991
2 43058  55.4637 248.3407 0005190 280.8073  79.0988  1.70473894 36398
BEIDOU-3 M7             
1 43107U 18003A   23289.24968097 -.00000062  00000+0  00000+0 0  9993
2 43107  55.0940 336.0455 0002677  70.2748 289.8230  1.86232505 39192
BEIDOU-3 M8             
1 43108U 18003B   23288.65117692 -.00000063  00000+0  00000+0 0  9996
2 43108  55.0874 336.0530 0004742 251.2434 108.7749  1.86230959 39196
BEIDOU-3 M4             
1 43207U 18018A   23289.09323327  .00000043  00000+0  00000+0 0  9992
2 43207  55.8339  95.5298 0003923  20.2007 339.8374  1.86231468 38587
BEIDOU-3 M3             
1 43208U 18018B   23288.62294716  .00000043  00000+0  00000+0 0  9990
2 43208  55.8331  95.5499 0004950 313.9141  46.0698  1.86231500 38577
BEIDOU-3 M9             
1 43245U 18029A   23289.38261441 -.00000059  00000+0  00000+0 0  9994
2 43245  54.9868 333.7716 0001834 242.9968 117.0521  1.86232715 37749
BEIDOU-3 M10            
1 43246U 18029B   23289.31258585 -.00000059  00000+0  00000+0 0  9993
2 43246  54.9839 333.8021 0003147 340.9237  19.1325  1.86232921 37726
IRNSS-1I                
1 43286U 18035A   23289.07618806  .00000122  00000+0  00000+0 0  9993
2 43286  29.3472  89.5264 0021230 177.6597 199.6570  1.00275476 20298
COSMOS 2527             
1 43508U 18053A   23288.96155930  .00000072  00000+0  00000+0 0  9995
2 43508  65.1089 106.5533 0007648 212.9502 147.0439  2.13102431 41493
BEIDOU-2 IGSO-7         
1 43539U 18057A   23289.60341722 -.00000085  00000+0  00000+0 0  9996
2 43539  55.1169 171.4892 0063597 230.0266 314.4095  1.00270825 19375
GSAT0221 (GALILEO 25)   
1 43564U 18060A   23287.98733617 -.00000083  00000+0  00000+0 0  9993
2 43564  57.2886   8.1058 0003809 253.9588 106.0476  1.70476357 32539
GSAT0222 (GALILEO 26)   
1 43565U 18060B   23289.37865285 -.00000079  00000+0  00000+0 0  9991
2 43565  57.2924   8.0692 0004381 227.3061 132.7093  1.70475971 32591
GSAT0219 (GALILEO 23)   
1 43566U 18060C   23287.84116768 -.00000083  00000+0  00000+0 0  9992
2 43566  57.2915   8.1127 0003255 261.0772  98.9338  1.70476258 32548
GSAT0220 (GALILEO 24)   
1 43567U 18060D   23289.23478110 -.00000079  00000+0  00000+0 0  9995
2 43567  57.2912   8.0760 0003508 257.1374 102.8753  1.70476179 32552
BEIDOU-3 M5             
1 43581U 18062A   23288.99583789  .00000023  00000+0  00000+0 0  9992
2 43581  54.1685 215.4932 0003979 295.2999  64.6726  1.86231979 35477
BEIDOU-3 M6             
1 43582U 18062B   23289.39918524  .00000026  00000+0  00000+0 0  9990
2 43582  54.1680 215.4691 0005846  12.1690 347.8617  1.86229878 35485
BEIDOU-3 M12            
1 43602U 18067A   23289.33510800  .00000026  00000+0  00000+0 0  9997
2 43602  54.2559 214.1300 0007525  18.5340 341.5123  1.86231489 34961
BEIDOU-3 M11            
1 43603U 18067B   23288.93198516  .00000023  00000+0  00000+0 0  9996
2 43603  54.2531 214.1094 0004451   7.6924 352.3306  1.86231491 34982
BEIDOU-3 M13            
1 43622U 18072A   23288.89096048  .00000042  00000+0  00000+0 0  9996
2 43622  55.8037  95.0751 0003997 288.6659  71.3133  1.86231456 34490
BEIDOU-3 M14            
1 43623U 18072B   23288.75641674  .00000042  00000+0  00000+0 0  9993
2 43623  55.8055  95.0723 0002140 346.9740  13.0438  1.86231458 34480
BEIDOU-3 M16            
1 43647U 18078A   23289.45687548 -.00000059  00000+0  00000+0 0  9992
2 43647  54.8828 333.8877 0006140   1.1122 358.9568  1.86227311 34000
BEIDOU-3 M15            
1 43648U 18078B   23289.58636259 -.00000059  00000+0  00000+0 0  9990
2 43648  54.8784 333.8868 0002898   3.9772 356.0924  1.86232274 34020
BEIDOU-3 G1             
1 43683U 18085A   23289.58521560 -.00000262  00000+0  00000+0 0  9991
2 43683   1.6059 121.5634 0002724   1.4543 252.5594  1.00275574 18283
COSMOS 2529             
1 43687U 18086A   23289.06084846  .00000026  00000+0  00000+0 0  9997
2 43687  64.3118 225.6030 0010052 264.1601  95.7253  2.13102046 38505
BEIDOU-3 M17            
1 43706U 18093A   23289.19723949  .00000024  00000+0  00000+0 0  9993
2 43706  54.2509 215.4068 0009072 286.2731  73.6425  1.86232059 33380
BEIDOU-3 M18            
1 43707U 18093B   23288.52672461  .00000018  00000+0  00000+0 0  9995
2 43707  54.2518 215.4212 0007864 315.3319  44.6153  1.86229919 33360
NAVSTAR 77 (USA 289)    
1 43873U 18109A   23289.54146550  .00000071  00000+0  00000+0 0  9994
2 43873  55.2073 130.6973 0026549 189.7570 351.7079  2.00570401 35527
BEIDOU-3 IGSO-1         
1 44204U 19023A   23289.48765845 -.00000212  00000+0  00000+0 0  9994
2 44204  57.2833  47.8027 0024392 197.1283  75.1095  1.00269986 16569
BEIDOU-2 G8             
1 44231U 19027A   23289.55263285 -.00000232  00000+0  00000+0 0  9999
2 44231   2.0614  80.9360 0006845 136.3651 151.0336  1.00270955 16301
COSMOS 2534             
1 44299U 19030A   23288.59218122  .00000022  00000+0  00000+0 0  9996
2 44299  64.3846 225.5492 0012415 284.7360 209.8600  2.13101930 34139
BEIDOU-3 IGSO-2         
1 44337U 19035A   23289.54714586 -.00000083  00000+0  00000+0 0  9993
2 44337  55.1514 167.4212 0032819 194.9771 338.2693  1.00261609 15924
NAVSTAR 78 (USA 293)    
1 44506U 19056A   23289.40697639 -.00000079  00000+0  00000+0 0  9993
2 44506  55.8259   9.7765 0038103 187.2995 155.8941  2.00566429 30511
BEIDOU-3 M24            
1 44542U 19061A   23289.13505986  .00000024  00000+0  00000+0 0  9991
2 44542  54.4784 215.6467 0008586 350.6829   9.3155  1.86231559 27635
BEIDOU-3 M23            
1 44543U 19061B   23289.54315594  .00000027  00000+0  00000+0 0  9994
2 44543  54.4766 215.6023 0005737 339.2452 206.3065  1.86231910 27645
BEIDOU-3 IGSO-3         
1 44709U 19073A   23289.40745789 -.00000166  00000+0  00000+0 0  9994
2 44709  56.4663 291.3074 0034941 190.8155 169.0996  1.00269292 14682
BEIDOU-3 M22            
1 44793U 19078A   23288.98046775 -.00000060  00000+0  00000+0 0  9996
2 44793  54.7314 333.8661 0004887   8.0540 352.0221  1.86232223 26481
BEIDOU-3 M21            
1 44794U 19078B   23289.11093212 -.00000060  00000+0  00000+0 0  9991
2 44794  54.7050 333.8428 0003023 352.4572   7.6063  1.86232694 26492
COSMOS 2544             
1 44850U 19088A   23288.90533343  .00000072  00000+0  00000+0 0  9997
2 44850  65.0949 106.3972 0011201 247.8133 112.1096  2.13102182 29930
BEIDOU-3 M19            
1 44864U 19090A   23289.11250667  .00000042  00000+0  00000+0 0  9991
2 44864  55.7384  95.2526 0015315 272.9796 281.8309  1.86231790 26079
BEIDOU-3 M20            
1 44865U 19090B   23288.35844090  .00000043  00000+0  00000+0 0  9997
2 44865  55.7394  95.3107 0012935 288.1855 210.8387  1.86231787 26048
BEIDOU-3 G2             
1 45344U 20017A   23289.56232462 -.00000127  00000+0  00000+0 0  9993
2 45344   2.0764  18.3438 0003125 185.1160 103.8597  1.00271480 13483
COSMOS 2545             
1 45358U 20018A   23289.57147343 -.00000046  00000+0  00000+0 0  9993
2 45358  64.8305 346.4577 0011390 242.9756 116.9835  2.13102578 27896
BEIDOU-3 G3             
1 45807U 20040A   23289.62821782 -.00000340  00000+0  00000+0 0  9996
2 45807   0.5904 353.0071 0007833 315.2536  53.3190  1.00267404 12298
NAVSTAR 79 (USA 304)    
1 45854U 20041A   23289.61399807 -.00000013  00000+0  00000+0 0  9993
2 45854  55.9195  67.0567 0037924 187.7265 247.9487  2.00562380 24490
GALAXY 30 (G-30)        
1 46114U 20056C   23289.58051785  .00000051  00000+0  00000+0 0  9996
2 46114   0.0154 232.6063 0002562 330.4763 265.7384  1.00270534 11527
COSMOS 2547             
1 46805U 20075A   23289.29096009  .00000028  00000+0  00000+0 0  9994
2 46805  64.6122 225.0941 0007539 243.2728 116.6521  2.13102828 23139
NAVSTAR 80 (USA 309)    
1 46826U 20078A   23288.95940771  .00000010  00000+0  00000+0 0  9997
2 46826  54.2928 250.3740 0036700 195.0182 103.7287  2.00562793 21949
NAVSTAR 81 (USA 319)    
1 48859U 21054A   23289.36720351 -.00000080  00000+0  00000+0 0  9994
2 48859  55.3446  11.5438 0013423 215.5481 201.1440  2.00571328 17204
QZS-1R                  
1 49336U 21096A   23289.35643076 -.00000182  00000+0  00000+0 0  9991
2 49336  35.4401  94.2709 0746609 270.0375 283.7352  1.00278658  7230
GSAT0223 (GALILEO 27)   
1 49809U 21116A   23288.49755931 -.00000081  00000+0  00000+0 0  9995
2 49809  57.2826   7.9915 0003630 202.5759 155.2898  1.70476396 11547
GSAT0224 (GALILEO 28)   
1 49810U 21116B   23289.49031801 -.00000078  00000+0  00000+0 0  9997
2 49810  57.2834   7.9631 0002895 196.5819 163.0500  1.70476367 11583
COSMOS 2557             
1 52984U 22075A   23289.45381021 -.00000049  00000+0  00000+0 0  9994
2 52984  64.7485 348.6166 0013110 275.5857  84.3395  2.13102256  9949
COSMOS 2559             
1 54031U 22130A   23289.39593220 -.00000049  00000+0  00000+0 0  9990
2 54031  64.7198 348.7447 0007825 224.8156 135.1955  2.13101508  7914
COSMOS 2564             
1 54377U 22161A   23289.11952795  .00000027  00000+0  00000+0 0  9998
2 54377  64.7529 225.1604 0009578 223.0354 136.8908  2.13102191  6853
NAVSTAR 82 (USA 343)    
1 55268U 23009A   23287.54552144  .00000033  00000+0  00000+0 0  9996
2 55268  55.0864 186.8385 0005004  88.7590 131.5270  2.00553131  5645
BEIDOU-3 G4             
1 56564U 23066A   23289.50654312 -.00000100  00000+0  00000+0 0  9993
2 56564   2.7418 288.6477 0005992 223.0917 215.4392  1.00271778  1629
IRNSS-1J (NVS-01)       
1 56759U 23076A   23289.48878422 -.00000327  00000+0  00000+0 0  9998
2 56759   4.6336 271.2785 0007251 348.1978  70.7616  1.00266761  1347
