NAVSTAR 43 (USA 132)    
1 24876U 97035A   23301.94154916  .00000066  00000+0  00000+0 0  9999
2 24876  55.6021 136.2105 0074598  53.3877 307.3663  2.00564465192655
NAVSTAR 47 (USA 150)    
1 26360U 00025A   23302.26898860 -.00000071  00000+0  00000+0 0  9998
2 26360  54.4790  58.3548 0041844 202.7280 124.4030  2.00566896171974
NAVSTAR 51 (USA 166)    
1 27663U 03005A   23302.57396527 -.00000022  00000+0  00000+0 0  9999
2 27663  55.2174 253.2133 0134065  45.0518 121.1312  2.00562768152028
NAVSTAR 52 (USA 168)    
1 27704U 03010A   23302.59901937 -.00000102  00000+0  00000+0 0  9999
2 27704  55.1151   3.1404 0250182 319.9269  83.4206  2.00553635150827
NAVSTAR 54 (USA 177)    
1 28190U 04009A   23302.22561670 -.00000062  00000+0  00000+0 0  9999
2 28190  55.6483 314.2853 0092263 140.9166 290.3526  2.00565555143657
NAVSTAR 56 (USA 180)    
1 28474U 04045A   23302.62733126 -.00000102  00000+0  00000+0 0  9990
2 28474  55.4426   3.4795 0163875 283.9907 130.9545  2.00556698139145
ANIK F1R                
1 28868U 05036A   23302.63655594 -.00000074  00000+0  00000+0 0  9999
2 28868   1.8318  88.3188 0001402 108.3897 322.8880  1.00271825 36819
NAVSTAR 57 (USA 183)    
1 28874U 05038A   23302.09726743 -.00000059  00000+0  00000+0 0  9996
2 28874  55.6987 311.7440 0140435 280.5754  80.9545  2.00571687132541
INMARSAT 4-F2           
1 28899U 05044A   23302.59339466 -.00000353  00000+0  00000+0 0  9994
2 28899   3.9291  41.2025 0003921 202.7958 117.1982  1.00833968 65877
NAVSTAR 58 (USA 190)    
1 29486U 06042A   23302.39370497  .00000040  00000+0  00000+0 0  9995
2 29486  54.6796 189.4739 0104330  34.0375  82.4352  2.00566897125108
NAVSTAR 59 (USA 192)    
1 29601U 06052A   23302.15698618 -.00000024  00000+0  00000+0 0  9990
2 29601  55.2403 252.1929 0084357  79.5326 281.3918  2.00552426124115
NAVSTAR 60 (USA 196)    
1 32260U 07047A   23301.97288373  .00000044  00000+0  00000+0 0  9993
2 32260  53.4916 119.8755 0152838  71.9680 289.7306  2.00548844117512
COSMOS 2433             
1 32275U 07052A   23302.40503323 -.00000064  00000+0  00000+0 0  9992
2 32275  66.0069 348.1041 0005263 242.0302 117.9858  2.13104034124563
COSMOS 2432             
1 32276U 07052B   23302.44017869 -.00000064  00000+0  00000+0 0  9992
2 32276  66.0214 348.2127 0010156 311.5605  22.3077  2.13103196124589
NAVSTAR 61 (USA 199)    
1 32384U 07062A   23302.51092411 -.00000061  00000+0  00000+0 0  9994
2 32384  55.8317 312.5569 0024247 152.3670   7.8526  2.00561463116222
COSMOS 2434             
1 32393U 07065A   23302.19961302  .00000007  00000+0  00000+0 0  9994
2 32393  64.3310 224.4434 0002301  69.2166  24.5674  2.13103038123272
COSMOS 2436             
1 32395U 07065C   23302.60896661  .00000010  00000+0  00000+0 0  9991
2 32395  64.3396 224.4917 0016450 359.9015 183.3744  2.13102673123238
NAVSTAR 62 (USA 201)    
1 32711U 08012A   23302.38371382  .00000041  00000+0  00000+0 0  9993
2 32711  54.4478 188.2926 0177888 236.1723 122.2074  2.00559058114465
NAVSTAR 64 (USA 206)    
1 35752U 09043A   23302.36441687 -.00000058  00000+0  00000+0 0  9999
2 35752  55.4810  65.5212 0057257  70.2494 292.0087  2.00554775104075
COSMOS 2456             
1 36111U 09070A   23302.35288999  .00000031  00000+0  00000+0 0  9993
2 36111  64.5148 103.9167 0001229 329.3242  40.4178  2.13099052107933
COSMOS 2457             
1 36112U 09070B   23302.36331090  .00000031  00000+0  00000+0 0  9996
2 36112  64.4988 103.7803 0006574 149.2210 359.7351  2.13101240107934
COSMOS 2460             
1 36402U 10007C   23302.25543285 -.00000062  00000+0  00000+0 0  9994
2 36402  65.8683 346.8152 0002333 244.4155 170.8171  2.13106203106233
NAVSTAR 65 (USA 213)    
1 36585U 10022A   23302.43276569 -.00000019  00000+0  00000+0 0  9993
2 36585  54.5408 247.3624 0111549  59.7989 109.9272  2.00564722 98309
BEIDOU-2 IGSO-1         
1 36828U 10036A   23302.58953925 -.00000072  00000+0  00000+0 0  9991
2 36828  54.2334 171.6670 0037872 191.5833 352.6693  1.00294454 48561
QZS-1 (MICHIBIKI-1)     
1 37158U 10045A   23302.55794194  .00000053  00000+0  00000+0 0  9994
2 37158  42.9450 127.0445 0004000 114.0528 242.8736  0.87715138 47955
BEIDOU-2 G4             
1 37210U 10057A   23302.58072951 -.00000112  00000+0  00000+0 0  9996
2 37210   1.3008  63.2342 0007813 170.1053 173.4088  1.00271451 47646
BEIDOU-2 IGSO-2         
1 37256U 10068A   23302.21779251 -.00000220  00000+0  00000+0 0  9995
2 37256  49.3115 283.6396 0031413 214.0265  86.0650  1.00265770 47146
BEIDOU-2 IGSO-3         
1 37384U 11013A   23302.29294752 -.00000209  00000+0  00000+0 0  9991
2 37384  61.0194  49.3629 0028138 178.6264  22.5504  1.00267385 46018
GSAT-8                  
1 37605U 11022A   23301.49702265  .00000083  00000+0  00000+0 0  9990
2 37605   0.0133 242.1724 0008277  10.5214  17.8813  1.00270807 43560
NAVSTAR 66 (USA 232)    
1 37753U 11036A   23302.55677400 -.00000101  00000+0  00000+0 0  9991
2 37753  56.7500   9.3272 0126868  56.2806 289.5421  2.00568977 89980
BEIDOU-2 IGSO-4         
1 37763U 11038A   23302.58746433 -.00000023  00000+0  00000+0 0  9993
2 37763  54.5069 174.2209 0112057 227.3405 302.0844  1.00262689 45005
GSAT0101 (GALILEO-PFM)  
1 37846U 11060A   23301.26256572 -.00000100  00000+0  00000+0 0  9990
2 37846  57.1143   7.8397 0000637 323.5222  36.5269  1.70475790 74709
GSAT0102 (GALILEO-FM2)  
1 37847U 11060B   23302.35580542 -.00000102  00000+0  00000+0 0  9991
2 37847  57.1149   7.8101 0002726 298.8613  58.2883  1.70475169 74723
COSMOS 2476             
1 37867U 11064A   23302.45470529  .00000034  00000+0  00000+0 0  9994
2 37867  64.7935 105.4613 0021588 230.0696 127.5657  2.13101660 93260
COSMOS 2477             
1 37868U 11064B   23302.62486531  .00000032  00000+0  00000+0 0  9992
2 37868  64.8008 105.5255 0018789 230.1016  75.9328  2.13101521 93269
COSMOS 2475             
1 37869U 11064C   23302.06461560  .00000038  00000+0  00000+0 0  9992
2 37869  64.8078 105.5573 0022704 248.4666 306.3024  2.13101786 93262
BEIDOU-2 IGSO-5         
1 37948U 11073A   23302.35647062 -.00000165  00000+0  00000+0 0  9997
2 37948  49.4371 283.3084 0094369 221.0782 115.7073  1.00259823 43485
LUCH-5A                 
1 37951U 11074B   23302.58457834 -.00000045  00000+0  00000+0 0  9990
2 37951   6.2859  88.7513 0004127 114.6197 211.6948  1.00273036 43406
BEIDOU-2 G5             
1 38091U 12008A   23301.52243713  .00000057  00000+0  00000+0 0  9998
2 38091   1.8391  69.2548 0006997 186.9521  27.2074  1.00268198 42713
BEIDOU-2 M3             
1 38250U 12018A   23301.96790891 -.00000084  00000+0  00000+0 0  9999
2 38250  56.4812 337.0614 0025244 259.0668 100.7053  1.86231108 78026
BEIDOU-2 M4             
1 38251U 12018B   23301.36216675 -.00000080  00000+0  00000+0 0  9993
2 38251  56.3915 336.3705 0016107 260.2253  99.6502  1.86231809 78017
SES-5                   
1 38652U 12036A   23301.29687441  .00000032  00000+0  00000+0 0  9999
2 38652   0.0464 298.8839 0002078 281.3566 288.0145  1.00272147 34835
BEIDOU-2 M6             
1 38775U 12050B   23302.14573768  .00000003  00000+0  00000+0 0  9990
2 38775  55.7344  94.9302 0010569 338.2770  21.6665  1.86231100 75390
GSAT-10                 
1 38779U 12051B   23302.57822951 -.00000166  00000+0  00000+0 0  9994
2 38779   0.0165 247.5754 0004257   1.9870  79.2678  1.00272572 40475
NAVSTAR 67 (USA 239)    
1 38833U 12053A   23302.05967152  .00000046  00000+0  00000+0 0  9999
2 38833  53.5098 182.9567 0145552  53.1013 308.3168  2.00568071 80141
GSAT0103 (GALILEO-FM3)  
1 38857U 12055A   23301.88827843  .00000059  00000+0  00000+0 0  9993
2 38857  55.3055 127.9922 0002086 239.8801 120.1552  1.70473610 68600
GSAT0104 (GALILEO-FM4)  
1 38858U 12055B   23300.09792386  .00000073  00000+0  00000+0 0  9995
2 38858  55.3064 128.0429 0001356 144.1602 215.9177  1.70473820 68576
BEIDOU-2 G6             
1 38953U 12059A   23302.57763042 -.00000175  00000+0  00000+0 0  9991
2 38953   1.9670  81.7236 0006980 296.8794 310.9407  1.00274642 40260
LUCH-5B                 
1 38977U 12061A   23301.14927135 -.00000135  00000+0  00000+0 0  9993
2 38977   8.3754  58.6777 0005623 139.7462 235.2752  1.00271339 39960
COSMOS 2485             
1 39155U 13019A   23301.93042809  .00000041  00000+0  00000+0 0  9994
2 39155  64.9532 106.0143 0022127 226.1041 133.7222  2.13101770 81774
NAVSTAR 68 (USA 242)    
1 39166U 13023A   23302.42172575 -.00000058  00000+0  00000+0 0  9999
2 39166  55.3131 307.9051 0115837  41.5320 319.3587  2.00564133 76586
IRNSS-1A                
1 39199U 13034A   23301.45020832  .00000090  00000+0  00000+0 0  9992
2 39199  33.5499  77.8898 0022057 180.1873 355.5144  1.00270637 37718
NAVSTAR 69 (USA 248)    
1 39533U 14008A   23302.42291265  .00000039  00000+0  00000+0 0  9997
2 39533  53.5959 188.5074 0067051 215.3591 144.2800  2.00554741 70395
ASTRA 5B                
1 39617U 14011B   23301.85015624  .00000136  00000+0  00000+0 0  9991
2 39617   0.0558 315.2182 0003925 281.0424 130.2392  1.00272882 35220
COSMOS 2492             
1 39620U 14012A   23302.35525594 -.00000063  00000+0  00000+0 0  9994
2 39620  65.7515 346.4224 0013325 310.7501  49.2033  2.13103077 74744
IRNSS-1B                
1 39635U 14017A   23301.45012132  .00000078  00000+0  00000+0 0  9999
2 39635  28.5994 256.7570 0018389 188.5760 168.2593  1.00273133 35137
LUCH-5V                 
1 39727U 14023A   23302.58248583 -.00000268  00000+0  00000+0 0  9996
2 39727   2.7147  77.0668 0004331 169.0161  96.0360  1.00270423 34718
NAVSTAR 70 (USA 251)    
1 39741U 14026A   23302.20619066 -.00000100  00000+0  00000+0 0  9997
2 39741  56.7015   8.8627 0030914 309.4553  50.3239  2.00553217 69245
COSMOS 2500             
1 40001U 14032A   23302.53781297 -.00000064  00000+0  00000+0 0  9996
2 40001  65.6897 346.2395 0008588 213.7668 146.2466  2.13105887 72960
NAVSTAR 71 (USA 256)    
1 40105U 14045A   23301.79091234  .00000058  00000+0  00000+0 0  9999
2 40105  54.8347 126.8956 0027441 114.8635 245.4749  2.00550440 66777
GSAT0201 (GALILEO 5)    
1 40128U 14050A   23302.32039641 -.00000084  00000+0  00000+0 0  9994
2 40128  49.8863 312.3659 1607035 142.4562 229.9429  1.85519383 60477
GSAT0202 (GALILEO 6)    
1 40129U 14050B   23300.96260503 -.00000077  00000+0  00000+0 0  9998
2 40129  49.9062 311.4929 1605107 143.2152 228.9662  1.85520016 62613
IRNSS-1C                
1 40269U 14061A   23302.57763029 -.00000159  00000+0  00000+0 0  9996
2 40269   4.0963 111.0342 0018979   6.1880 211.3737  1.00274553 33045
NAVSTAR 72 (USA 258)    
1 40294U 14068A   23300.16915997 -.00000038  00000+0  00000+0 0  9993
2 40294  56.2236  68.3907 0048914  62.8585 297.6221  2.00575161 65870
COSMOS 2501             
1 40315U 14075A   23302.31910833  .00000008  00000+0  00000+0 0  9994
2 40315  63.6339 223.7450 0018964 208.5409 151.3753  2.13101199 69359
NAVSTAR 73 (USA 260)    
1 40534U 15013A   23302.30434841 -.00000019  00000+0  00000+0 0  9992
2 40534  53.4390 244.0128 0083277  26.4393 333.9664  2.00551169 62536
GSAT0203 (GALILEO 7)    
1 40544U 15017A   23299.28213247 -.00000096  00000+0  00000+0 0  9999
2 40544  56.9092   7.8594 0004637 244.0445 115.9574  1.70476067 52755
GSAT0204 (GALILEO 8)    
1 40545U 15017B   23301.88227431 -.00000102  00000+0  00000+0 0  9998
2 40545  56.9158   7.8029 0004824 232.8161 127.1940  1.70475558 15845
IRNSS-1D                
1 40547U 15018A   23301.80581211 -.00000307  00000+0  00000+0 0  9999
2 40547  27.9634 256.7141 0018774 184.8864 357.2167  1.00274567 31338
BEIDOU-3S IGSO-1S       
1 40549U 15019A   23302.48292894 -.00000159  00000+0  00000+0 0  9998
2 40549  51.0016 306.9207 0037428 195.7925 159.5522  1.00298957 31426
NAVSTAR 74 (USA 262)    
1 40730U 15033A   23302.46621827 -.00000058  00000+0  00000+0 0  9994
2 40730  54.8005 306.4906 0087592  14.1491 346.1068  2.00552165 60704
BEIDOU-3S M2S           
1 40748U 15037A   23301.56440012 -.00000082  00000+0  00000+0 0  9999
2 40748  55.6304 334.9296 0012843 249.6290 110.2877  1.86233029 56195
BEIDOU-3S M1S           
1 40749U 15037B   23302.37151920 -.00000087  00000+0  00000+0 0  9992
2 40749  55.6330 334.8885 0005441 298.1827  61.8146  1.86232846 56218
GSAT0205 (GALILEO 9)    
1 40889U 15045A   23302.23690646 -.00000023  00000+0  00000+0 0  9994
2 40889  55.3350 248.1806 0004579  11.7518 348.2265  1.70472907 50618
GSAT0206 (GALILEO 10)   
1 40890U 15045B   23299.52462991 -.00000027  00000+0  00000+0 0  9997
2 40890  55.3355 248.2510 0002928 352.0220   7.9360  1.70472892 50590
BEIDOU-3S IGSO-2S       
1 40938U 15053A   23302.58215469 -.00000164  00000+0  00000+0 0  9998
2 40938  50.7260 270.1026 0047296 194.4066 239.2051  1.00270192 29715
NAVSTAR 75 (USA 265)    
1 41019U 15062A   23302.01815864 -.00000051  00000+0  00000+0 0  9997
2 41019  56.2082  68.1694 0091645 221.6753 137.6051  2.00562097 58530
GSAT-15                 
1 41028U 15065A   23302.58439125 -.00000258  00000+0  00000+0 0  9993
2 41028   0.0510 264.7715 0003633 296.4362 140.3538  1.00269998 29157
GSAT0209 (GALILEO 12)   
1 41174U 15079A   23302.04240630  .00000058  00000+0  00000+0 0  9999
2 41174  55.3233 127.6953 0001897 346.4652  13.5838  1.70474238 48374
GSAT0208 (GALILEO 11)   
1 41175U 15079B   23298.15599965  .00000079  00000+0  00000+0 0  9997
2 41175  55.3202 127.8003 0001364   2.8233 357.2515  1.70474062 48720
IRNSS-1E                
1 41241U 16003A   23301.86595169 -.00000287  00000+0  00000+0 0  9996
2 41241  31.1036  76.9727 0021517 181.3605 202.0769  1.00266564 28439
NAVSTAR 76 (USA 266)    
1 41328U 16007A   23302.60512822  .00000048  00000+0  00000+0 0  9998
2 41328  55.0378 127.6538 0072519 233.5762 125.8007  2.00573079 56559
COSMOS 2514             
1 41330U 16008A   23302.30060019 -.00000063  00000+0  00000+0 0  9993
2 41330  65.4865 345.8150 0012551 217.4299 142.5509  2.13102503 60123
IRNSS-1F                
1 41384U 16015A   23301.75028286  .00000161  00000+0  00000+0 0  9996
2 41384   3.0457 127.2574 0019887 174.3414  37.8542  1.00277298 28012
BEIDOU-2 IGSO-6         
1 41434U 16021A   23300.75153012 -.00000185  00000+0  00000+0 0  9991
2 41434  58.8325  47.7235 0048956 219.7552 135.6053  1.00271942 27817
IRNSS-1G                
1 41469U 16027A   23302.60419531 -.00000331  00000+0  00000+0 0  9995
2 41469   2.9356 128.7656 0000819 293.7854 322.0986  1.00277836 27533
GSAT0211 (GALILEO 14)   
1 41549U 16030A   23301.21009059 -.00000026  00000+0  00000+0 0  9995
2 41549  55.4810 248.1905 0004092 331.8545  28.0868  1.70472809 46258
GSAT0210 (GALILEO 13)   
1 41550U 16030B   23302.08812706 -.00000024  00000+0  00000+0 0  9992
2 41550  55.4810 248.1675 0003433 294.0565  65.8745  1.70473273 46264
COSMOS 2516             
1 41554U 16032A   23301.47534880  .00000000  00000+0  00000+0 0  9997
2 41554  63.8605 224.1905 0014949 212.7589 147.1627  2.13106315 57713
BEIDOU-2 G7             
1 41586U 16037A   23302.59454782 -.00000354  00000+0  00000+0 0  9996
2 41586   2.0029  69.1319 0006755 335.7220 317.4185  1.00269107 27142
EUTELSAT 117 WEST B     
1 41589U 16038B   23301.64321458 -.00000013  00000+0  00000+0 0  9990
2 41589   0.0132  92.6420 0000315  14.8510  43.8096  1.00270759 27017
GSAT0207 (GALILEO 15)   
1 41859U 16069A   23301.16305946  .00000064  00000+0  00000+0 0  9990
2 41859  54.9864 127.7782 0001632 310.3271  49.7200  1.70474167 42980
GSAT0212 (GALILEO 16)   
1 41860U 16069B   23301.60422882  .00000060  00000+0  00000+0 0  9996
2 41860  54.9844 127.7627 0001746  32.1147 327.9539  1.70474422 43245
GSAT0213 (GALILEO 17)   
1 41861U 16069C   23302.55729269  .00000053  00000+0  00000+0 0  9993
2 41861  54.9867 127.7423 0001796 255.6039 104.4263  1.70473056 43123
GSAT0214 (GALILEO 18)   
1 41862U 16069D   23301.53141611  .00000061  00000+0  00000+0 0  9999
2 41862  54.9845 127.7648 0000849 246.6077 113.4419  1.70472928 43231
SES-15                  
1 42709U 17026A   23301.63580619  .00000057  00000+0  00000+0 0  9995
2 42709   0.0473  62.7370 0001327 161.6860 272.0558  1.00281681 24499
QZS-2 (MICHIBIKI-2)     
1 42738U 17028A   23302.43132611 -.00000233  00000+0  00000+0 0  9990
2 42738  40.9556 257.0839 0743904 270.8286 162.8644  1.00249740 23507
QZS-3 (MICHIBIKI-3)     
1 42917U 17048A   23302.60247439 -.00000349  00000+0  00000+0 0  9993
2 42917   0.0589 163.0579 0001874  67.3498 151.1426  1.00266104 22616
COSMOS 2522             
1 42939U 17055A   23302.14211387  .00000006  00000+0  00000+0 0  9996
2 42939  64.0947 224.7087 0007784 241.5647 118.3739  2.13101956 47476
QZS-4 (MICHIBIKI-4)     
1 42965U 17062A   23302.49775400 -.00000346  00000+0  00000+0 0  9990
2 42965  40.6132 355.7427 0750728 270.3719  89.6806  1.00265341 22176
BEIDOU-3 M1             
1 43001U 17069A   23302.44896724  .00000001  00000+0  00000+0 0  9994
2 43001  55.8864  94.9859 0007260 294.1952  65.7159  1.86231383 40694
BEIDOU-3 M2             
1 43002U 17069B   23302.38580071  .00000001  00000+0  00000+0 0  9993
2 43002  55.8853  95.0245 0005206 328.6828  31.2736  1.86231054 40680
GSAT0215 (GALILEO 19)   
1 43055U 17079A   23301.43323843 -.00000026  00000+0  00000+0 0  9997
2 43055  55.4582 248.0096 0002885 288.7461  71.1870  1.70473678 36574
GSAT0216 (GALILEO 20)   
1 43056U 17079B   23301.13852879 -.00000027  00000+0  00000+0 0  9992
2 43056  55.4591 248.0175 0004486 288.7289  71.1858  1.70473791 36583
GSAT0217 (GALILEO 21)   
1 43057U 17079C   23301.94549634 -.00000024  00000+0  00000+0 0  9991
2 43057  55.4565 247.9944 0004117 302.9588  56.9680  1.70473756 36584
GSAT0218 (GALILEO 22)   
1 43058U 17079D   23300.99236707 -.00000027  00000+0  00000+0 0  9993
2 43058  55.4572 248.0181 0004885 283.9708  75.9379  1.70473757 36590
BEIDOU-3 M7             
1 43107U 18003A   23302.13645623 -.00000087  00000+0  00000+0 0  9991
2 43107  55.0866 335.6026 0002532  64.9451 295.1343  1.86232375 39436
BEIDOU-3 M8             
1 43108U 18003B   23301.53805786 -.00000084  00000+0  00000+0 0  9990
2 43108  55.0800 335.6100 0004919 254.4250 105.5755  1.86230827 39433
BEIDOU-3 M4             
1 43207U 18018A   23301.98004299  .00000005  00000+0  00000+0 0  9997
2 43207  55.8445  95.0986 0003716  18.8560 341.1472  1.86231317 38826
BEIDOU-3 M3             
1 43208U 18018B   23302.04670291  .00000005  00000+0  00000+0 0  9997
2 43208  55.8439  95.1009 0004965 311.0446  48.9017  1.86231326 38822
BEIDOU-3 M9             
1 43245U 18029A   23302.26937852 -.00000086  00000+0  00000+0 0  9993
2 43245  54.9786 333.3269 0002119 250.8061 109.2212  1.86232465 37984
BEIDOU-3 M10            
1 43246U 18029B   23302.19932378 -.00000086  00000+0  00000+0 0  9994
2 43246  54.9761 333.3581 0003403 338.5515  21.4849  1.86232778 37966
IRNSS-1I                
1 43286U 18035A   23301.69795021  .00000106  00000+0  00000+0 0  9993
2 43286  29.3780  89.3250 0021421 176.4609  77.3732  1.00268281 20429
COSMOS 2527             
1 43508U 18053A   23302.10078344  .00000039  00000+0  00000+0 0  9994
2 43508  65.1141 106.1125 0007808 213.2330 146.7261  2.13102376 41774
BEIDOU-2 IGSO-7         
1 43539U 18057A   23302.54551067 -.00000080  00000+0  00000+0 0  9995
2 43539  55.1180 171.3750 0063714 229.6912 306.5209  1.00266540 19506
GSAT0221 (GALILEO 25)   
1 43564U 18060A   23300.89218513 -.00000099  00000+0  00000+0 0  9999
2 43564  57.2900   7.7572 0004795 261.7683  98.2304  1.70475919 32748
GSAT0222 (GALILEO 26)   
1 43565U 18060B   23301.69693164 -.00000101  00000+0  00000+0 0  9992
2 43565  57.2935   7.7366 0004493 229.5430 130.4722  1.70475899 32802
GSAT0219 (GALILEO 23)   
1 43566U 18060C   23301.91918717 -.00000101  00000+0  00000+0 0  9992
2 43566  57.2927   7.7326 0003944 266.2921  93.7176  1.70476021 32782
GSAT0220 (GALILEO 24)   
1 43567U 18060D   23302.13964694 -.00000102  00000+0  00000+0 0  9994
2 43567  57.2924   7.7265 0004223 262.1659  97.8412  1.70475786 32770
BEIDOU-3 M5             
1 43581U 18062A   23301.88260770  .00000008  00000+0  00000+0 0  9991
2 43581  54.1653 215.0535 0003450 299.8989  60.1017  1.86231776 35716
BEIDOU-3 M6             
1 43582U 18062B   23301.21218170  .00000003  00000+0  00000+0 0  9991
2 43582  54.1651 215.0660 0006009  17.7278 342.3234  1.86229695 35707
BEIDOU-3 M12            
1 43602U 18067A   23302.22190321  .00000012  00000+0  00000+0 0  9998
2 43602  54.2531 213.6919 0007699  20.9634 339.1083  1.86231405 35200
BEIDOU-3 M11            
1 43603U 18067B   23302.35573602  .00000013  00000+0  00000+0 0  9991
2 43603  54.2501 213.6530 0004557  12.0351 348.0169  1.86231389 35233
BEIDOU-3 M13            
1 43622U 18072A   23301.77776160  .00000006  00000+0  00000+0 0  9999
2 43622  55.8141  94.6441 0004139 285.6267  74.3177  1.86231302 34736
BEIDOU-3 M14            
1 43623U 18072B   23301.64321860  .00000008  00000+0  00000+0 0  9991
2 43623  55.8159  94.6414 0002020 339.9342  20.0487  1.86231252 34725
BEIDOU-3 M16            
1 43647U 18078A   23301.80703520 -.00000084  00000+0  00000+0 0  9993
2 43647  54.8753 333.4610 0006328 359.3529   0.6983  1.86227168 34232
BEIDOU-3 M15            
1 43648U 18078B   23302.47313959 -.00000087  00000+0  00000+0 0  9994
2 43648  54.8706 333.4417 0003081 359.6805   0.3689  1.86232153 34262
BEIDOU-3 G1             
1 43683U 18085A   23302.55938604 -.00000277  00000+0  00000+0 0  9991
2 43683   1.6376 120.7315 0001924  12.1968 246.1821  1.00270239 18413
COSMOS 2529             
1 43687U 18086A   23302.20013059  .00000006  00000+0  00000+0 0  9995
2 43687  64.3100 225.1569 0009464 264.7566  95.1518  2.13101993 38787
BEIDOU-3 M17            
1 43706U 18093A   23302.08400576  .00000010  00000+0  00000+0 0  9990
2 43706  54.2479 214.9680 0008550 287.5255  72.4175  1.86231890 33623
BEIDOU-3 M18            
1 43707U 18093B   23301.95059959  .00000009  00000+0  00000+0 0  9999
2 43707  54.2487 214.9642 0007472 318.7315  41.2475  1.86229712 33613
NAVSTAR 77 (USA 289)    
1 43873U 18109A   23302.01262755  .00000059  00000+0  00000+0 0  9994
2 43873  55.2125 130.2039 0026844 189.7494 356.8465  2.00570622 35774
BEIDOU-3 IGSO-1         
1 44204U 19023A   23302.28790934 -.00000240  00000+0  00000+0 0  9996
2 44204  57.3024  47.6657 0024265 197.9181  14.7685  1.00265749 16694
BEIDOU-2 G8             
1 44231U 19027A   23302.58097486 -.00000247  00000+0  00000+0 0  9992
2 44231   1.3787  71.0396 0004872 158.3051 162.0470  1.00273270 16438
COSMOS 2534             
1 44299U 19030A   23301.96472428  .00000004  00000+0  00000+0 0  9994
2 44299  64.3828 225.0964 0011866 286.0548  27.5004  2.13101787 34414
BEIDOU-3 IGSO-2         
1 44337U 19035A   23302.54587944 -.00000078  00000+0  00000+0 0  9999
2 44337  55.1531 167.3059 0033007 194.7578 350.2770  1.00257253 16026
NAVSTAR 78 (USA 293)    
1 44506U 19056A   23302.61404397 -.00000103  00000+0  00000+0 0  9997
2 44506  55.8276   9.2522 0038384 188.1539 331.2885  2.00566470 30783
BEIDOU-3 M24            
1 44542U 19061A   23302.02186497  .00000009  00000+0  00000+0 0  9990
2 44542  54.4753 215.2108 0008636 354.8614   5.1651  1.86231481 27878
BEIDOU-3 M23            
1 44543U 19061B   23302.15335740  .00000010  00000+0  00000+0 0  9994
2 44543  54.4736 215.1753 0005578 345.0072  15.1334  1.86231730 27884
BEIDOU-3 IGSO-3         
1 44709U 19073A   23302.37248691 -.00000197  00000+0  00000+0 0  9990
2 44709  56.4460 291.1715 0034621 190.9611 168.9050  1.00265309 14819
BEIDOU-3 M22            
1 44793U 19078A   23300.79334834 -.00000078  00000+0  00000+0 0  9995
2 44793  54.7241 333.4566 0005065   5.2710 354.7893  1.86232060 26705
BEIDOU-3 M21            
1 44794U 19078B   23302.53462083 -.00000088  00000+0  00000+0 0  9999
2 44794  54.6968 333.3773 0003258 349.0558  10.9863  1.86232556 26743
COSMOS 2544             
1 44850U 19088A   23302.04457139  .00000039  00000+0  00000+0 0  9990
2 44850  65.1004 105.9561 0011381 247.4478 112.4399  2.13102135 30219
BEIDOU-3 M19            
1 44864U 19090A   23301.75508212  .00000007  00000+0  00000+0 0  9999
2 44864  55.7482  94.8283 0015470 272.6561 118.3894  1.86231594 26314
BEIDOU-3 M20            
1 44865U 19090B   23302.30745214  .00000001  00000+0  00000+0 0  9991
2 44865  55.7508  94.8428 0013062 287.3398 203.8202  1.86231586 26304
BEIDOU-3 G2             
1 45344U 20017A   23302.57653929 -.00000142  00000+0  00000+0 0  9992
2 45344   2.0861  19.0732 0003420 201.7180 104.4497  1.00272126 13610
COSMOS 2545             
1 45358U 20018A   23302.24148818 -.00000064  00000+0  00000+0 0  9991
2 45358  64.8268 346.0173 0011701 245.2272 114.7189  2.13102499 28168
BEIDOU-3 G3             
1 45807U 20040A   23302.59443939 -.00000356  00000+0  00000+0 0  9999
2 45807   0.5849 356.2345 0009453 311.3011  54.7350  1.00273349 12423
NAVSTAR 79 (USA 304)    
1 45854U 20041A   23302.41018748 -.00000055  00000+0  00000+0 0  9995
2 45854  55.9303  66.5513 0038277 188.1826 126.8889  2.00561970 24749
GALAXY 30 (G-30)        
1 46114U 20056C   23302.62679363  .00000036  00000+0  00000+0 0  9998
2 46114   0.0187 273.8236 0003091 309.9239 274.6232  1.00272654 11659
COSMOS 2547             
1 46805U 20075A   23301.96094585  .00000005  00000+0  00000+0 0  9995
2 46805  64.6104 224.6689 0007143 242.5703 117.3730  2.13102750 23403
NAVSTAR 80 (USA 309)    
1 46826U 20078A   23302.20706373 -.00000023  00000+0  00000+0 0  9995
2 46826  54.2851 249.8356 0037055 194.6669 309.5691  2.00562656 22213
NAVSTAR 81 (USA 319)    
1 48859U 21054A   23302.25485028 -.00000103  00000+0  00000+0 0  9993
2 48859  55.3467  11.0262 0013788 217.2787 145.2430  2.00570357 17465
QZS-1R                  
1 49336U 21096A   23302.61375700 -.00000235  00000+0  00000+0 0  9991
2 49336  35.4696  94.0673 0747908 270.2646  29.5333  1.00273654  7360
GSAT0223 (GALILEO 27)   
1 49809U 21116A   23300.22784402 -.00000098  00000+0  00000+0 0  9994
2 49809  57.2837   7.6741 0003657 205.4383 151.5700  1.70475919 11740
GSAT0224 (GALILEO 28)   
1 49810U 21116B   23302.36543573 -.00000102  00000+0  00000+0 0  9991
2 49810  57.2849   7.6144 0002923 206.9560 134.4252  1.70476028 11801
COSMOS 2557             
1 52984U 22075A   23302.12384755 -.00000066  00000+0  00000+0 0  9990
2 52984  64.7452 348.1749 0013486 276.2384  83.6765  2.13102121 10210
COSMOS 2559             
1 54031U 22130A   23302.53527538 -.00000068  00000+0  00000+0 0  9992
2 54031  64.7164 348.2862 0007949 227.4992 132.5013  2.13101381  8193
COSMOS 2564             
1 54377U 22161A   23302.25882093  .00000007  00000+0  00000+0 0  9990
2 54377  64.7512 224.7218 0009096 221.1749 138.7740  2.13102121  7133
NAVSTAR 82 (USA 343)    
1 55268U 23009A   23302.45656926  .00000043  00000+0  00000+0 0  9998
2 55268  55.0859 186.2538 0005235  89.5443  96.7015  2.00551813  5953
BEIDOU-3 G4             
1 56564U 23066A   23302.58058328 -.00000115  00000+0  00000+0 0  9998
2 56564   2.7066 288.6004 0005487 230.0436 248.0393  1.00270838  1750
IRNSS-1J (NVS-01)       
1 56759U 23076A   23302.55197977 -.00000340  00000+0  00000+0 0  9996
2 56759   4.5979 271.0222 0007396 345.3254 109.5659  1.00273851  1479
