NAVSTAR 43 (USA 132)    
1 24876U 97035A   23284.49136681  .00000064  00000+0  00000+0 0  9996
2 24876  55.5965 136.8926 0074058  53.1136 307.6618  2.00564466192109
NAVSTAR 47 (USA 150)    
1 26360U 00025A   23284.38096528 -.00000038  00000+0  00000+0 0  9994
2 26360  54.4646  59.0865 0041786 201.3743 169.4171  2.00568322171621
NAVSTAR 51 (USA 166)    
1 27663U 03005A   23284.62467707 -.00000016  00000+0  00000+0 0  9996
2 27663  55.2273 253.9268 0133221  44.8794 121.0028  2.00563916151668
NAVSTAR 52 (USA 168)    
1 27704U 03010A   23284.61213757 -.00000100  00000+0  00000+0 0  9995
2 27704  55.1152   3.8668 0249884 319.6154  56.8483  2.00576898150461
NAVSTAR 54 (USA 177)    
1 28190U 04009A   23284.23637995 -.00000037  00000+0  00000+0 0  9995
2 28190  55.6620 315.0014 0092469 140.2919 261.7312  2.00566320143291
NAVSTAR 56 (USA 180)    
1 28474U 04045A   23284.62727837 -.00000099  00000+0  00000+0 0  9996
2 28474  55.4426   4.2004 0163208 283.3783  95.1342  2.00556232138783
ANIK F1R                
1 28868U 05036A   23284.59459391 -.00000072  00000+0  00000+0 0  9998
2 28868   1.7833  88.5265 0001635  82.2115 315.9749  1.00273331 36630
NAVSTAR 57 (USA 183)    
1 28874U 05038A   23284.15062789 -.00000033  00000+0  00000+0 0  9997
2 28874  55.7127 312.4578 0140277 280.1684  82.4520  2.00573115132188
INMARSAT 4-F2           
1 28899U 05044A   23278.94424344 -.00000024  00000+0  00000+0 0  9990
2 28899   3.8913  40.9277 0006145  43.1630 334.3200  1.00395805 65629
NAVSTAR 58 (USA 190)    
1 29486U 06042A   23284.44781747 -.00000012  00000+0  00000+0 0  9994
2 29486  54.6808 190.1854 0103971  33.3828  84.9479  2.00567843124898
NAVSTAR 59 (USA 192)    
1 29601U 06052A   23284.20708964 -.00000016  00000+0  00000+0 0  9992
2 29601  55.2496 252.9051 0083827  79.4770 281.4456  2.00551551123759
NAVSTAR 60 (USA 196)    
1 32260U 07047A   23284.52155207  .00000064  00000+0  00000+0 0  9995
2 32260  53.4825 120.5988 0152525  71.5632 290.1746  2.00549832117167
COSMOS 2433             
1 32275U 07052A   23284.10394206 -.00000066  00000+0  00000+0 0  9998
2 32275  66.0116 348.7133 0004858 234.6763 125.3432  2.13104232124179
COSMOS 2432             
1 32276U 07052B   23284.18634583 -.00000066  00000+0  00000+0 0  9992
2 32276  66.0260 348.8200 0009394 312.8780  57.3049  2.13103372124200
NAVSTAR 61 (USA 199)    
1 32384U 07062A   23283.36408017 -.00000035  00000+0  00000+0 0  9999
2 32384  55.8462 313.3155 0024504 152.0753 223.3817  2.00560720115848
COSMOS 2434             
1 32393U 07065A   23284.43215196 -.00000019  00000+0  00000+0 0  9997
2 32393  64.3334 225.0460 0001492  68.0724  75.0369  2.13103114122895
COSMOS 2436             
1 32395U 07065C   23284.53432545 -.00000018  00000+0  00000+0 0  9998
2 32395  64.3420 225.1045 0016188 357.1225 359.8436  2.13102772122841
NAVSTAR 62 (USA 201)    
1 32711U 08012A   23283.93585249 -.00000018  00000+0  00000+0 0  9996
2 32711  54.4488 189.0281 0177737 236.0740 122.2648  2.00558476114099
NAVSTAR 64 (USA 206)    
1 35752U 09043A   23284.41330233 -.00000019  00000+0  00000+0 0  9995
2 35752  55.4662  66.2373 0057721  69.9814 291.2159  2.00555957103717
COSMOS 2456             
1 36111U 09070A   23284.51026337  .00000080  00000+0  00000+0 0  9990
2 36111  64.5064 104.5294 0001348 339.6050  22.0666  2.13099228107552
COSMOS 2457             
1 36112U 09070B   23284.30621437  .00000079  00000+0  00000+0 0  9998
2 36112  64.4907 104.4009 0006491 147.1552 189.0561  2.13101410107548
COSMOS 2460             
1 36402U 10007C   23284.35535339 -.00000063  00000+0  00000+0 0  9996
2 36402  65.8732 347.4141 0001973 226.6249 136.1081  2.13106402105851
NAVSTAR 65 (USA 213)    
1 36585U 10022A   23284.48382809 -.00000020  00000+0  00000+0 0  9994
2 36585  54.5496 248.0866 0110635  59.7061 109.8736  2.00563917 97946
BEIDOU-2 IGSO-1         
1 36828U 10036A   23284.64204084 -.00000113  00000+0  00000+0 0  9998
2 36828  54.2329 171.8301 0037628 192.1696 351.6218  1.00299829 48384
QZS-1 (MICHIBIKI-1)     
1 37158U 10045A   23284.31407125  .00000036  00000+0  00000+0 0  9993
2 37158  42.9185 127.2510 0003767 102.4035 253.3324  0.87716083 47790
BEIDOU-2 G4             
1 37210U 10057A   23284.61155819 -.00000110  00000+0  00000+0 0  9992
2 37210   1.2587  62.4628 0007207 163.8910 173.7695  1.00272943 47467
BEIDOU-2 IGSO-2         
1 37256U 10068A   23283.93893275 -.00000178  00000+0  00000+0 0  9997
2 37256  49.3447 283.8605 0031890 213.8254 328.0268  1.00272438 46965
BEIDOU-2 IGSO-3         
1 37384U 11013A   23283.77670243 -.00000172  00000+0  00000+0 0  9994
2 37384  60.9938  49.5430 0028298 177.1933 180.1324  1.00272845 45824
GSAT-8                  
1 37605U 11022A   23284.55882812  .00000085  00000+0  00000+0 0  9996
2 37605   0.0452  50.6415 0007073 202.6762  22.8494  1.00273478 45412
NAVSTAR 66 (USA 232)    
1 37753U 11036A   23284.61713115 -.00000100  00000+0  00000+0 0  9990
2 37753  56.7480  10.0230 0126855  56.3495 295.9107  2.00569027 89621
BEIDOU-2 IGSO-4         
1 37763U 11038A   23284.64253259 -.00000076  00000+0  00000+0 0  9996
2 37763  54.5065 174.3815 0111818 227.6541 304.3414  1.00266765 44829
GSAT0101 (GALILEO-PFM)  
1 37846U 11060A   23283.07842199 -.00000102  00000+0  00000+0 0  9996
2 37846  57.1127   8.3325 0000409  40.3711 319.6642  1.70476071 74525
GSAT0102 (GALILEO-FM2)  
1 37847U 11060B   23282.45114264 -.00000104  00000+0  00000+0 0  9995
2 37847  57.1133   8.3496 0001910 302.6071  78.6515  1.70475477 74512
COSMOS 2476             
1 37867U 11064A   23284.62272946  .00000082  00000+0  00000+0 0  9998
2 37867  64.7857 106.0669 0021321 230.2358 127.3453  2.13101815 92884
COSMOS 2477             
1 37868U 11064B   23283.74005590  .00000081  00000+0  00000+0 0  9999
2 37868  64.7928 106.1667 0018501 230.3979 347.8959  2.13101689 92866
COSMOS 2475             
1 37869U 11064C   23284.53164005  .00000082  00000+0  00000+0 0  9996
2 37869  64.8000 106.1524 0022455 248.9001 175.1894  2.13101993 92896
BEIDOU-2 IGSO-5         
1 37948U 11073A   23284.48093432 -.00000128  00000+0  00000+0 0  9995
2 37948  49.4698 283.5238 0094752 220.9941 143.5916  1.00264431 43319
LUCH-5A                 
1 37951U 11074B   23284.61549434 -.00000041  00000+0  00000+0 0  9997
2 37951   6.2377  89.0508 0004153  96.7828 222.6129  1.00272133 43229
BEIDOU-2 G5             
1 38091U 12008A   23284.54259258  .00000059  00000+0  00000+0 0  9993
2 38091   1.7973  68.9785 0005609 181.4111  23.5088  1.00273202 42548
BEIDOU-2 M3             
1 38250U 12018A   23284.24838122 -.00000076  00000+0  00000+0 0  9991
2 38250  56.4906 337.6502 0024781 257.5449 102.2456  1.86231323 77692
BEIDOU-2 M4             
1 38251U 12018B   23284.17966523 -.00000075  00000+0  00000+0 0  9990
2 38251  56.4010 336.9428 0015662 258.1352 101.7569  1.86232042 77694
SES-5                   
1 38652U 12036A   23284.31694300  .00000034  00000+0  00000+0 0  9996
2 38652   0.0504 300.5994 0002038 264.3857 293.7613  1.00272546 34660
BEIDOU-2 M6             
1 38775U 12050B   23283.88943482  .00000050  00000+0  00000+0 0  9995
2 38775  55.7198  95.5416 0010778 339.9524  20.0490  1.86231315 75406
GSAT-10                 
1 38779U 12051B   23284.54746584 -.00000165  00000+0  00000+0 0  9996
2 38779   0.0474  95.9779 0003366 157.1786  46.8443  1.00272431 40294
NAVSTAR 67 (USA 239)    
1 38833U 12053A   23284.11126464 -.00000010  00000+0  00000+0 0  9990
2 38833  53.5102 183.6905 0144436  52.7015 308.6572  2.00567926 79786
GSAT0103 (GALILEO-FM3)  
1 38857U 12055A   23283.11762688  .00000052  00000+0  00000+0 0  9996
2 38857  55.2966 128.5084 0002104 248.3287 111.7447  1.70473826 68282
GSAT0104 (GALILEO-FM4)  
1 38858U 12055B   23284.26020495  .00000061  00000+0  00000+0 0  9997
2 38858  55.2970 128.4784 0001093 142.2357 217.8719  1.70474064 68308
BEIDOU-2 G6             
1 38953U 12059A   23284.54763990 -.00000173  00000+0  00000+0 0  9997
2 38953   1.9192  81.7749 0006819 301.1936 278.1252  1.00270913 40087
LUCH-5B                 
1 38977U 12061A   23284.16935269 -.00000130  00000+0  00000+0 0  9997
2 38977   8.3369  58.8119 0005610 130.2883 235.0712  1.00271374 40351
COSMOS 2485             
1 39155U 13019A   23284.09859193  .00000083  00000+0  00000+0 0  9999
2 39155  64.9452 106.6162 0021864 226.2323 133.6464  2.13101963 81392
NAVSTAR 68 (USA 242)    
1 39166U 13023A   23283.47576514 -.00000029  00000+0  00000+0 0  9991
2 39166  55.3281 308.6660 0115081  41.5782 319.3472  2.00564348 76210
IRNSS-1A                
1 39199U 13034A   23284.00620863  .00000108  00000+0  00000+0 0  9993
2 39199  33.5097  78.1463 0021290 180.2411 178.2911  1.00277192 37536
NAVSTAR 69 (USA 248)    
1 39533U 14008A   23283.97468946 -.00000018  00000+0  00000+0 0  9995
2 39533  53.5968 189.2589 0067061 215.5144 144.0775  2.00553825 70022
ASTRA 5B                
1 39617U 14011B   23284.53554375  .00000137  00000+0  00000+0 0  9998
2 39617   0.0749 304.7408 0003498 276.2228  15.1945  1.00272506 34844
COSMOS 2492             
1 39620U 14012A   23284.52336279 -.00000062  00000+0  00000+0 0  9991
2 39620  65.7566 347.0216 0012585 311.5923  48.3679  2.13103263 74363
IRNSS-1B                
1 39635U 14017A   23283.83957913  .00000090  00000+0  00000+0 0  9999
2 39635  28.6341 257.0523 0018711 190.7028 288.7606  1.00276373 34969
LUCH-5V                 
1 39727U 14023A   23284.63554000 -.00000265  00000+0  00000+0 0  9992
2 39727   2.6671  77.1183 0004144 157.1373 109.1951  1.00268353 34538
NAVSTAR 70 (USA 251)    
1 39741U 14026A   23284.25627588 -.00000102  00000+0  00000+0 0  9991
2 39741  56.6999   9.5589 0030196 309.6779  50.0911  2.00554708 68883
COSMOS 2500             
1 40001U 14032A   23284.23690016 -.00000063  00000+0  00000+0 0  9999
2 40001  65.6948 346.8558 0008545 208.6972 151.3226  2.13106179 72571
NAVSTAR 71 (USA 256)    
1 40105U 14045A   23282.84368531  .00000050  00000+0  00000+0 0  9992
2 40105  54.8263 127.6527 0027065 114.2572 246.1121  2.00549410 66398
GSAT0201 (GALILEO 5)    
1 40128U 14050A   23283.99460598 -.00000053  00000+0  00000+0 0  9990
2 40128  49.9026 313.0996 1607671 141.7636 230.8261  1.85519531 60134
GSAT0202 (GALILEO 6)    
1 40129U 14050B   23284.25385758 -.00000051  00000+0  00000+0 0  9993
2 40129  49.9214 312.1614 1605578 142.5840 229.7733  1.85520210 62275
IRNSS-1C                
1 40269U 14061A   23284.54737882 -.00000157  00000+0  00000+0 0  9998
2 40269   4.0520 111.5728 0019631   6.3906 181.9984  1.00271558 32861
NAVSTAR 72 (USA 258)    
1 40294U 14068A   23282.22123292 -.00000009  00000+0  00000+0 0  9996
2 40294  56.2087  69.0933 0049080  62.7125 297.7952  2.00574174 65511
COSMOS 2501             
1 40315U 14075A   23284.01793102 -.00000022  00000+0  00000+0 0  9995
2 40315  63.6364 224.3819 0019352 209.7809 150.0962  2.13101315 68966
NAVSTAR 73 (USA 260)    
1 40534U 15013A   23284.35454378 -.00000024  00000+0  00000+0 0  9999
2 40534  53.4480 244.7560 0082272  25.9530 334.4299  2.00552439 62175
GSAT0203 (GALILEO 7)    
1 40544U 15017A   23284.03096618 -.00000098  00000+0  00000+0 0  9999
2 40544  56.9071   8.2748 0003377 228.6165 131.3891  1.70476443 52498
GSAT0204 (GALILEO 8)    
1 40545U 15017B   23283.69812283 -.00000100  00000+0  00000+0 0  9999
2 40545  56.9140   8.2982 0004402 223.5734 136.4255  1.70475864 15532
IRNSS-1D                
1 40547U 15018A   23284.33826353 -.00000296  00000+0  00000+0 0  9993
2 40547  27.9996 257.0095 0018958 187.5907 168.6242  1.00271051 31156
BEIDOU-3S IGSO-1S       
1 40549U 15019A   23284.54885821 -.00000116  00000+0  00000+0 0  9995
2 40549  51.0335 307.1328 0040675 197.3514 163.6765  1.00249560 31259
NAVSTAR 74 (USA 262)    
1 40730U 15033A   23284.51642408 -.00000029  00000+0  00000+0 0  9995
2 40730  54.8151 307.2203 0086664  13.9964 346.2954  2.00553421 60347
BEIDOU-3S M2S           
1 40748U 15037A   23284.38205995 -.00000074  00000+0  00000+0 0  9999
2 40748  55.6402 335.5124 0012498 246.5191 113.4174  1.86233306 55870
BEIDOU-3S M1S           
1 40749U 15037B   23283.04136017 -.00000080  00000+0  00000+0 0  9997
2 40749  55.6440 335.5442 0004670 295.7181  64.2983  1.86233062 55852
GSAT0205 (GALILEO 9)    
1 40889U 15045A   23284.05267913 -.00000004  00000+0  00000+0 0  9999
2 40889  55.3453 248.6822 0004186   5.8288 354.1408  1.70473123 50309
GSAT0206 (GALILEO 10)   
1 40890U 15045B   23284.27335226 -.00000004  00000+0  00000+0 0  9998
2 40890  55.3442 248.6716 0002727 341.2966  18.6573  1.70473189 50330
BEIDOU-3S IGSO-2S       
1 40938U 15053A   23283.98919475 -.00000124  00000+0  00000+0 0  9994
2 40938  50.7555 270.3179 0047513 194.7929   6.9487  1.00275114 29526
NAVSTAR 75 (USA 265)    
1 41019U 15062A   23284.06913159 -.00000011  00000+0  00000+0 0  9993
2 41019  56.1934  68.8718 0090788 221.3263 137.9907  2.00562341 58174
GSAT-15                 
1 41028U 15065A   23284.63730730 -.00000258  00000+0  00000+0 0  9994
2 41028   0.0462  92.9290 0002308 100.9697 149.0269  1.00271922 28976
GSAT0209 (GALILEO 12)   
1 41174U 15079A   23283.85840921  .00000058  00000+0  00000+0 0  9995
2 41174  55.3147 128.1952 0002152 344.6310  15.4609  1.70474309 48061
GSAT0208 (GALILEO 11)   
1 41175U 15079B   23284.07804402  .00000059  00000+0  00000+0 0  9996
2 41175  55.3131 128.1872 0001738 356.5653   3.5327  1.70474195 48481
IRNSS-1E                
1 41241U 16003A   23284.33835054 -.00000268  00000+0  00000+0 0  9997
2 41241  31.0628  77.2360 0021144 179.8958 356.2401  1.00274796 28252
NAVSTAR 76 (USA 266)    
1 41328U 16007A   23283.16159084  .00000054  00000+0  00000+0 0  9991
2 41328  55.0296 128.4265 0071972 233.5837 125.8370  2.00574137 56165
COSMOS 2514             
1 41330U 16008A   23284.46867724 -.00000062  00000+0  00000+0 0  9996
2 41330  65.4917 346.4201 0012439 213.9670 146.0212  2.13102731 59743
IRNSS-1F                
1 41384U 16015A   23284.53728420  .00000163  00000+0  00000+0 0  9991
2 41384   3.0093 128.0585 0019195 173.4353 304.2411  1.00268037 27840
BEIDOU-2 IGSO-6         
1 41434U 16021A   23283.80882799 -.00000152  00000+0  00000+0 0  9992
2 41434  58.8088  47.8961 0048559 219.1429 140.1150  1.00276207 27645
IRNSS-1G                
1 41469U 16027A   23284.62122010 -.00000330  00000+0  00000+0 0  9998
2 41469   2.8982 129.6335 0001189   0.5391 243.0225  1.00272032 27353
GSAT0211 (GALILEO 14)   
1 41549U 16030A   23284.19904221 -.00000004  00000+0  00000+0 0  9993
2 41549  55.4917 248.6580 0004062 321.5602  38.3751  1.70473218 45964
GSAT0210 (GALILEO 13)   
1 41550U 16030B   23282.14419682 -.00000002  00000+0  00000+0 0  9998
2 41550  55.4919 248.7155 0003753 286.7910  73.1393  1.70473232 45906
COSMOS 2516             
1 41554U 16032A   23284.11310620 -.00000021  00000+0  00000+0 0  9996
2 41554  63.8629 224.7896 0015155 213.6331 146.2575  2.13106434 57342
BEIDOU-2 G7             
1 41586U 16037A   23284.59711369 -.00000351  00000+0  00000+0 0  9999
2 41586   1.9583  68.8896 0006754 337.0141 299.4834  1.00267180 26965
EUTELSAT 117 WEST B     
1 41589U 16038B   23284.15212546 -.00000012  00000+0  00000+0 0  9992
2 41589   0.0184  56.2708 0000201  55.9127 205.0795  1.00271988 26835
GSAT0207 (GALILEO 15)   
1 41859U 16069A   23282.39247064  .00000045  00000+0  00000+0 0  9998
2 41859  54.9772 128.2987 0001959 314.3400  45.7365  1.70474243 42669
GSAT0212 (GALILEO 16)   
1 41860U 16069B   23284.59342845  .00000062  00000+0  00000+0 0  9996
2 41860  54.9761 128.2346 0001938  23.0780 337.0313  1.70474467 42950
GSAT0213 (GALILEO 17)   
1 41861U 16069C   23283.20001915  .00000052  00000+0  00000+0 0  9993
2 41861  54.9774 128.2793 0001880 265.0501  95.0244  1.70473061 42791
GSAT0214 (GALILEO 18)   
1 41862U 16069D   23283.93388034  .00000057  00000+0  00000+0 0  9999
2 41862  54.9759 128.2528 0000917 266.4998  93.5883  1.70472984 42937
SES-15                  
1 42709U 17026A   23283.57373564  .00000058  00000+0  00000+0 0  9997
2 42709   0.0410  35.6949 0000348 177.5784 243.0380  1.00268944 24313
QZS-2 (MICHIBIKI-2)     
1 42738U 17028A   23284.23938184 -.00000203  00000+0  00000+0 0  9993
2 42738  40.9858 257.3412 0746736 270.5821  77.2037  1.00254986 23312
QZS-3 (MICHIBIKI-3)     
1 42917U 17048A   23284.61571814 -.00000347  00000+0  00000+0 0  9998
2 42917   0.0585 211.3589 0001546 350.8117 166.4697  1.00276298 22438
COSMOS 2522             
1 42939U 17055A   23284.31023179 -.00000020  00000+0  00000+0 0  9991
2 42939  64.0971 225.3189 0008566 242.6565 117.2425  2.13102038 47093
QZS-4 (MICHIBIKI-4)     
1 42965U 17062A   23284.50105512 -.00000322  00000+0  00000+0 0  9996
2 42965  40.6207 355.9728 0749741 270.0212  73.7234  1.00271322 21986
BEIDOU-3 M1             
1 43001U 17069A   23282.04487633  .00000042  00000+0  00000+0 0  9997
2 43001  55.8698  95.6667 0007147 298.3077  61.6639  1.86231741 40317
BEIDOU-3 M2             
1 43002U 17069B   23283.05558201  .00000048  00000+0  00000+0 0  9996
2 43002  55.8700  95.6694 0005369 332.9374  27.0791  1.86231251 40323
GSAT0215 (GALILEO 19)   
1 43055U 17079A   23282.07593476 -.00000002  00000+0  00000+0 0  9990
2 43055  55.4692 248.5416 0003347 278.7434  81.1902  1.70473958 36242
GSAT0216 (GALILEO 20)   
1 43056U 17079B   23283.54098875 -.00000004  00000+0  00000+0 0  9999
2 43056  55.4689 248.5012 0004893 282.9388  76.9730  1.70474053 36285
GSAT0217 (GALILEO 21)   
1 43057U 17079C   23282.00161132 -.00000002  00000+0  00000+0 0  9995
2 43057  55.4676 248.5425 0004432 294.3072  65.6183  1.70474055 36241
GSAT0218 (GALILEO 22)   
1 43058U 17079D   23283.39482533 -.00000004  00000+0  00000+0 0  9992
2 43058  55.4671 248.5018 0005314 279.1926  80.7143  1.70474000 36293
BEIDOU-3 M7             
1 43107U 18003A   23284.41713142 -.00000076  00000+0  00000+0 0  9991
2 43107  55.0967 336.2115 0002745  71.9079 288.1891  1.86232605 39104
BEIDOU-3 M8             
1 43108U 18003B   23283.81858303 -.00000079  00000+0  00000+0 0  9997
2 43108  55.0900 336.2189 0004681 250.2955 109.7197  1.86231085 39107
BEIDOU-3 M4             
1 43207U 18018A   23283.18680014  .00000048  00000+0  00000+0 0  9990
2 43207  55.8295  95.7265 0004207  20.6905 339.3711  1.86231677 38471
BEIDOU-3 M3             
1 43208U 18018B   23283.25346195  .00000049  00000+0  00000+0 0  9999
2 43208  55.8288  95.7286 0005019 316.3931  43.6118  1.86231654 38474
BEIDOU-3 M9             
1 43245U 18029A   23284.55007666 -.00000072  00000+0  00000+0 0  9990
2 43245  54.9894 333.9376 0001829 239.2666 120.7832  1.86232909 37651
BEIDOU-3 M10            
1 43246U 18029B   23283.94310204 -.00000075  00000+0  00000+0 0  9991
2 43246  54.9870 333.9869 0003067 341.7967  18.2589  1.86233023 37627
IRNSS-1I                
1 43286U 18035A   23284.54180937  .00000121  00000+0  00000+0 0  9998
2 43286  29.3370  89.5971 0021150 177.0613   3.3080  1.00274344 20250
COSMOS 2527             
1 43508U 18053A   23283.79972938  .00000083  00000+0  00000+0 0  9998
2 43508  65.1066 106.7264 0007563 213.2495 146.7633  2.13102512 41382
BEIDOU-2 IGSO-7         
1 43539U 18057A   23284.64363895 -.00000125  00000+0  00000+0 0  9995
2 43539  55.1171 171.5325 0063708 230.2813 323.7399  1.00272558 19324
GSAT0221 (GALILEO 25)   
1 43564U 18060A   23282.70805994 -.00000103  00000+0  00000+0 0  9999
2 43564  57.2884   8.2479 0003648 255.1165 104.8749  1.70476387 32432
GSAT0222 (GALILEO 26)   
1 43565U 18060B   23281.75302228 -.00000106  00000+0  00000+0 0  9999
2 43565  57.2920   8.2745 0004252 224.4666 135.5296  1.70476095 32464
GSAT0219 (GALILEO 23)   
1 43566U 18060C   23281.97530601 -.00000106  00000+0  00000+0 0  9992
2 43566  57.2911   8.2708 0003064 259.3855 100.6106  1.70476335 32449
GSAT0220 (GALILEO 24)   
1 43567U 18060D   23283.95550174 -.00000098  00000+0  00000+0 0  9990
2 43567  57.2910   8.2179 0003449 256.4227 103.5735  1.70476385 32466
BEIDOU-3 M5             
1 43581U 18062A   23284.16327930 -.00000035  00000+0  00000+0 0  9995
2 43581  54.1699 215.6575 0004159 292.7307  67.2145  1.86232046 35383
BEIDOU-3 M6             
1 43582U 18062B   23284.02961515 -.00000036  00000+0  00000+0 0  9995
2 43582  54.1695 215.6517 0005714   9.7202 350.2798  1.86229948 35380
BEIDOU-3 M12            
1 43602U 18067A   23283.96558370 -.00000036  00000+0  00000+0 0  9996
2 43602  54.2572 214.3124 0007465  17.8096 342.2075  1.86231539 34864
BEIDOU-3 M11            
1 43603U 18067B   23284.09941278 -.00000035  00000+0  00000+0 0  9994
2 43603  54.2542 214.2736 0004413   6.2908 353.7060  1.86231530 34899
BEIDOU-3 M13            
1 43622U 18072A   23284.05842522  .00000050  00000+0  00000+0 0  9995
2 43622  55.7998  95.2365 0003978 290.4342  69.5660  1.86231574 34403
BEIDOU-3 M14            
1 43623U 18072B   23284.46083113  .00000050  00000+0  00000+0 0  9994
2 43623  55.8021  95.2158 0002227 348.7311  11.3062  1.86231565 34402
BEIDOU-3 M16            
1 43647U 18078A   23283.55026582 -.00000077  00000+0  00000+0 0  9992
2 43647  54.8863 334.0915 0006058   2.0960 357.9721  1.86227441 33905
BEIDOU-3 M15            
1 43648U 18078B   23283.67991128 -.00000076  00000+0  00000+0 0  9992
2 43648  54.8819 334.0906 0002819   6.3389 353.7304  1.86232420 33915
BEIDOU-3 G1             
1 43683U 18085A   23283.84029515 -.00000280  00000+0  00000+0 0  9997
2 43683   1.5935 121.9301 0001933   7.5353 332.1504  1.00266214 18228
COSMOS 2529             
1 43687U 18086A   23284.36823746 -.00000019  00000+0  00000+0 0  9998
2 43687  64.3125 225.7624 0010248 263.9354  95.9336  2.13102080 38403
BEIDOU-3 M17            
1 43706U 18093A   23283.29078540 -.00000040  00000+0  00000+0 0  9997
2 43706  54.2526 215.6071 0009302 285.0800  74.8058  1.86232125 33272
BEIDOU-3 M18            
1 43707U 18093B   23284.23106951 -.00000034  00000+0  00000+0 0  9994
2 43707  54.2531 215.5669 0007940 313.8242  46.0995  1.86229967 33289
NAVSTAR 77 (USA 289)    
1 43873U 18109A   23284.55016354  .00000068  00000+0  00000+0 0  9994
2 43873  55.2048 130.8942 0026362 189.8172 347.5460  2.00570367 35426
BEIDOU-3 IGSO-1         
1 44204U 19023A   23283.90429944 -.00000205  00000+0  00000+0 0  9994
2 44204  57.2759  47.8597 0024153 196.8028 219.9686  1.00272021 16519
BEIDOU-2 G8             
1 44231U 19027A   23284.57439199 -.00000244  00000+0  00000+0 0  9998
2 44231   2.0493  80.9633 0006914 136.2317 154.0630  1.00272832 16254
COSMOS 2534             
1 44299U 19030A   23284.31506674 -.00000019  00000+0  00000+0 0  9991
2 44299  64.3854 225.6939 0012577 284.1285 169.2087  2.13101979 34045
BEIDOU-3 IGSO-2         
1 44337U 19035A   23284.60424981 -.00000121  00000+0  00000+0 0  9995
2 44337  55.1514 167.4645 0032770 195.3781 353.7114  1.00263364 15847
NAVSTAR 78 (USA 293)    
1 44506U 19056A   23283.36786373 -.00000107  00000+0  00000+0 0  9998
2 44506  55.8254  10.0150 0037978 187.1295 115.4808  2.00566487 30394
BEIDOU-3 M24            
1 44542U 19061A   23284.30248307 -.00000033  00000+0  00000+0 0  9997
2 44542  54.4795 215.8100 0008560 349.1615  10.8091  1.86231605 27549
BEIDOU-3 M23            
1 44543U 19061B   23284.16491454 -.00000034  00000+0  00000+0 0  9996
2 44543  54.4783 215.7837 0005745 336.5005 203.1714  1.86231974 27535
BEIDOU-3 IGSO-3         
1 44709U 19073A   23283.42380436 -.00000146  00000+0  00000+0 0  9992
2 44709  56.4762 291.3707 0034965 190.8715 169.0807  1.00271119 14629
BEIDOU-3 M22            
1 44793U 19078A   23284.14791752 -.00000074  00000+0  00000+0 0  9997
2 44793  54.7342 334.0334 0004822   9.2884 350.7873  1.86232353 26397
BEIDOU-3 M21            
1 44794U 19078B   23283.74144467 -.00000076  00000+0  00000+0 0  9990
2 44794  54.7082 334.0288 0002961 353.5607   6.5013  1.86232795 26399
COSMOS 2544             
1 44850U 19088A   23283.27423722  .00000080  00000+0  00000+0 0  9990
2 44850  65.0924 106.5862 0011155 248.2488 111.6924  2.13102276 29814
BEIDOU-3 M19            
1 44864U 19090A   23283.98169748  .00000050  00000+0  00000+0 0  9998
2 44864  55.7342  95.4237 0015196 273.6392  81.2064  1.86231977 25976
BEIDOU-3 M20            
1 44865U 19090B   23284.13305645  .00000050  00000+0  00000+0 0  9995
2 44865  55.7360  95.4516 0012892 288.8956 257.2086  1.86231930 25968
BEIDOU-3 G2             
1 45344U 20017A   23284.54685668 -.00000140  00000+0  00000+0 0  9991
2 45344   2.0727  18.1025 0003191 186.1307  92.5717  1.00272366 13436
COSMOS 2545             
1 45358U 20018A   23284.40960198 -.00000064  00000+0  00000+0 0  9991
2 45358  64.8319 346.6369 0011254 242.1507 117.8023  2.13102680 27788
BEIDOU-3 G3             
1 45807U 20040A   23284.59825216 -.00000354  00000+0  00000+0 0  9998
2 45807   0.5922 351.8910 0007856 315.8447  38.1488  1.00270458 12247
NAVSTAR 79 (USA 304)    
1 45854U 20041A   23284.46124326 -.00000016  00000+0  00000+0 0  9996
2 45854  55.9155  67.2592 0037628 187.3659 127.7919  2.00562780 24387
GALAXY 30 (G-30)        
1 46114U 20056C   23284.58467228  .00000038  00000+0  00000+0 0  9999
2 46114   0.0186 187.0795 0002519  19.1280 259.1863  1.00270965 11475
COSMOS 2547             
1 46805U 20075A   23284.12910201 -.00000020  00000+0  00000+0 0  9993
2 46805  64.6130 225.2673 0007706 243.4670 116.4403  2.13102878 23026
NAVSTAR 80 (USA 309)    
1 46826U 20078A   23284.28711919 -.00000019  00000+0  00000+0 0  9999
2 46826  54.2952 250.5632 0036673 194.9748 330.1366  2.00562889 21853
NAVSTAR 81 (USA 319)    
1 48859U 21054A   23284.37876735 -.00000103  00000+0  00000+0 0  9994
2 48859  55.3440  11.7433 0013341 215.2865 199.3726  2.00571778 17100
QZS-1R                  
1 49336U 21096A   23284.34130932 -.00000205  00000+0  00000+0 0  9993
2 49336  35.4297  94.3467 0745978 269.9640 273.2327  1.00280671  7183
GSAT0223 (GALILEO 27)   
1 49809U 21116A   23277.29379497 -.00000111  00000+0  00000+0 0  9994
2 49809  57.2820   8.2923 0003651 199.0596 122.7870  1.70476230 11351
GSAT0224 (GALILEO 28)   
1 49810U 21116B   23279.50556902 -.00000111  00000+0  00000+0 0  9990
2 49810  57.2829   8.2311 0002917 191.6737 160.0776  1.70476466 11410
COSMOS 2557             
1 52984U 22075A   23284.29192875 -.00000068  00000+0  00000+0 0  9999
2 52984  64.7498 348.7963 0012967 275.4091  84.5078  2.13102386  9839
COSMOS 2559             
1 54031U 22130A   23284.23403274 -.00000068  00000+0  00000+0 0  9998
2 54031  64.7211 348.9246 0007770 223.8033 136.1993  2.13101614  7800
COSMOS 2564             
1 54377U 22161A   23283.95765356 -.00000020  00000+0  00000+0 0  9993
2 54377  64.7536 225.3327 0009776 223.6915 136.2176  2.13102205  6749
NAVSTAR 82 (USA 343)    
1 55268U 23009A   23281.76908292 -.00000037  00000+0  00000+0 0  9998
2 55268  55.0871 187.0649 0004876  89.1840 280.4218  2.00553528  5543
BEIDOU-3 G4             
1 56564U 23066A   23284.58351352 -.00000115  00000+0  00000+0 0  9990
2 56564   2.7535 288.6621 0005982 223.6099 237.7579  1.00272298  1572
IRNSS-1J (NVS-01)       
1 56759U 23076A   23284.41336403 -.00000345  00000+0  00000+0 0  9994
2 56759   4.6460 271.3705 0007327 348.0802  38.6967  1.00269694  1291
