NAVSTAR 43 (USA 132)    
1 24876U 97035A   23216.18596613  .00000015  00000+0  00000+0 0  9998
2 24876  55.5820 139.5620 0071077  51.6339 309.0081  2.00563828190734
NAVSTAR 47 (USA 150)    
1 26360U 00025A   23215.80983366 -.00000043  00000+0  00000+0 0  9996
2 26360  54.4042  61.8937 0041163 198.3579 338.7737  2.00572815170230
NAVSTAR 51 (USA 166)    
1 27663U 03005A   23216.08947942  .00000025  00000+0  00000+0 0  9994
2 27663  55.2604 256.6544 0131303  44.6151 314.7449  2.00567747150288
NAVSTAR 52 (USA 168)    
1 27704U 03010A   23215.78379569 -.00000088  00000+0  00000+0 0  9996
2 27704  55.1145   6.6432 0248177 318.0324  38.1802  2.00573272149075
NAVSTAR 54 (USA 177)    
1 28190U 04009A   23215.44627979 -.00000064  00000+0  00000+0 0  9993
2 28190  55.7159 317.7371 0093140 137.0028 274.3522  2.00568085141949
NAVSTAR 56 (USA 180)    
1 28474U 04045A   23214.34414959 -.00000082  00000+0  00000+0 0  9998
2 28474  55.4413   7.0114 0161471 281.7467 107.9020  2.00578616137361
ANIK F1R                
1 28868U 05036A   23216.00299205 -.00000086  00000+0  00000+0 0  9990
2 28868   1.6082  89.4608 0002922  26.3210  90.2821  1.00271223 65646
NAVSTAR 57 (USA 183)    
1 28874U 05038A   23215.43187517 -.00000060  00000+0  00000+0 0  9999
2 28874  55.7678 315.1888 0138709 279.1706 142.2932  2.00577473130791
INMARSAT 4-F2           
1 28899U 05044A   23216.03707350 -.00000001  00000+0  00000+0 0  9998
2 28899   3.8445  40.6219 0003060 101.2839 247.6677  1.00273376 64993
NAVSTAR 58 (USA 190)    
1 29486U 06042A   23214.99882979  .00000045  00000+0  00000+0 0  9991
2 29486  54.6878 192.9368 0102449  31.0430 339.8648  2.00571675123503
NAVSTAR 59 (USA 192)    
1 29601U 06052A   23215.40254022  .00000033  00000+0  00000+0 0  9997
2 29601  55.2807 255.6392 0084302  79.2293 281.7945  2.00575906122418
NAVSTAR 60 (USA 196)    
1 32260U 07047A   23214.21798045 -.00000004  00000+0  00000+0 0  9992
2 32260  53.4517 123.5148 0149987  69.7714 291.8591  2.00552999115773
COSMOS 2433             
1 32275U 07052A   23214.18433936 -.00000064  00000+0  00000+0 0  9991
2 32275  66.0313 351.0357 0002563 201.5473 158.4411  2.13104009122720
COSMOS 2432             
1 32276U 07052B   23214.31202282 -.00000064  00000+0  00000+0 0  9995
2 32276  66.0455 351.1396 0007845 330.9196  74.1914  2.13103163122721
NAVSTAR 61 (USA 199)    
1 32384U 07062A   23214.49576837 -.00000056  00000+0  00000+0 0  9996
2 32384  55.8997 316.0421 0024971 147.6350 182.7826  2.00556963114513
COSMOS 2434             
1 32393U 07065A   23216.29134326  .00000062  00000+0  00000+0 0  9998
2 32393  64.3382 227.3613 0000321 196.2980 231.1802  2.13103080121473
COSMOS 2436             
1 32395U 07065C   23213.31219898  .00000090  00000+0  00000+0 0  9999
2 32395  64.3469 227.5240 0015411 351.2704  86.2484  2.13102854121341
NAVSTAR 62 (USA 201)    
1 32711U 08012A   23215.12994710  .00000044  00000+0  00000+0 0  9997
2 32711  54.4547 191.7702 0177170 235.5799 122.7045  2.00556293112710
NAVSTAR 64 (USA 206)    
1 35752U 09043A   23215.61966256 -.00000033  00000+0  00000+0 0  9997
2 35752  55.4053  68.9848 0058490  67.7696 302.4325  2.00559621102312
COSMOS 2456             
1 36111U 09070A   23214.71026411  .00000012  00000+0  00000+0 0  9993
2 36111  64.4775 106.9276 0003364 322.3925 131.7848  2.13099171106103
COSMOS 2457             
1 36112U 09070B   23215.78698010  .00000009  00000+0  00000+0 0  9998
2 36112  64.4619 106.7565 0004585 154.7771 175.9483  2.13101337106127
COSMOS 2460             
1 36402U 10007C   23214.44609410 -.00000065  00000+0  00000+0 0  9993
2 36402  65.8944 349.7481 0001853 121.9879 248.0776  2.13106197104451
NAVSTAR 65 (USA 213)    
1 36585U 10022A   23215.44256522  .00000036  00000+0  00000+0 0  9992
2 36585  54.5787 250.8758 0108608  59.6979 298.7442  2.00560262 96552
BEIDOU-2 IGSO-1         
1 36828U 10036A   23215.77518834 -.00000135  00000+0  00000+0 0  9991
2 36828  54.2381 172.4567 0037101 190.5400 337.0335  1.00262325 47719
QZS-1 (MICHIBIKI-1)     
1 37158U 10045A   23207.91293981  .00000017  00000+0  00000+0 0  9996
2 37158  42.7673 127.8413 0408044 269.8132 316.8783  0.93974245    12
BEIDOU-2 G4             
1 37210U 10057A   23215.47703503 -.00000124  00000+0  00000+0 0  9994
2 37210   1.1074  59.2794 0004656 141.9142  82.2533  1.00269452 46762
BEIDOU-2 IGSO-2         
1 37256U 10068A   23216.19946587 -.00000185  00000+0  00000+0 0  9994
2 37256  49.4631 284.6831 0032199 210.5393 355.4660  1.00293754 46270
BEIDOU-2 IGSO-3         
1 37384U 11013A   23215.47254363 -.00000167  00000+0  00000+0 0  9991
2 37384  60.8911  50.2026 0027237 173.2804   5.3538  1.00289509 45156
GSAT-8                  
1 37605U 11022A   23216.25006529  .00000074  00000+0  00000+0 0  9999
2 37605   0.0047 267.0270 0003075 344.9172 205.7059  1.00271492 44735
NAVSTAR 66 (USA 232)    
1 37753U 11036A   23216.06792984 -.00000083  00000+0  00000+0 0  9995
2 37753  56.7387  12.6780 0127338  56.0541 119.4150  2.00568151 88243
BEIDOU-2 IGSO-4         
1 37763U 11038A   23215.80649602 -.00000047  00000+0  00000+0 0  9997
2 37763  54.5123 174.9942 0112247 228.4304 294.1849  1.00280200 44125
GSAT0101 (GALILEO-PFM)  
1 37846U 11060A   23214.44803363 -.00000080  00000+0  00000+0 0  9996
2 37846  57.1051  10.1879 0002924  66.6805 293.3513  1.70475807 73356
GSAT0102 (GALILEO-FM2)  
1 37847U 11060B   23210.85747266 -.00000067  00000+0  00000+0 0  9992
2 37847  57.1054  10.2851 0002137  21.9041 340.8720  1.70475266 73293
COSMOS 2476             
1 37867U 11064A   23215.39983123  .00000012  00000+0  00000+0 0  9995
2 37867  64.7586 108.4189 0021676 235.7307 296.4964  2.13101675 91465
COSMOS 2477             
1 37868U 11064B   23215.17333737  .00000012  00000+0  00000+0 0  9992
2 37868  64.7657 108.4957 0018924 236.6259 299.7402  2.13101609 91411
COSMOS 2475             
1 37869U 11064C   23214.31710066  .00000012  00000+0  00000+0 0  9992
2 37869  64.7727 108.5367 0023428 253.7367 304.1883  2.13101997 91404
BEIDOU-2 IGSO-5         
1 37948U 11073A   23215.55652253 -.00000138  00000+0  00000+0 0  9990
2 37948  49.5892 284.3579 0094584 219.7833 103.9008  1.00279782 42880
LUCH-5A                 
1 37951U 11074B   23215.91426334 -.00000061  00000+0  00000+0 0  9999
2 37951   6.0633  90.2456 0005345  37.8644 320.1637  1.00270787 42673
BEIDOU-2 G5             
1 38091U 12008A   23215.39107611  .00000047  00000+0  00000+0 0  9992
2 38091   1.6351  67.8663 0000757 190.4383 252.8333  1.00272662 41964
BEIDOU-2 M3             
1 38250U 12018A   23216.05488571 -.00000092  00000+0  00000+0 0  9992
2 38250  56.5290 339.9116 0022060 255.0452 104.7188  1.86231007 76765
BEIDOU-2 M4             
1 38251U 12018B   23214.37558641 -.00000086  00000+0  00000+0 0  9995
2 38251  56.4410 339.2628 0012847 254.6743 105.1893  1.86231719 76735
SES-5                   
1 38652U 12036A   23216.02539340  .00000023  00000+0  00000+0 0  9999
2 38652   0.0500 282.2376 0002229 205.0592 199.1373  1.00272635 40552
BEIDOU-2 M6             
1 38775U 12050B   23215.15957881 -.00000009  00000+0  00000+0 0  9993
2 38775  55.6665  97.8471 0012796 336.8519  23.1669  1.86231169 74129
GSAT-10                 
1 38779U 12051B   23216.04090875 -.00000175  00000+0  00000+0 0  9992
2 38779   0.0118  98.3030 0000715 153.1936 158.5850  1.00268382 39789
NAVSTAR 67 (USA 239)    
1 38833U 12053A   23216.30603562  .00000045  00000+0  00000+0 0  9992
2 38833  53.5153 186.4602 0139987  51.3676 309.8413  2.00566616 79311
GSAT0103 (GALILEO-FM3)  
1 38857U 12055A   23215.66024055 -.00000006  00000+0  00000+0 0  9990
2 38857  55.2719 130.3647 0003837 273.0751  86.8989  1.70473582 67279
GSAT0104 (GALILEO-FM4)  
1 38858U 12055B   23212.11019728 -.00000010  00000+0  00000+0 0  9994
2 38858  55.2708 130.4639 0001581 277.8901  82.0880  1.70473885 67187
BEIDOU-2 G6             
1 38953U 12059A   23215.46395946 -.00000187  00000+0  00000+0 0  9999
2 38953   1.9500  82.2771 0008742 322.2800 158.2835  1.00270990 39530
LUCH-5B                 
1 38977U 12061A   23215.37617094 -.00000148  00000+0  00000+0 0  9996
2 38977   8.1848  59.4012 0005902  89.2427 282.1709  1.00270823 39660
COSMOS 2485             
1 39155U 13019A   23216.05583439  .00000009  00000+0  00000+0 0  9995
2 39155  64.9193 108.9134 0022099 231.5550 128.3146  2.13101901 79948
NAVSTAR 68 (USA 242)    
1 39166U 13023A   23214.17325078 -.00000049  00000+0  00000+0 0  9991
2 39166  55.3843 311.4476 0114046  41.8005 319.1078  2.00564218 74812
IRNSS-1A                
1 39199U 13034A   23213.77660091  .00000062  00000+0  00000+0 0  9995
2 39199  33.3474  79.1920 0019736 178.2592  27.3183  1.00269307 37119
NAVSTAR 69 (USA 248)    
1 39533U 14008A   23215.66571736  .00000044  00000+0  00000+0 0  9996
2 39533  53.6027 192.0398 0067285 215.7333 143.7851  2.00549905 69202
ASTRA 5B                
1 39617U 14011B   23216.31570041  .00000125  00000+0  00000+0 0  9994
2 39617   0.0553 308.3340 0002777 208.9155 292.4856  1.00271261 34367
COSMOS 2492             
1 39620U 14012A   23215.07275361 -.00000066  00000+0  00000+0 0  9993
2 39620  65.7780 349.3503 0010830 323.9898  35.9377  2.13103029 72886
IRNSS-1B                
1 39635U 14017A   23215.66504218  .00000115  00000+0  00000+0 0  9999
2 39635  28.7656 258.1991 0020756 191.0722 157.1816  1.00272149 34270
LUCH-5V                 
1 39727U 14023A   23215.46712531 -.00000280  00000+0  00000+0 0  9999
2 39727   2.4948  77.4138 0002762  99.0183  38.2366  1.00273154551994
NAVSTAR 70 (USA 251)    
1 39741U 14026A   23215.44938047 -.00000081  00000+0  00000+0 0  9997
2 39741  56.6924  12.2244 0028512 312.5417  47.2246  2.00559372 67498
COSMOS 2500             
1 40001U 14032A   23215.72572832 -.00000067  00000+0  00000+0 0  9996
2 40001  65.7162 349.1583 0007210 188.8934 171.0958  2.13105847 71110
NAVSTAR 71 (USA 256)    
1 40105U 14045A   23215.03792952  .00000005  00000+0  00000+0 0  9997
2 40105  54.8030 130.3636 0023542 112.9580 247.3082  2.00575455 65927
GSAT0201 (GALILEO 5)    
1 40128U 14050A   23215.54228314 -.00000081  00000+0  00000+0 0  9995
2 40128  49.9641 315.8395 1610250 139.1639 234.1137  1.85518947 60804
GSAT0202 (GALILEO 6)    
1 40129U 14050B   23214.72379917 -.00000074  00000+0  00000+0 0  9993
2 40129  49.9843 314.9432 1608019 139.9466 233.1190  1.85519576 60983
IRNSS-1C                
1 40269U 14061A   23215.46386757 -.00000174  00000+0  00000+0 0  9993
2 40269   3.8890 113.7050 0020851  13.1753  74.9083  1.00271089 32312
NAVSTAR 72 (USA 258)    
1 40294U 14068A   23215.91266125 -.00000031  00000+0  00000+0 0  9996
2 40294  56.1490  71.6927 0048702  60.6271 299.9379  2.00569581 64162
COSMOS 2501             
1 40315U 14075A   23214.56758745  .00000073  00000+0  00000+0 0  9997
2 40315  63.6418 226.8027 0020235 211.6570 148.2634  2.13101364 67488
NAVSTAR 73 (USA 260)    
1 40534U 15013A   23216.04668250  .00000032  00000+0  00000+0 0  9994
2 40534  53.4773 247.5879 0079150  25.0246 335.4180  2.00556532 61223
GSAT0203 (GALILEO 7)    
1 40544U 15017A   23214.22756056 -.00000080  00000+0  00000+0 0  9993
2 40544  56.9003  10.1714 0002016 216.1821 143.8060  1.70475952 51969
GSAT0204 (GALILEO 8)    
1 40545U 15017B   23214.48109768 -.00000081  00000+0  00000+0 0  9995
2 40545  56.9068  10.1787 0002492 193.6110 166.3834  1.70475498 51974
IRNSS-1D                
1 40547U 15018A   23215.52198882 -.00000270  00000+0  00000+0 0  9999
2 40547  28.1351 258.1761 0021579 191.1849 162.0965  1.00266847 30724
BEIDOU-3S IGSO-1S       
1 40549U 15019A   23215.76821043 -.00000178  00000+0  00000+0 0  9997
2 40549  51.1567 307.9438 0040508 194.4377 181.8307  1.00262519 30574
NAVSTAR 74 (USA 262)    
1 40730U 15033A   23216.20809122 -.00000060  00000+0  00000+0 0  9999
2 40730  54.8715 309.9953 0084516  14.0926 346.1907  2.00556768 58990
BEIDOU-3S M2S           
1 40748U 15037A   23213.50475374 -.00000085  00000+0  00000+0 0  9997
2 40748  55.6831 337.9121 0009734 238.1749 121.7362  1.86233012 54553
BEIDOU-3S M1S           
1 40749U 15037B   23213.23785484 -.00000084  00000+0  00000+0 0  9993
2 40749  55.6862 337.9073 0002369 329.3476  30.6437  1.86232773 54544
GSAT0205 (GALILEO 9)    
1 40889U 15045A   23215.42225049  .00000046  00000+0  00000+0 0  9993
2 40889  55.3786 250.5790 0003095   0.5672 359.5084  1.70473594 49131
GSAT0206 (GALILEO 10)   
1 40890U 15045B   23213.29663290  .00000063  00000+0  00000+0 0  9991
2 40890  55.3788 250.6334 0001836 324.1230  35.9553  1.70473537 49128
BEIDOU-3S IGSO-2S       
1 40938U 15053A   23215.61356049 -.00000101  00000+0  00000+0 0  9996
2 40938  50.8557 271.1143 0047850 193.5491 162.7482  1.00290075 28836
NAVSTAR 75 (USA 265)    
1 41019U 15062A   23214.76592194 -.00000023  00000+0  00000+0 0  9998
2 41019  56.1319  71.5872 0087877 221.1642 138.2497  2.00562167 56786
GSAT-15                 
1 41028U 15065A   23215.46712517 -.00000268  00000+0  00000+0 0  9993
2 41028   0.0157 281.5201 0002690 187.8133 104.1218  1.00269919 28348
GSAT0209 (GALILEO 12)   
1 41174U 15079A   23214.05478347 -.00000009  00000+0  00000+0 0  9997
2 41174  55.2890 130.1154 0004087 319.4928  40.4847  1.70473786 47458
GSAT0208 (GALILEO 11)   
1 41175U 15079B   23215.44760916 -.00000007  00000+0  00000+0 0  9996
2 41175  55.2874 130.0754 0002456 339.7358  20.2717  1.70473568 47478
IRNSS-1E                
1 41241U 16003A   23212.59106757 -.00000314  00000+0  00000+0 0  9999
2 41241  30.8970  78.3257 0019483 176.7375  18.2977  1.00266114 27659
NAVSTAR 76 (USA 266)    
1 41328U 16007A   23213.36163870 -.00000004  00000+0  00000+0 0  9990
2 41328  55.0081 131.2009 0071563 234.8286 124.5069  2.00551651 54809
COSMOS 2514             
1 41330U 16008A   23216.42574729 -.00000069  00000+0  00000+0 0  9994
2 41330  65.5134 348.7239 0010739 202.0048 157.9527  2.13102448 58294
IRNSS-1F                
1 41384U 16015A   23215.75014590  .00000147  00000+0  00000+0 0  9997
2 41384   2.8702 131.3555 0017849 181.1976 302.0206  1.00275407 27149
BEIDOU-2 IGSO-6         
1 41434U 16021A   23215.56293485 -.00000145  00000+0  00000+0 0  9990
2 41434  58.7041  48.5872 0046240 217.8385 343.3827  1.00288768 26960
IRNSS-1G                
1 41469U 16027A   23215.40519681 -.00000347  00000+0  00000+0 0  9990
2 41469   2.7640 133.1255 0005170 346.3223 107.5524  1.00264535 26650
GSAT0211 (GALILEO 14)   
1 41549U 16030A   23213.80888361  .00000060  00000+0  00000+0 0  9990
2 41549  55.5259 250.5959 0003739 305.4090  54.6438  1.70473657 44743
GSAT0210 (GALILEO 13)   
1 41550U 16030B   23215.27358586  .00000047  00000+0  00000+0 0  9991
2 41550  55.5242 250.5566 0003811 268.4066  91.6263  1.70473761 44768
COSMOS 2516             
1 41554U 16032A   23215.60286622  .00000065  00000+0  00000+0 0  9995
2 41554  63.8681 227.1585 0015536 214.7760 145.1586  2.13106422 55887
BEIDOU-2 G7             
1 41586U 16037A   23215.40144873 -.00000365  00000+0  00000+0 0  9998
2 41586   1.7962  67.9814 0007918 350.7849 147.9986  1.00274068 26265
EUTELSAT 117 WEST B     
1 41589U 16038B   23216.00107442 -.00000023  00000+0  00000+0 0  9991
2 41589   0.0193 225.1385 0000271  69.9307 260.6209  1.00273086 26192
GSAT0207 (GALILEO 15)   
1 41859U 16069A   23212.00229430 -.00000010  00000+0  00000+0 0  9999
2 41859  54.9509 130.2524 0004220 303.4559  56.4996  1.70473778 41687
GSAT0212 (GALILEO 16)   
1 41860U 16069B   23212.44358446 -.00000010  00000+0  00000+0 0  9999
2 41860  54.9486 130.2372 0003075 333.5701  26.4119  1.70473968 41724
GSAT0213 (GALILEO 17)   
1 41861U 16069C   23213.39597762 -.00000010  00000+0  00000+0 0  9991
2 41861  54.9512 130.2168 0004068 281.4698  78.4876  1.70472634 41734
GSAT0214 (GALILEO 18)   
1 41862U 16069D   23214.12978067 -.00000009  00000+0  00000+0 0  9993
2 41862  54.9497 130.1904 0003168 287.1765  72.7969  1.70472516 41742
SES-15                  
1 42709U 17026A   23216.34804687  .00000048  00000+0  00000+0 0  9992
2 42709   0.0161  40.6949 0000988 116.7424 151.3571  1.00274117 23678
QZS-2 (MICHIBIKI-2)     
1 42738U 17028A   23215.45149530 -.00000128  00000+0  00000+0 0  9996
2 42738  41.0932 258.3218 0755674 269.6727  87.9750  1.00273280 22628
QZS-3 (MICHIBIKI-3)     
1 42917U 17048A   23216.04945090 -.00000360  00000+0  00000+0 0  9996
2 42917   0.0607 190.4033 0001885 323.0001 303.7043  1.00265544 21852
COSMOS 2522             
1 42939U 17055A   23216.26775283  .00000062  00000+0  00000+0 0  9995
2 42939  64.1023 227.6518 0010224 242.7459 117.1837  2.13101928 45642
QZS-4 (MICHIBIKI-4)     
1 42965U 17062A   23216.26514480 -.00000338  00000+0  00000+0 0  9999
2 42965  40.6481 356.8398 0746423 268.7452 280.7743  1.00288997 21292
BEIDOU-3 M1             
1 43001U 17069A   23215.99986612 -.00000013  00000+0  00000+0 0  9997
2 43001  55.8187  97.8736 0009064 302.9455  57.0440  1.86231427 39085
BEIDOU-3 M2             
1 43002U 17069B   23214.32565960 -.00000008  00000+0  00000+0 0  9997
2 43002  55.8168  97.9658 0007571 330.1171  29.9142  1.86231056 39049
GSAT0215 (GALILEO 19)   
1 43055U 17079A   23215.20554664  .00000048  00000+0  00000+0 0  9996
2 43055  55.5014 250.3838 0003415 260.5009  99.5373  1.70474347 35105
GSAT0216 (GALILEO 20)   
1 43056U 17079B   23213.73775815  .00000061  00000+0  00000+0 0  9991
2 43056  55.5022 250.4242 0005025 270.2614  89.7689  1.70474489 35067
GSAT0217 (GALILEO 21)   
1 43057U 17079C   23213.95809936  .00000059  00000+0  00000+0 0  9995
2 43057  55.5005 250.4173 0004659 282.4487  77.5856  1.70474299 35089
GSAT0218 (GALILEO 22)   
1 43058U 17079D   23212.41841644  .00000069  00000+0  00000+0 0  9999
2 43058  55.5014 250.4573 0006091 269.2394  90.7849  1.70474318 35054
BEIDOU-3 M7             
1 43107U 18003A   23216.22442492 -.00000094  00000+0  00000+0 0  9992
2 43107  55.1372 338.5502 0004310  77.4602 282.5980  1.86232341 37846
BEIDOU-3 M8             
1 43108U 18003B   23215.62531369 -.00000092  00000+0  00000+0 0  9996
2 43108  55.1306 338.5579 0003183 239.1779 120.8000  1.86230786 37834
BEIDOU-3 M4             
1 43207U 18018A   23213.92005505 -.00000008  00000+0  00000+0 0  9998
2 43207  55.7759  98.0436 0005659   0.1262 359.9468  1.86231298 37185
BEIDOU-3 M3             
1 43208U 18018B   23216.13450479 -.00000014  00000+0  00000+0 0  9996
2 43208  55.7771  97.9736 0007087 317.7363  42.2856  1.86231208 37226
BEIDOU-3 M9             
1 43245U 18029A   23216.35746141 -.00000094  00000+0  00000+0 0  9995
2 43245  55.0325 336.2821 0000975 179.5626 180.4504  1.86232303 36382
BEIDOU-3 M10            
1 43246U 18029B   23213.60279585 -.00000084  00000+0  00000+0 0  9993
2 43246  55.0315 336.4058 0002997  12.6278 347.3872  1.86232801 36321
IRNSS-1I                
1 43286U 18035A   23215.74855681  .00000070  00000+0  00000+0 0  9992
2 43286  29.1781  90.6998 0018989 178.4311   7.4357  1.00271726 19556
COSMOS 2527             
1 43508U 18053A   23215.28783211  .00000013  00000+0  00000+0 0  9994
2 43508  65.0804 109.0254 0007647 228.9085 131.0926  2.13102361 39928
BEIDOU-2 IGSO-7         
1 43539U 18057A   23215.77537351 -.00000138  00000+0  00000+0 0  9997
2 43539  55.1228 172.1350 0065052 231.8281 298.8968  1.00292901 18644
GSAT0221 (GALILEO 25)   
1 43564U 18060A   23215.25086817 -.00000083  00000+0  00000+0 0  9997
2 43564  57.2814  10.0636 0001700 260.5700  99.4099  1.70475793 31293
GSAT0222 (GALILEO 26)   
1 43565U 18060B   23215.46890897 -.00000084  00000+0  00000+0 0  9993
2 43565  57.2845  10.0585 0002360 197.8834 162.1072  1.70475551 31330
GSAT0219 (GALILEO 23)   
1 43566U 18060C   23215.10470083 -.00000083  00000+0  00000+0 0  9995
2 43566  57.2843  10.0706 0000785 282.9440  77.0466  1.70475805 31302
GSAT0220 (GALILEO 24)   
1 43567U 18060D   23215.91168186 -.00000086  00000+0  00000+0 0  9996
2 43567  57.2837  10.0488 0000990 263.1261  96.8611  1.70475453 31291
BEIDOU-3 M5             
1 43581U 18062A   23215.43408772  .00000057  00000+0  00000+0 0  9996
2 43581  54.1833 218.0006 0005753 273.6205  86.3219  1.86231744 34102
BEIDOU-3 M6             
1 43582U 18062B   23212.61489232  .00000087  00000+0  00000+0 0  9997
2 43582  54.1832 218.0864 0004576 346.3580  13.6598  1.86229535 34052
BEIDOU-3 M12            
1 43602U 18067A   23216.31012580  .00000056  00000+0  00000+0 0  9990
2 43602  54.2701 216.6125 0006668   9.2288 350.7848  1.86231545 33606
BEIDOU-3 M11            
1 43603U 18067B   23215.37005227  .00000057  00000+0  00000+0 0  9997
2 43603  54.2674 216.6104 0003896 350.7131   9.2853  1.86231480 33615
BEIDOU-3 M13            
1 43622U 18072A   23215.32868499 -.00000010  00000+0  00000+0 0  9997
2 43622  55.7463  97.5374 0005723 302.1553  57.8661  1.86231612 33122
BEIDOU-3 M14            
1 43623U 18072B   23215.19414265 -.00000009  00000+0  00000+0 0  9999
2 43623  55.7480  97.5345 0004195 337.5649  22.4935  1.86231609 33128
BEIDOU-3 M16            
1 43647U 18078A   23215.35571534 -.00000090  00000+0  00000+0 0  9992
2 43647  54.9292 336.4420 0006310  16.1186 343.9122  1.86227145 32636
BEIDOU-3 M15            
1 43648U 18078B   23216.02414161 -.00000092  00000+0  00000+0 0  9992
2 43648  54.9245 336.4230 0003420  34.2465 325.7877  1.86232135 32667
BEIDOU-3 G1             
1 43683U 18085A   23215.40728876 -.00000290  00000+0  00000+0 0  9991
2 43683   1.4469 126.6453 0003340 345.7865 125.9034  1.00267123 17537
COSMOS 2529             
1 43687U 18086A   23215.85647474  .00000064  00000+0  00000+0 0  9997
2 43687  64.3176 228.0928 0011824 261.2058  98.6971  2.13102063 36948
BEIDOU-3 M17            
1 43706U 18093A   23216.17244316  .00000056  00000+0  00000+0 0  9992
2 43706  54.2656 217.8902 0010782 276.7437  83.1379  1.86231832 32003
BEIDOU-3 M18            
1 43707U 18093B   23215.50108617  .00000057  00000+0  00000+0 0  9993
2 43707  54.2664 217.9046 0008741 299.7697  60.1509  1.86229639 32000
NAVSTAR 77 (USA 289)    
1 43873U 18109A   23216.22956529  .00000010  00000+0  00000+0 0  9997
2 43873  55.1851 133.5950 0025146 192.6370 332.3696  2.00567314 34001
BEIDOU-3 IGSO-1         
1 44204U 19023A   23215.35010920 -.00000204  00000+0  00000+0 0  9997
2 44204  57.1697  48.5782 0022835 193.5910 313.9716  1.00291720 15843
BEIDOU-2 G8             
1 44231U 19027A   23215.46729834 -.00000259  00000+0  00000+0 0  9994
2 44231   1.8762  81.2473 0005657 122.2352  61.0525  1.00270889 15555
COSMOS 2534             
1 44299U 19030A   23215.31986366  .00000067  00000+0  00000+0 0  9997
2 44299  64.3900 228.0346 0013851 279.8815 162.6525  2.13101953 32585
BEIDOU-3 IGSO-2         
1 44337U 19035A   23216.26322718 -.00000143  00000+0  00000+0 0  9991
2 44337  55.1549 168.0655 0033382 198.2961 160.0879  1.00283985 15180
NAVSTAR 78 (USA 293)    
1 44506U 19056A   23215.64662469 -.00000083  00000+0  00000+0 0  9996
2 44506  55.8156  12.6942 0035570 183.4984 180.7257  2.00564821 29034
BEIDOU-3 M24            
1 44542U 19061A   23216.11000029  .00000056  00000+0  00000+0 0  9992
2 44542  54.4930 218.1160 0008184 333.5671  26.3963  1.86231339 26276
BEIDOU-3 M23            
1 44543U 19061B   23216.34132858  .00000056  00000+0  00000+0 0  9994
2 44543  54.4912 218.0772 0005887 314.8403 112.0700  1.86231563 26278
BEIDOU-3 IGSO-3         
1 44709U 19073A   23213.62173315 -.00000169  00000+0  00000+0 0  9998
2 44709  56.5892 292.1077 0034984 187.9726 172.0824  1.00292487 13907
BEIDOU-3 M22            
1 44793U 19078A   23215.41826394 -.00000090  00000+0  00000+0 0  9990
2 44793  54.7778 336.4109 0005296  25.6907 334.3466  1.86232110 25127
BEIDOU-3 M21            
1 44794U 19078B   23215.01195815 -.00000089  00000+0  00000+0 0  9992
2 44794  54.7517 336.4078 0003147  22.8896 337.1348  1.86232544 25113
COSMOS 2544             
1 44850U 19088A   23216.17005049  .00000009  00000+0  00000+0 0  9994
2 44850  65.0667 108.8392 0012202 256.9093 103.0229  2.13102108 28369
BEIDOU-3 M19            
1 44864U 19090A   23215.53245816 -.00000011  00000+0  00000+0 0  9993
2 44864  55.6809  97.7190 0016399 277.7204 265.1462  1.86231634 24692
BEIDOU-3 M20            
1 44865U 19090B   23216.45289559 -.00000017  00000+0  00000+0 0  9994
2 44865  55.6835  97.7207 0014411 292.3412 237.4251  1.86231603 24692
BEIDOU-3 G2             
1 45344U 20017A   23216.04029859 -.00000152  00000+0  00000+0 0  9998
2 45344   2.0304  14.5760 0003315 130.7176 261.5737  1.00272481 12763
COSMOS 2545             
1 45358U 20018A   23215.89754320 -.00000069  00000+0  00000+0 0  9991
2 45358  64.8537 349.0125 0008525 235.0247 124.8979  2.13102471 26321
BEIDOU-3 G3             
1 45807U 20040A   23215.40144873 -.00000363  00000+0  00000+0 0  9995
2 45807   0.6467 337.4959 0004942  11.8012 217.3862  1.00266449 11565
NAVSTAR 79 (USA 304)    
1 45854U 20041A   23214.01576039 -.00000021  00000+0  00000+0 0  9998
2 45854  55.8525  70.0393 0034643 185.8092  24.3278  2.00564184 22968
GALAXY 30 (G-30)        
1 46114U 20056C   23215.60188841  .00000026  00000+0  00000+0 0  9994
2 46114   0.0197  88.5780 0002393  58.7682 256.2534  1.00271116 10887
COSMOS 2547             
1 46805U 20075A   23215.14829604  .00000069  00000+0  00000+0 0  9997
2 46805  64.6172 227.5869 0008835 243.6913 116.2584  2.13102982 21550
NAVSTAR 80 (USA 309)    
1 46826U 20078A   23215.74445674  .00000030  00000+0  00000+0 0  9998
2 46826  54.3263 253.3486 0035003 194.0415 159.7258  2.00562595 20471
NAVSTAR 81 (USA 319)    
1 48859U 21054A   23215.52187226 -.00000082  00000+0  00000+0 0  9991
2 48859  55.3326  14.4999 0010910 208.4408 165.7846  2.00575229 15716
QZS-1R                  
1 49336U 21096A   23215.58740993 -.00000294  00000+0  00000+0 0  9995
2 49336  35.2862  95.4045 0759589 272.2188 286.5868  1.00239980  6497
GSAT0223 (GALILEO 27)   
1 49809U 21116A   23215.74701995 -.00000085  00000+0  00000+0 0  9998
2 49809  57.2754   9.9496 0003001 156.2082 192.9802  1.70475613 10306
GSAT0224 (GALILEO 28)   
1 49810U 21116B   23214.41004375 -.00000080  00000+0  00000+0 0  9996
2 49810  57.2757   9.9839 0002550 148.6843 212.4497  1.70475612 10307
COSMOS 2557             
1 52984U 22075A   23213.43347383 -.00000065  00000+0  00000+0 0  9990
2 52984  64.7699 351.2607 0010840 278.4817  81.3953  2.13102151  8301
COSMOS 2559             
1 54031U 22130A   23215.72164286 -.00000069  00000+0  00000+0 0  9994
2 54031  64.7404 351.3098 0006257 211.7986 148.1651  2.13101336  6342
COSMOS 2564             
1 54377U 22161A   23215.44582340  .00000067  00000+0  00000+0 0  9992
2 54377  64.7579 227.6241 0011313 226.6315 133.3129  2.13102124  5287
NAVSTAR 82 (USA 343)    
1 55268U 23009A   23213.69395876  .00000046  00000+0  00000+0 0  9992
2 55268  55.0935 189.7326 0004107  95.2906  82.4115  2.00557737  4162
BEIDOU-3 G4             
1 56564U 23066A   23215.47703448 -.00000122  00000+0  00000+0 0  9997
2 56564   2.9227 288.9471 0007412 202.0619 152.4307  1.00269571   882
IRNSS-1J (NVS-01)       
1 56759U 23076A   23215.73913394 -.00000346  00000+0  00000+0 0  9994
2 56759   4.8197 272.6584 0004994 340.3641  94.5592  1.00276600   695
