NAVSTAR 43 (USA 132)    
1 24876U 97035A   23243.10931047  .00000014  00000+0  00000+0 0  9993
2 24876  55.5863 138.5101 0072357  52.2367 308.4788  2.00563913191276
NAVSTAR 47 (USA 150)    
1 26360U 00025A   23242.48894148 -.00000021  00000+0  00000+0 0  9995
2 26360  54.4281  60.8006 0041430 199.0706 162.5813  2.00570973170789
NAVSTAR 51 (USA 166)    
1 27663U 03005A   23242.72383973  .00000037  00000+0  00000+0 0  9995
2 27663  55.2482 255.5938 0131756  44.6627 106.4185  2.00566203150826
NAVSTAR 52 (USA 168)    
1 27704U 03010A   23242.98725469 -.00000093  00000+0  00000+0 0  9998
2 27704  55.1155   5.5465 0248572 318.6445 240.8133  2.00574531149617
NAVSTAR 54 (USA 177)    
1 28190U 04009A   23242.32027257 -.00000045  00000+0  00000+0 0  9992
2 28190  55.6943 316.6693 0092951 138.4422 237.6416  2.00567325142453
NAVSTAR 56 (USA 180)    
1 28474U 04045A   23242.86672240 -.00000092  00000+0  00000+0 0  9996
2 28474  55.4425   5.8712 0162150 282.4324 183.4832  2.00579631137930
ANIK F1R                
1 28868U 05036A   23243.48083622 -.00000090  00000+0  00000+0 0  9991
2 28868   1.6772  89.1009 0002670  41.6729 274.4069  1.00271441 65922
NAVSTAR 57 (USA 183)    
1 28874U 05038A   23242.28786830 -.00000040  00000+0  00000+0 0  9993
2 28874  55.7458 314.1225 0139423 279.4409  94.6131  2.00575683131342
INMARSAT 4-F2           
1 28899U 05044A   23243.12642670 -.00000003  00000+0  00000+0 0  9993
2 28899   3.8572  40.6732 0002890 127.0437 280.7382  1.00270718 65263
NAVSTAR 58 (USA 190)    
1 29486U 06042A   23241.16490348  .00000009  00000+0  00000+0 0  9995
2 29486  54.6857 191.9001 0102977  31.8466 153.0620  2.00570058123876
NAVSTAR 59 (USA 192)    
1 29601U 06052A   23242.32401940  .00000043  00000+0  00000+0 0  9992
2 29601  55.2692 254.5687 0084191  79.3716 281.6140  2.00577287122917
NAVSTAR 60 (USA 196)    
1 32260U 07047A   23241.14265784  .00000006  00000+0  00000+0 0  9994
2 32260  53.4620 122.3980 0151120  70.4617 291.2408  2.00551643116296
COSMOS 2433             
1 32275U 07052A   23242.80913690 -.00000072  00000+0  00000+0 0  9990
2 32275  66.0234 350.0858 0003561 216.0953 143.9020  2.13104022123338
COSMOS 2432             
1 32276U 07052B   23243.43398517 -.00000073  00000+0  00000+0 0  9997
2 32276  66.0374 350.1737 0008090 321.5494 104.8863  2.13103141123348
NAVSTAR 61 (USA 199)    
1 32384U 07062A   23242.60936299 -.00000043  00000+0  00000+0 0  9998
2 32384  55.8773 314.9300 0024913 149.9601 319.2321  2.00558408115028
COSMOS 2434             
1 32393U 07065A   23242.60146726  .00000047  00000+0  00000+0 0  9992
2 32393  64.3374 226.4664 0000121 107.3627 344.4733  2.13103028122002
COSMOS 2436             
1 32395U 07065C   23243.48264567  .00000041  00000+0  00000+0 0  9999
2 32395  64.3461 226.4981 0015676 352.2776 191.0954  2.13102745121982
NAVSTAR 62 (USA 201)    
1 32711U 08012A   23242.05403579  .00000005  00000+0  00000+0 0  9994
2 32711  54.4529 190.6972 0177507 235.8125 122.4614  2.00557029113254
NAVSTAR 64 (USA 206)    
1 35752U 09043A   23243.31319954 -.00000014  00000+0  00000+0 0  9991
2 35752  55.4298  67.8778 0058412  68.8545 136.9996  2.00558060102862
COSMOS 2456             
1 36111U 09070A   23242.48697074  .00000042  00000+0  00000+0 0  9990
2 36111  64.4881 105.9731 0002335 331.8471 191.4049  2.13099154106651
COSMOS 2457             
1 36112U 09070B   23243.16486706  .00000040  00000+0  00000+0 0  9993
2 36112  64.4721 105.8151 0005516 148.3023 305.7551  2.13101329106711
COSMOS 2460             
1 36402U 10007C   23242.52173112 -.00000071  00000+0  00000+0 0  9995
2 36402  65.8860 348.8117 0001512 163.2701 145.7365  2.13106192104956
NAVSTAR 65 (USA 213)    
1 36585U 10022A   23243.47336558  .00000029  00000+0  00000+0 0  9996
2 36585  54.5676 249.7427 0109093  59.6668  18.2658  2.00561696 97112
BEIDOU-2 IGSO-1         
1 36828U 10036A   23243.36984177 -.00000161  00000+0  00000+0 0  9993
2 36828  54.2369 172.2081 0036877 189.1905 218.4056  1.00254147 47992
QZS-1 (MICHIBIKI-1)     
1 37158U 10045A   23235.98548465 -.00000031  00000+0  00000+0 0  9991
2 37158  42.8909 127.5505 0036254  12.7354 203.3381  0.88330244 47378
BEIDOU-2 G4             
1 37210U 10057A   23243.14557168 -.00000128  00000+0  00000+0 0  9997
2 37210   1.1662  60.6538 0005806 148.8892 341.8532  1.00270873 47047
BEIDOU-2 IGSO-2         
1 37256U 10068A   23243.12489524 -.00000171  00000+0  00000+0 0  9995
2 37256  49.4157 284.3562 0032540 212.2315 355.2566  1.00285028 46553
BEIDOU-2 IGSO-3         
1 37384U 11013A   23243.46253258 -.00000163  00000+0  00000+0 0  9999
2 37384  60.9337  49.9313 0028007 173.8411  30.0684  1.00282332 45434
GSAT-8                  
1 37605U 11022A   23243.14285810  .00000069  00000+0  00000+0 0  9993
2 37605   0.0336 280.6085 0004284 327.9797 196.9674  1.00272481 45002
NAVSTAR 66 (USA 232)    
1 37753U 11036A   23242.76477834 -.00000087  00000+0  00000+0 0  9999
2 37753  56.7432  11.6445 0127143  56.2992 315.9391  2.00568362 88791
BEIDOU-2 IGSO-4         
1 37763U 11038A   23242.73851921 -.00000104  00000+0  00000+0 0  9992
2 37763  54.5108 174.7549 0112139 228.1519 297.1754  1.00274659 44404
GSAT0101 (GALILEO-PFM)  
1 37846U 11060A   23243.19064524 -.00000093  00000+0  00000+0 0  9992
2 37846  57.1094   9.4115 0001884  75.8291 284.1878  1.70475755 73840
GSAT0102 (GALILEO-FM2)  
1 37847U 11060B   23242.53401465 -.00000091  00000+0  00000+0 0  9997
2 37847  57.1100   9.4292 0001235 356.7056   6.6063  1.70475161 73715
COSMOS 2476             
1 37867U 11064A   23243.09770924  .00000041  00000+0  00000+0 0  9998
2 37867  64.7682 107.4777 0021275 232.9311 308.1284  2.13101680 92051
COSMOS 2477             
1 37868U 11064B   23243.39387183  .00000040  00000+0  00000+0 0  9992
2 37868  64.7754 107.5369 0018496 233.3752 352.7766  2.13101584 92014
COSMOS 2475             
1 37869U 11064C   23242.44069649  .00000043  00000+0  00000+0 0  9995
2 37869  64.7823 107.5816 0022723 251.4804 281.9011  2.13101963 91999
BEIDOU-2 IGSO-5         
1 37948U 11073A   23242.58440025 -.00000121  00000+0  00000+0 0  9997
2 37948  49.5419 284.0309 0095160 220.3598 140.5507  1.00273409 42892
LUCH-5A                 
1 37951U 11074B   23242.62309653 -.00000061  00000+0  00000+0 0  9991
2 37951   6.1299  89.7793 0005010  56.1591 223.9575  1.00273455 42804
BEIDOU-2 G5             
1 38091U 12008A   23243.12538243  .00000042  00000+0  00000+0 0  9998
2 38091   1.6989  68.3563 0002720 166.7848 207.6934  1.00270855 42249
BEIDOU-2 M3             
1 38250U 12018A   23241.37947800 -.00000083  00000+0  00000+0 0  9990
2 38250  56.5125 339.0724 0022525 255.3266 163.2043  1.86231265 77240
BEIDOU-2 M4             
1 38251U 12018B   23242.29723074 -.00000084  00000+0  00000+0 0  9999
2 38251  56.4248 338.3360 0013935 254.7302 105.1527  1.86231729 76913
SES-5                   
1 38652U 12036A   23243.32971150  .00000017  00000+0  00000+0 0  9994
2 38652   0.0192 274.6168 0001989 243.3070 304.9928  1.00267784 40833
BEIDOU-2 M6             
1 38775U 12050B   23243.08113279  .00000019  00000+0  00000+0 0  9991
2 38775  55.6871  96.9098 0011817 339.3998  20.6501  1.86231171 74642
GSAT-10                 
1 38779U 12051B   23243.52883713 -.00000181  00000+0  00000+0 0  9993
2 38779   0.0697 273.9629 0001386 331.3634   7.5162  1.00271250 40055
NAVSTAR 67 (USA 239)    
1 38833U 12053A   23242.73013491  .00000003  00000+0  00000+0 0  9998
2 38833  53.5135 185.3810 0141663  51.8407 309.3957  2.00567036 79844
GSAT0103 (GALILEO-FM3)  
1 38857U 12055A   23241.47007500  .00000000  00000+0  00000+0 0  9997
2 38857  55.2798 129.6546 0002737 266.4350  93.6071  1.70473527 67710
GSAT0104 (GALILEO-FM4)  
1 38858U 12055B   23242.02612039  .00000002  00000+0  00000+0 0  9991
2 38858  55.2802 129.6409 0000396 247.4628 112.6099  1.70473858 67585
BEIDOU-2 G6             
1 38953U 12059A   23243.53025134 -.00000190  00000+0  00000+0 0  9991
2 38953   1.8151  81.9647 0007455 314.9925 217.4055  1.00269105 39814
LUCH-5B                 
1 38977U 12061A   23243.32536037 -.00000149  00000+0  00000+0 0  9990
2 38977   8.2457  59.1581 0006019 105.4286 275.4967  1.00270716 39942
COSMOS 2485             
1 39155U 13019A   23242.33445714  .00000043  00000+0  00000+0 0  9996
2 39155  64.9281 108.0262 0021780 228.9163 130.9929  2.13101893 80507
NAVSTAR 68 (USA 242)    
1 39166U 13023A   23242.59229705 -.00000035  00000+0  00000+0 0  9993
2 39166  55.3607 310.3079 0114167  41.7310 319.2073  2.00564152 75396
IRNSS-1A                
1 39199U 13034A   23243.12468625  .00000078  00000+0  00000+0 0  9993
2 39199  33.4134  78.7534 0020064 176.3167 183.9654  1.00278296 37414
NAVSTAR 69 (USA 248)    
1 39533U 14008A   23242.09192372  .00000004  00000+0  00000+0 0  9994
2 39533  53.6008 190.9640 0067260 215.7837 143.7310  2.00551326 69187
ASTRA 5B                
1 39617U 14011B   23243.11833360  .00000121  00000+0  00000+0 0  9994
2 39617   0.0681 307.5490 0002892 233.9420 223.6069  1.00271267 34635
COSMOS 2492             
1 39620U 14012A   23242.75914078 -.00000071  00000+0  00000+0 0  9999
2 39620  65.7695 348.4229 0011199 317.6701  42.2671  2.13103015 73477
IRNSS-1B                
1 39635U 14017A   23243.12459924  .00000105  00000+0  00000+0 0  9993
2 39635  28.7133 257.7354 0019971 191.8099 349.3802  1.00273279 34545
LUCH-5V                 
1 39727U 14023A   23243.53349388 -.00000284  00000+0  00000+0 0  9998
2 39727   2.5635  77.2984 0003251 123.8503  65.0994  1.00271822552278
NAVSTAR 70 (USA 251)    
1 39741U 14026A   23242.37359690 -.00000086  00000+0  00000+0 0  9995
2 39741  56.6960  11.1819 0028867 311.2234  48.5307  2.00557386 68047
COSMOS 2500             
1 40001U 14032A   23241.53472745 -.00000070  00000+0  00000+0 0  9990
2 40001  65.7081 348.2918 0007866 195.9661 164.0306  2.13105767 71665
NAVSTAR 71 (USA 256)    
1 40105U 14045A   23241.95950867  .00000011  00000+0  00000+0 0  9995
2 40105  54.8108 129.2874 0024635 113.1124 247.2187  2.00577270 65578
GSAT0201 (GALILEO 5)    
1 40128U 14050A   23242.49203356 -.00000057  00000+0  00000+0 0  9991
2 40128  49.9395 314.7614 1609135 140.1922 232.8158  1.85519016 59364
GSAT0202 (GALILEO 6)    
1 40129U 14050B   23242.21244466 -.00000054  00000+0  00000+0 0  9996
2 40129  49.9590 313.8440 1607006 140.9933 231.7941  1.85519694 61525
IRNSS-1C                
1 40269U 14061A   23242.86248174 -.00000177  00000+0  00000+0 0  9990
2 40269   3.9524 112.8506 0020135  16.9762 242.4799  1.00271466 32448
NAVSTAR 72 (USA 258)    
1 40294U 14068A   23242.33657153 -.00000001  00000+0  00000+0 0  9994
2 40294  56.1724  70.6561 0049053  61.7291 298.8320  2.00571391 64716
COSMOS 2501             
1 40315U 14075A   23243.19233993  .00000041  00000+0  00000+0 0  9996
2 40315  63.6408 225.8040 0020064 211.5330 148.3348  2.13101278 68099
NAVSTAR 73 (USA 260)    
1 40534U 15013A   23242.97075678  .00000031  00000+0  00000+0 0  9990
2 40534  53.4666 246.4709 0080166  25.2198 335.1851  2.00554917 61767
GSAT0203 (GALILEO 7)    
1 40544U 15017A   23242.38353795 -.00000090  00000+0  00000+0 0  9995
2 40544  56.9045   9.4069 0002962 223.0046 136.9689  1.70476016 51787
GSAT0204 (GALILEO 8)    
1 40545U 15017B   23242.63715002 -.00000091  00000+0  00000+0 0  9998
2 40545  56.9106   9.4142 0003300 205.0635 154.9169  1.70475582 52454
IRNSS-1D                
1 40547U 15018A   23242.88162167 -.00000280  00000+0  00000+0 0  9996
2 40547  28.0830 257.7102 0020177 191.9638 318.2901  1.00269518 31001
BEIDOU-3S IGSO-1S       
1 40549U 15019A   23242.61842942 -.00000150  00000+0  00000+0 0  9992
2 40549  51.1078 307.6284 0040887 195.8757 151.7661  1.00256642 30821
NAVSTAR 74 (USA 262)    
1 40730U 15033A   23242.63382733 -.00000034  00000+0  00000+0 0  9990
2 40730  54.8492 308.9226 0085059  13.9818 346.3272  2.00555426 59500
BEIDOU-3S M2S           
1 40748U 15037A   23241.96307799 -.00000082  00000+0  00000+0 0  9990
2 40748  55.6656 336.9498 0010990 240.1766 119.7524  1.86232986 55087
BEIDOU-3S M1S           
1 40749U 15037B   23242.77012271 -.00000085  00000+0  00000+0 0  9992
2 40749  55.6681 336.9088 0002956 303.7294  56.2823  1.86232740 55092
GSAT0205 (GALILEO 9)    
1 40889U 15045A   23241.23195039  .00000059  00000+0  00000+0 0  9990
2 40889  55.3668 249.8649 0003325 357.7390   2.2950  1.70473363 49570
GSAT0206 (GALILEO 10)   
1 40890U 15045B   23243.21236967  .00000041  00000+0  00000+0 0  9999
2 40890  55.3650 249.8057 0002365 323.5146  36.4875  1.70473341 49637
BEIDOU-3S IGSO-2S       
1 40938U 15053A   23242.73879110 -.00000096  00000+0  00000+0 0  9991
2 40938  50.8161 270.7979 0047970 194.4154 235.2831  1.00284023 29110
NAVSTAR 75 (USA 265)    
1 41019U 15062A   23241.68949060  .00000003  00000+0  00000+0 0  9994
2 41019  56.1560  70.5313 0088854 221.0171 138.3780  2.00562208 57328
GSAT-15                 
1 41028U 15065A   23243.48017484 -.00000274  00000+0  00000+0 0  9994
2 41028   0.0716 275.2893 0002099 214.3157 116.1325  1.00270488 28627
GSAT0209 (GALILEO 12)   
1 41174U 15079A   23242.21093964  .00000002  00000+0  00000+0 0  9996
2 41174  55.2977 129.3410 0003226 328.9476  31.1120  1.70473832 47358
GSAT0208 (GALILEO 11)   
1 41175U 15079B   23243.01714922  .00000004  00000+0  00000+0 0  9992
2 41175  55.2960 129.3169 0002555 336.6745  23.3971  1.70473830 47941
IRNSS-1E                
1 41241U 16003A   23241.50411718 -.00000300  00000+0  00000+0 0  9993
2 41241  30.9625  77.8836 0019960 173.7724  19.0277  1.00267939 27826
NAVSTAR 76 (USA 266)    
1 41328U 16007A   23242.28045155  .00000013  00000+0  00000+0 0  9997
2 41328  55.0152 130.0515 0071334 233.9347 125.4742  2.00575620 55341
COSMOS 2514             
1 41330U 16008A   23242.70438992 -.00000071  00000+0  00000+0 0  9998
2 41330  65.5050 347.8351 0011580 206.1326 153.8336  2.13102472 58857
IRNSS-1F                
1 41384U 16015A   23243.12016108  .00000143  00000+0  00000+0 0  9992
2 41384   2.9248 130.0341 0018339 177.1559 107.3596  1.00267070 27427
BEIDOU-2 IGSO-6         
1 41434U 16021A   23243.41960587 -.00000143  00000+0  00000+0 0  9997
2 41434  58.7476  48.3044 0047081 217.6295 320.7711  1.00283350 27237
IRNSS-1G                
1 41469U 16027A   23242.89547895 -.00000351  00000+0  00000+0 0  9996
2 41469   2.8154 131.7359 0003714 359.0274 299.9205  1.00265881 26937
GSAT0211 (GALILEO 14)   
1 41549U 16030A   23243.13804801  .00000042  00000+0  00000+0 0  9996
2 41549  55.5124 249.7875 0003994 308.3361  51.6470  1.70473455 45242
GSAT0210 (GALILEO 13)   
1 41550U 16030B   23241.08326791  .00000061  00000+0  00000+0 0  9998
2 41550  55.5125 249.8453 0004214 273.6480  86.3404  1.70473543 45228
COSMOS 2516             
1 41554U 16032A   23242.81922320  .00000044  00000+0  00000+0 0  9997
2 41554  63.8672 226.2166 0015497 214.6918 145.1980  2.13106368 56464
BEIDOU-2 G7             
1 41586U 16037A   23243.21336622 -.00000369  00000+0  00000+0 0  9997
2 41586   1.8600  68.3825 0007376 347.4436 110.6788  1.00272628 26543
EUTELSAT 117 WEST B     
1 41589U 16038B   23243.47474374 -.00000028  00000+0  00000+0 0  9998
2 41589   0.0162 286.3802 0000306  26.4374  80.4822  1.00271022 26470
GSAT0207 (GALILEO 15)   
1 41859U 16069A   23242.50478478  .00000003  00000+0  00000+0 0  9996
2 41859  54.9603 129.4061 0003185 307.7785  52.2726  1.70473860 42201
GSAT0212 (GALILEO 16)   
1 41860U 16069B   23242.35945111  .00000002  00000+0  00000+0 0  9993
2 41860  54.9579 129.4069 0002531 349.9337  10.1404  1.70474026 42232
GSAT0213 (GALILEO 17)   
1 41861U 16069C   23239.20593235 -.00000005  00000+0  00000+0 0  9994
2 41861  54.9592 129.5005 0002978 279.6844  80.3433  1.70472670 42049
GSAT0214 (GALILEO 18)   
1 41862U 16069D   23242.87272954  .00000003  00000+0  00000+0 0  9991
2 41862  54.9591 129.3926 0001979 287.8700  72.1905  1.70472463 42235
SES-15                  
1 42709U 17026A   23242.75743861  .00000045  00000+0  00000+0 0  9999
2 42709   0.0232  41.8901 0000422 113.0338 327.2779  1.00268076 23902
QZS-2 (MICHIBIKI-2)     
1 42738U 17028A   23242.89580200 -.00000136  00000+0  00000+0 0  9996
2 42738  41.0512 257.9289 0752586 270.0267 274.6433  1.00266178 22901
QZS-3 (MICHIBIKI-3)     
1 42917U 17048A   23243.19632649 -.00000364  00000+0  00000+0 0  9999
2 42917   0.0693 216.7800 0002129 318.7403   1.3085  1.00273733 22138
COSMOS 2522             
1 42939U 17055A   23242.54619321  .00000047  00000+0  00000+0 0  9998
2 42939  64.1014 226.7499 0009942 243.3380 116.5535  2.13101921 46209
QZS-4 (MICHIBIKI-4)     
1 42965U 17062A   23242.63846030 -.00000325  00000+0  00000+0 0  9994
2 42965  40.6380 356.5062 0747409 269.1838  82.0643  1.00281444 21565
BEIDOU-3 M1             
1 43001U 17069A   23242.31052741  .00000023  00000+0  00000+0 0  9990
2 43001  55.8379  96.9941 0007986 301.7724  58.2481  1.86231368 39579
BEIDOU-3 M2             
1 43002U 17069B   23242.24724560  .00000023  00000+0  00000+0 0  9998
2 43002  55.8372  97.0321 0006477 333.7997  26.2659  1.86231082 39562
GSAT0215 (GALILEO 19)   
1 43055U 17079A   23242.18829026  .00000050  00000+0  00000+0 0  9993
2 43055  55.4892 249.6398 0003749 268.2504  91.7337  1.70474082 35565
GSAT0216 (GALILEO 20)   
1 43056U 17079B   23241.30705576  .00000059  00000+0  00000+0 0  9999
2 43056  55.4897 249.6640 0005319 274.1200  85.8537  1.70474269 35568
GSAT0217 (GALILEO 21)   
1 43057U 17079C   23242.70055779  .00000045  00000+0  00000+0 0  9993
2 43057  55.4877 249.6245 0004657 284.9534  75.0174  1.70474208 35573
GSAT0218 (GALILEO 22)   
1 43058U 17079D   23242.33403301  .00000049  00000+0  00000+0 0  9995
2 43058  55.4876 249.6322 0005768 271.1124  88.8472  1.70474166 35594
BEIDOU-3 M7             
1 43107U 18003A   23243.07195668 -.00000088  00000+0  00000+0 0  9998
2 43107  55.1208 337.6308 0003652  78.7776 281.3025  1.86232337 38340
BEIDOU-3 M8             
1 43108U 18003B   23242.47306812 -.00000086  00000+0  00000+0 0  9995
2 43108  55.1144 337.6383 0003852 241.8505 118.1486  1.86230767 38330
BEIDOU-3 M4             
1 43207U 18018A   23241.84158574  .00000023  00000+0  00000+0 0  9991
2 43207  55.7962  97.1090 0004975  10.9518 349.1572  1.86231284 37700
BEIDOU-3 M3             
1 43208U 18018B   23241.90823612  .00000023  00000+0  00000+0 0  9991
2 43208  55.7957  97.1111 0006027 318.7839  41.2688  1.86231183 37700
BEIDOU-3 M9             
1 43245U 18029A   23242.66800894 -.00000083  00000+0  00000+0 0  9992
2 43245  55.0157 335.3788 0001313 208.7433 151.2914  1.86232261 36873
BEIDOU-3 M10            
1 43246U 18029B   23242.06109954 -.00000082  00000+0  00000+0 0  9995
2 43246  55.0133 335.4283 0002698 359.7700   0.2703  1.86232789 36841
IRNSS-1I                
1 43286U 18035A   23243.14285810  .00000083  00000+0  00000+0 0  9992
2 43286  29.2406  90.2590 0019459 176.6889 178.6358  1.00270027 19834
COSMOS 2527             
1 43508U 18053A   23242.50493436  .00000043  00000+0  00000+0 0  9999
2 43508  65.0896 108.1121 0007365 220.7712 139.2718  2.13102350 40509
BEIDOU-2 IGSO-7         
1 43539U 18057A   23242.74217926 -.00000173  00000+0  00000+0 0  9996
2 43539  55.1212 171.8995 0064576 231.2693 315.8204  1.00284700 18909
GSAT0221 (GALILEO 25)   
1 43564U 18060A   23243.40689909 -.00000093  00000+0  00000+0 0  9997
2 43564  57.2852   9.3062 0002544 252.5611 107.4073  1.70475923 31778
GSAT0222 (GALILEO 26)   
1 43565U 18060B   23241.86522608 -.00000088  00000+0  00000+0 0  9992
2 43565  57.2885   9.3489 0003201 207.5747 152.4052  1.70475658 31782
GSAT0219 (GALILEO 23)   
1 43566U 18060C   23243.26073182 -.00000093  00000+0  00000+0 0  9993
2 43566  57.2877   9.3133 0001592 256.0188 103.9596  1.70475912 31786
GSAT0220 (GALILEO 24)   
1 43567U 18060D   23241.72139246 -.00000087  00000+0  00000+0 0  9990
2 43567  57.2875   9.3552 0001915 247.7405 112.2363  1.70475508 31740
BEIDOU-3 M5             
1 43581U 18062A   23242.28137083  .00000028  00000+0  00000+0 0  9991
2 43581  54.1794 217.0846 0005391 279.0588  80.8469  1.86231745 34603
BEIDOU-3 M6             
1 43582U 18062B   23243.22113021  .00000023  00000+0  00000+0 0  9998
2 43582  54.1787 217.0421 0004929 353.6132   6.3427  1.86229547 34621
BEIDOU-3 M12            
1 43602U 18067A   23243.15746685  .00000023  00000+0  00000+0 0  9996
2 43602  54.2662 215.6992 0006925  11.4514 348.5255  1.86231459 34103
BEIDOU-3 M11            
1 43603U 18067B   23242.21740038  .00000027  00000+0  00000+0 0  9993
2 43603  54.2634 215.6970 0004058 354.8722   5.0892  1.86231408 34116
BEIDOU-3 M13            
1 43622U 18072A   23242.17628281  .00000023  00000+0  00000+0 0  9996
2 43622  55.7662  96.6379 0004689 300.1659  59.8857  1.86231552 33620
BEIDOU-3 M14            
1 43623U 18072B   23243.11563742  .00000019  00000+0  00000+0 0  9997
2 43623  55.7687  96.5990 0003269 346.0523  14.0359  1.86231648 33646
BEIDOU-3 M16            
1 43647U 18078A   23242.74094318 -.00000084  00000+0  00000+0 0  9998
2 43647  54.9118 335.4992 0005960  10.8824 349.1723  1.86227122 33143
BEIDOU-3 M15            
1 43648U 18078B   23240.18692245 -.00000079  00000+0  00000+0 0  9992
2 43648  54.9090 335.5911 0002931  26.6442 333.4073  1.86232138 33115
BEIDOU-3 G1             
1 43683U 18085A   23243.49990149 -.00000295  00000+0  00000+0 0  9990
2 43683   1.5052 124.6582 0002976 352.7922 181.9645  1.00268247 17812
COSMOS 2529             
1 43687U 18086A   23242.60417831  .00000047  00000+0  00000+0 0  9993
2 43687  64.3166 227.1821 0011588 262.0378  97.8244  2.13102006 37515
BEIDOU-3 M17            
1 43706U 18093A   23242.48277785  .00000026  00000+0  00000+0 0  9998
2 43706  54.2617 216.9947 0010452 279.3617  80.4856  1.86231833 32519
BEIDOU-3 M18            
1 43707U 18093B   23242.34868029  .00000027  00000+0  00000+0 0  9992
2 43707  54.2624 216.9909 0008607 303.6519  56.2322  1.86229645 32503
NAVSTAR 77 (USA 289)    
1 43873U 18109A   23242.87509392  .00000015  00000+0  00000+0 0  9994
2 43873  55.1914 132.5420 0025603 191.3933 133.5159  2.00568447 34587
BEIDOU-3 IGSO-1         
1 44204U 19023A   23243.18685119 -.00000198  00000+0  00000+0 0  9999
2 44204  57.2135  48.2856 0023501 193.6849 284.0240  1.00283292 16120
BEIDOU-2 G8             
1 44231U 19027A   23242.89949163 -.00000262  00000+0  00000+0 0  9994
2 44231   1.9436  81.1561 0006162 125.8007 240.2270  1.00272379 15845
COSMOS 2534             
1 44299U 19030A   23242.48360616  .00000048  00000+0  00000+0 0  9998
2 44299  64.3892 227.1120 0013680 280.8598 120.7911  2.13101851 33150
BEIDOU-3 IGSO-2         
1 44337U 19035A   23243.52553837 -.00000171  00000+0  00000+0 0  9999
2 44337  55.1536 167.8262 0033185 197.2335 283.3128  1.00275458 15465
NAVSTAR 78 (USA 293)    
1 44506U 19056A   23242.60674609 -.00000088  00000+0  00000+0 0  9996
2 44506  55.8206  11.6281 0036729 184.6661 206.1886  2.00565179 29585
BEIDOU-3 M24            
1 44542U 19061A   23242.42043702  .00000027  00000+0  00000+0 0  9998
2 44542  54.4890 217.2257 0008363 337.7256  22.2043  1.86231379 26764
BEIDOU-3 M23            
1 44543U 19061B   23242.77867302  .00000025  00000+0  00000+0 0  9995
2 44543  54.4871 217.1828 0005896 320.5236 191.4733  1.86231629 26777
BEIDOU-3 IGSO-3         
1 44709U 19073A   23242.53805509 -.00000149  00000+0  00000+0 0  9995
2 44709  56.5414 291.8027 0035255 189.5143 170.5437  1.00283679 14212
BEIDOU-3 M22            
1 44793U 19078A   23242.36813637 -.00000083  00000+0  00000+0 0  9992
2 44793  54.7623 335.4784 0004854  21.5463  47.1308  1.86232027 25621
BEIDOU-3 M21            
1 44794U 19078B   23241.32247510 -.00000080  00000+0  00000+0 0  9996
2 44794  54.7349 335.4982 0002813  13.9286 346.1178  1.86232532 25604
COSMOS 2544             
1 44850U 19088A   23242.91791823  .00000043  00000+0  00000+0 0  9995
2 44850  65.0757 107.9412 0011480 253.0132 106.9592  2.13102114 28936
BEIDOU-3 M19            
1 44864U 19090A   23242.63882281  .00000021  00000+0  00000+0 0  9997
2 44864  55.7006  96.8094 0015616 275.9705  80.4377  1.86231589 25202
BEIDOU-3 M20            
1 44865U 19090B   23241.17271360  .00000022  00000+0  00000+0 0  9997
2 44865  55.7012  96.8916 0013592 291.1712 252.0670  1.86231542 25169
BEIDOU-3 G2             
1 45344U 20017A   23243.03938017 -.00000155  00000+0  00000+0 0  9995
2 45344   2.0451  15.9518 0003444 149.3783 267.8241  1.00269718 13034
COSMOS 2545             
1 45358U 20018A   23242.64539616 -.00000072  00000+0  00000+0 0  9997
2 45358  64.8453 348.0860 0009682 236.5162 123.4154  2.13102459 26898
BEIDOU-3 G3             
1 45807U 20040A   23242.85465913 -.00000369  00000+0  00000+0 0  9991
2 45807   0.6197 342.7330 0005472 337.4041  76.7619  1.00277590 11831
NAVSTAR 79 (USA 304)    
1 45854U 20041A   23242.45436778 -.00000005  00000+0  00000+0 0  9994
2 45854  55.8781  68.9161 0035916 186.0083  38.2291  2.00563473 23542
GALAXY 30 (G-30)        
1 46114U 20056C   23243.53006185  .00000021  00000+0  00000+0 0  9992
2 46114   0.0210 148.5818 0002419  19.7121 236.9664  1.00269152 11164
COSMOS 2547             
1 46805U 20075A   23242.83442128  .00000045  00000+0  00000+0 0  9999
2 46805  64.6166 226.6548 0008645 244.0163 115.8864  2.13102895 22143
NAVSTAR 80 (USA 309)    
1 46826U 20078A   23242.92388206  .00000033  00000+0  00000+0 0  9998
2 46826  54.3145 252.2435 0035803 194.7006 344.0136  2.00562611 21028
NAVSTAR 81 (USA 319)    
1 48859U 21054A   23243.48091760 -.00000091  00000+0  00000+0 0  9994
2 48859  55.3381  13.3810 0011995 210.3278 192.7853  2.00573556 16279
QZS-1R                  
1 49336U 21096A   23223.74525463 -.00000331  00000+0  00000+0 0  9997
2 49336  35.3005  95.2790 0740332 268.7858 355.3268  1.00301615  6575
GSAT0223 (GALILEO 27)   
1 49809U 21116A   23242.74919050 -.00000091  00000+0  00000+0 0  9998
2 49809  57.2788   9.2233 0003324 173.7064 187.3256  1.70475677 10779
GSAT0224 (GALILEO 28)   
1 49810U 21116B   23242.56231280 -.00000091  00000+0  00000+0 0  9992
2 49810  57.2788   9.2266 0002905 161.9241 196.8995  1.70475698 10786
COSMOS 2557             
1 52984U 22075A   23242.52766978 -.00000073  00000+0  00000+0 0  9996
2 52984  64.7618 350.2497 0011637 275.9051  83.9831  2.13102166  8944
COSMOS 2559             
1 54031U 22130A   23241.53109804 -.00000072  00000+0  00000+0 0  9991
2 54031  64.7333 350.4122 0006939 215.5499 144.4229  2.13101421  6894
COSMOS 2564             
1 54377U 22161A   23242.66281228  .00000047  00000+0  00000+0 0  9995
2 54377  64.7573 226.7128 0011037 226.6667 133.2342  2.13102113  5866
NAVSTAR 82 (USA 343)    
1 55268U 23009A   23242.62287372  .00000005  00000+0  00000+0 0  9993
2 55268  55.0908 188.5988 0004337  91.8209  93.4009  2.00555855  4754
BEIDOU-3 G4             
1 56564U 23066A   23243.46990667 -.00000130  00000+0  00000+0 0  9997
2 56564   2.8550 288.8135 0007213 209.6845 170.0037  1.00272481  1172
IRNSS-1J (NVS-01)       
1 56759U 23076A   23243.49781295 -.00000356  00000+0  00000+0 0  9992
2 56759   4.7502 272.1350 0005511 332.6775  43.2442  1.00275350   975
