NAVSTAR 43 (USA 132)    
1 24876U 97035A   23260.55961270  .00000036  00000+0  00000+0 0  9996
2 24876  55.5899 137.8281 0073142  52.6333 308.1293  2.00564185191827
NAVSTAR 47 (USA 150)    
1 26360U 00025A   23260.44158828 -.00000025  00000+0  00000+0 0  9993
2 26360  54.4442  60.0659 0041611 199.8990 164.9465  2.00569929171147
NAVSTAR 51 (USA 166)    
1 27663U 03005A   23260.07319073  .00000030  00000+0  00000+0 0  9996
2 27663  55.2400 254.9033 0132262  44.7238  33.6258  2.00565324151171
NAVSTAR 52 (USA 168)    
1 27704U 03010A   23260.14304523 -.00000087  00000+0  00000+0 0  9993
2 27704  55.1154   4.8546 0249028 319.0314  28.4535  2.00575618149966
NAVSTAR 54 (USA 177)    
1 28190U 04009A   23260.25686819 -.00000042  00000+0  00000+0 0  9996
2 28190  55.6803 315.9560 0092758 139.2909 228.1126  2.00567002142812
NAVSTAR 56 (USA 180)    
1 28474U 04045A   23260.15621008 -.00000086  00000+0  00000+0 0  9997
2 28474  55.4429   5.1799 0162300 282.6362  67.3016  2.00555220138284
ANIK F1R                
1 28868U 05036A   23260.55392617 -.00000068  00000+0  00000+0 0  9990
2 28868   1.7197  88.8485 0002246  52.3807 307.1105  1.00272384 36383
NAVSTAR 57 (USA 183)    
1 28874U 05038A   23260.24953552 -.00000037  00000+0  00000+0 0  9992
2 28874  55.7315 313.4085 0139851 279.7116 104.2861  2.00574684131701
INMARSAT 4-F2           
1 28899U 05044A   23260.39648859  .00000017  00000+0  00000+0 0  9990
2 28899   3.8679  40.7350 0002618 145.8324  16.1499  1.00273026 65455
NAVSTAR 58 (USA 190)    
1 29486U 06042A   23260.51153803  .00000026  00000+0  00000+0 0  9996
2 29486  54.6834 191.1338 0103428  32.5149  82.1206  2.00569056124266
NAVSTAR 59 (USA 192)    
1 29601U 06052A   23260.27378302  .00000032  00000+0  00000+0 0  9999
2 29601  55.2613 253.8554 0083382  79.4148 281.5215  2.00550310123276
NAVSTAR 60 (USA 196)    
1 32260U 07047A   23260.08974086  .00000033  00000+0  00000+0 0  9990
2 32260  53.4702 121.6120 0151833  70.9551 290.7872  2.00550889116670
COSMOS 2433             
1 32275U 07052A   23260.17173818 -.00000063  00000+0  00000+0 0  9990
2 32275  66.0183 349.5093 0004129 223.8858 136.1319  2.13104208123663
COSMOS 2432             
1 32276U 07052B   23260.26477593 -.00000062  00000+0  00000+0 0  9997
2 32276  66.0327 349.6150 0008514 317.1096  61.3051  2.13103327123698
NAVSTAR 61 (USA 199)    
1 32384U 07062A   23260.50118899 -.00000038  00000+0  00000+0 0  9999
2 32384  55.8635 314.2216 0024766 151.1043 276.5460  2.00559503115380
COSMOS 2434             
1 32393U 07065A   23260.40219551  .00000045  00000+0  00000+0 0  9995
2 32393  64.3360 225.8615 0000557  69.9508 358.0820  2.13103104122384
COSMOS 2436             
1 32395U 07065C   23260.36829326  .00000045  00000+0  00000+0 0  9999
2 32395  64.3447 225.9245 0015877 353.8563 183.6704  2.13102789122335
NAVSTAR 62 (USA 201)    
1 32711U 08012A   23260.00342819  .00000022  00000+0  00000+0 0  9997
2 32711  54.4510 189.9820 0177609 235.9357 122.3722  2.00557682113612
NAVSTAR 64 (USA 206)    
1 35752U 09043A   23260.49249615 -.00000011  00000+0  00000+0 0  9992
2 35752  55.4454  67.1919 0058191  69.4145 300.3820  2.00557268103237
COSMOS 2456             
1 36111U 09070A   23258.88498536  .00000054  00000+0  00000+0 0  9996
2 36111  64.4950 105.4096 0001848 338.1285 164.9608  2.13099270107003
COSMOS 2457             
1 36112U 09070B   23258.78785272  .00000054  00000+0  00000+0 0  9992
2 36112  64.4789 105.2780 0006008 146.7165  52.7326  2.13101443107002
COSMOS 2460             
1 36402U 10007C   23258.76588176 -.00000067  00000+0  00000+0 0  9993
2 36402  65.8809 348.2695 0001562 190.7746 340.3458  2.13106417105309
NAVSTAR 65 (USA 213)    
1 36585U 10022A   23260.36008762  .00000033  00000+0  00000+0 0  9991
2 36585  54.5607 249.0606 0109623  59.6564 331.3140  2.00562665 97462
BEIDOU-2 IGSO-1         
1 36828U 10036A   23260.34275795 -.00000115  00000+0  00000+0 0  9998
2 36828  54.2346 172.0554 0036522 188.1895 225.2223  1.00249882 48144
QZS-1 (MICHIBIKI-1)     
1 37158U 10045A   23256.96160730 -.00000006  00000+0  00000+0 0  9999
2 37158  42.9684 127.4546 0002549  76.6089 281.5990  0.87715097 47564
BEIDOU-2 G4             
1 37210U 10057A   23260.52026686 -.00000106  00000+0  00000+0 0  9990
2 37210   1.2036  61.4146 0006309 154.1195 127.8856  1.00273694 47227
BEIDOU-2 IGSO-2         
1 37256U 10068A   23260.31569547 -.00000172  00000+0  00000+0 0  9990
2 37256  49.3868 284.1479 0032298 213.2410  80.5818  1.00280074 46726
BEIDOU-2 IGSO-3         
1 37384U 11013A   23260.34424369 -.00000162  00000+0  00000+0 0  9997
2 37384  60.9590  49.7702 0028297 175.3701   3.0284  1.00278739 45594
GSAT-8                  
1 37605U 11022A   23260.17971532  .00000089  00000+0  00000+0 0  9990
2 37605   0.0295  94.7625 0005522 150.8611 230.0189  1.00271149 43159
NAVSTAR 66 (USA 232)    
1 37753U 11036A   23260.28356747 -.00000083  00000+0  00000+0 0  9991
2 37753  56.7455  10.9661 0126994  56.3664   5.5298  2.00568765 89143
BEIDOU-2 IGSO-4         
1 37763U 11038A   23260.22641200 -.00000076  00000+0  00000+0 0  9991
2 37763  54.5085 174.5997 0111869 228.0034 130.3312  1.00271679 44578
GSAT0101 (GALILEO-PFM)  
1 37846U 11060A   23256.68209446 -.00000097  00000+0  00000+0 0  9998
2 37846  57.1105   9.0469 0001286  75.2562 284.7638  1.70476094 73940
GSAT0102 (GALILEO-FM2)  
1 37847U 11060B   23258.95748459 -.00000088  00000+0  00000+0 0  9993
2 37847  57.1115   8.9854 0001255 326.6780  36.0498  1.70475481 73995
COSMOS 2476             
1 37867U 11064A   23259.53312678  .00000054  00000+0  00000+0 0  9996
2 37867  64.7748 106.9192 0021184 231.5363 318.1934  2.13101799 92357
COSMOS 2477             
1 37868U 11064B   23260.26529000  .00000052  00000+0  00000+0 0  9996
2 37868  64.7823 106.9640 0018399 231.7213 337.5781  2.13101677 92361
COSMOS 2475             
1 37869U 11064C   23260.27935618  .00000052  00000+0  00000+0 0  9994
2 37869  64.7895 106.9758 0022462 250.1427 288.4415  2.13102028 92379
BEIDOU-2 IGSO-5         
1 37948U 11073A   23260.41852640 -.00000124  00000+0  00000+0 0  9992
2 37948  49.5121 283.8153 0095055 220.7263  98.0758  1.00269895 43061
LUCH-5A                 
1 37951U 11074B   23260.57616267 -.00000039  00000+0  00000+0 0  9992
2 37951   6.1742  89.4636 0004449  73.7031 207.5366  1.00269717 42980
BEIDOU-2 G5             
1 38091U 12008A   23260.18049852  .00000061  00000+0  00000+0 0  9997
2 38091   1.7380  68.5984 0003530 174.5377 236.5044  1.00277047 42308
BEIDOU-2 M3             
1 38250U 12018A   23260.08535665 -.00000077  00000+0  00000+0 0  9994
2 38250  56.5040 338.4526 0023904 255.9641 103.8325  1.86231250 77241
BEIDOU-2 M4             
1 38251U 12018B   23260.01674194 -.00000077  00000+0  00000+0 0  9999
2 38251  56.4146 337.7470 0014781 255.8023 104.0964  1.86231956 77249
SES-5                   
1 38652U 12036A   23259.95479943  .00000038  00000+0  00000+0 0  9996
2 38652   0.0552 310.6823 0001874 221.9778 171.6908  1.00272343 34413
BEIDOU-2 M6             
1 38775U 12050B   23259.18968416  .00000030  00000+0  00000+0 0  9993
2 38775  55.6999  96.3696 0011329 340.2504  19.7902  1.86231324 74940
GSAT-10                 
1 38779U 12051B   23260.55743625 -.00000160  00000+0  00000+0 0  9999
2 38779   0.0279 249.1436 0002104 355.4298  35.3486  1.00273349 40053
NAVSTAR 67 (USA 239)    
1 38833U 12053A   23260.18004147  .00000022  00000+0  00000+0 0  9996
2 38833  53.5119 184.6683 0142832  52.1882 309.1102  2.00567458 79305
GSAT0103 (GALILEO-FM3)  
1 38857U 12055A   23259.65425881  .00000036  00000+0  00000+0 0  9991
2 38857  55.2864 129.1541 0002506 261.6696  98.4147  1.70473782 67886
GSAT0104 (GALILEO-FM4)  
1 38858U 12055B   23258.45052893  .00000030  00000+0  00000+0 0  9992
2 38858  55.2862 129.1888 0000416 156.6028 203.5104  1.70474060 67869
BEIDOU-2 G6             
1 38953U 12059A   23260.55743625 -.00000170  00000+0  00000+0 0  9992
2 38953   1.8568  81.8718 0007430 311.6661 247.3690  1.00275124 39846
LUCH-5B                 
1 38977U 12061A   23260.23452028 -.00000127  00000+0  00000+0 0  9992
2 38977   8.2824  59.0087 0005697 113.2907 251.7772  1.00272815 39558
COSMOS 2485             
1 39155U 13019A   23260.16634587  .00000053  00000+0  00000+0 0  9996
2 39155  64.9352 107.4242 0021711 227.4046 132.5025  2.13101970 80887
NAVSTAR 68 (USA 242)    
1 39166U 13023A   23260.04256734 -.00000032  00000+0  00000+0 0  9992
2 39166  55.3467 309.6073 0114444  41.6636 319.2771  2.00564327 75741
IRNSS-1A                
1 39199U 13034A   23252.08242812  .00000073  00000+0  00000+0 0  9991
2 39199  33.4344  78.6203 0020346 176.5021 177.7262  1.00280977 37216
NAVSTAR 69 (USA 248)    
1 39533U 14008A   23260.04174924  .00000021  00000+0  00000+0 0  9991
2 39533  53.5989 190.2334 0067158 215.6944 143.8597  2.00552446 69543
ASTRA 5B                
1 39617U 14011B   23260.27271468  .00000142  00000+0  00000+0 0  9998
2 39617   0.0720 310.3997 0003407 250.8620 276.3609  1.00273872 34602
COSMOS 2492             
1 39620U 14012A   23259.65254675 -.00000063  00000+0  00000+0 0  9997
2 39620  65.7641 347.8566 0011643 314.6502  45.3067  2.13103232 73839
IRNSS-1B                
1 39635U 14017A   23259.06577156  .00000107  00000+0  00000+0 0  9993
2 39635  28.6840 257.4673 0019427 190.5026 345.5315  1.00269100 34716
LUCH-5V                 
1 39727U 14023A   23260.55188174 -.00000263  00000+0  00000+0 0  9990
2 39727   2.6055  77.2027 0003068 136.2769  76.0743  1.00277083 34297
NAVSTAR 70 (USA 251)    
1 39741U 14026A   23260.32324372 -.00000083  00000+0  00000+0 0  9996
2 39741  56.6978  10.4867 0029343 310.4320  49.3319  2.00556345 68404
COSMOS 2500             
1 40001U 14032A   23258.42790651 -.00000068  00000+0  00000+0 0  9992
2 40001  65.7026 347.7243 0008219 201.0830 158.9311  2.13106018 72028
NAVSTAR 71 (USA 256)    
1 40105U 14045A   23259.90738247  .00000037  00000+0  00000+0 0  9993
2 40105  54.8170 128.5697 0026343 113.6828 246.6958  2.00547957 65934
GSAT0201 (GALILEO 5)    
1 40128U 14050A   23260.27885464 -.00000055  00000+0  00000+0 0  9991
2 40128  49.9237 314.0494 1608462 140.8665 231.9621  1.85519334 59695
GSAT0202 (GALILEO 6)    
1 40129U 14050B   23258.92121653 -.00000056  00000+0  00000+0 0  9995
2 40129  49.9441 313.1754 1606444 141.6257 230.9908  1.85520052 61808
IRNSS-1C                
1 40269U 14061A   23260.07896875 -.00000154  00000+0  00000+0 0  9995
2 40269   3.9934 112.3130 0019713  19.3736 335.4240  1.00268684 32610
NAVSTAR 72 (USA 258)    
1 40294U 14068A   23259.78616512 -.00000006  00000+0  00000+0 0  9990
2 40294  56.1887  69.9722 0049130  62.2712 298.2611  2.00572684 65068
COSMOS 2501             
1 40315U 14075A   23260.08567142  .00000041  00000+0  00000+0 0  9999
2 40315  63.6395 225.2151 0019813 210.9932 148.8677  2.13101342 68454
NAVSTAR 73 (USA 260)    
1 40534U 15013A   23259.92306841  .00000027  00000+0  00000+0 0  9997
2 40534  53.4595 245.7682 0080994  25.4490 334.9318  2.00553892 61683
GSAT0203 (GALILEO 7)    
1 40544U 15017A   23259.98103701 -.00000085  00000+0  00000+0 0  9993
2 40544  56.9063   8.9289 0003241 227.1858 132.8032  1.70476798 52080
GSAT0204 (GALILEO 8)    
1 40545U 15017B   23260.23472082 -.00000084  00000+0  00000+0 0  9994
2 40545  56.9124   8.9365 0003811 213.2825 146.7106  1.70475754 15139
IRNSS-1D                
1 40547U 15018A   23260.40614809 -.00000276  00000+0  00000+0 0  9994
2 40547  28.0478 257.4133 0019599 190.0000 166.6422  1.00270173 30910
BEIDOU-3S IGSO-1S       
1 40549U 15019A   23259.95466510 -.00000133  00000+0  00000+0 0  9991
2 40549  51.0774 307.4241 0040790 196.4253 288.3068  1.00254021 31003
NAVSTAR 74 (USA 262)    
1 40730U 15033A   23260.08486207 -.00000031  00000+0  00000+0 0  9997
2 40730  54.8349 308.2136 0085624  13.9453 346.3635  2.00554667 59854
BEIDOU-3S M2S           
1 40748U 15037A   23260.21936467 -.00000076  00000+0  00000+0 0  9992
2 40748  55.6546 336.3317 0011745 242.5661 117.3784  1.86233294 55421
BEIDOU-3S M1S           
1 40749U 15037B   23260.48948639 -.00000075  00000+0  00000+0 0  9995
2 40749  55.6574 336.3087 0003642 297.4555  62.5716  1.86232982 55435
GSAT0205 (GALILEO 9)    
1 40889U 15045A   23260.00262799  .00000035  00000+0  00000+0 0  9998
2 40889  55.3581 249.3461 0003570 358.8134   1.1672  1.70473295 49899
GSAT0206 (GALILEO 10)   
1 40890U 15045B   23260.22331045  .00000036  00000+0  00000+0 0  9996
2 40890  55.3566 249.3354 0002471 327.3113  32.6546  1.70473359 49926
BEIDOU-3S IGSO-2S       
1 40938U 15053A   23260.37773130 -.00000108  00000+0  00000+0 0  9990
2 40938  50.7915 270.5928 0047698 194.8660 122.9471  1.00280534 29284
NAVSTAR 75 (USA 265)    
1 41019U 15062A   23260.13708871 -.00000006  00000+0  00000+0 0  9992
2 41019  56.1725  69.8088 0089675 221.0644 138.2908  2.00562322 57696
GSAT-15                 
1 41028U 15065A   23260.58103215 -.00000253  00000+0  00000+0 0  9999
2 41028   0.0310 256.5863 0002025 259.6209 142.7150  1.00271368 28736
GSAT0209 (GALILEO 12)   
1 41174U 15079A   23259.22192871  .00000034  00000+0  00000+0 0  9997
2 41174  55.3040 128.8730 0002736 336.2074  23.8928  1.70474106 48226
GSAT0208 (GALILEO 11)   
1 41175U 15079B   23259.44155415  .00000035  00000+0  00000+0 0  9996
2 41175  55.3026 128.8651 0002198 346.7917  13.3155  1.70474070 48065
IRNSS-1E                
1 41241U 16003A   23260.40614809 -.00000275  00000+0  00000+0 0  9990
2 41241  31.0066  77.5963 0020757 176.1171   0.4331  1.00270496 28013
NAVSTAR 76 (USA 266)    
1 41328U 16007A   23259.72970466  .00000037  00000+0  00000+0 0  9992
2 41328  55.0207 129.3579 0071521 233.7517 125.6859  2.00575083 55690
COSMOS 2514             
1 41330U 16008A   23259.59782068 -.00000063  00000+0  00000+0 0  9990
2 41330  65.4995 347.2632 0012021 209.2312 150.7538  2.13102731 59219
IRNSS-1F                
1 41384U 16015A   23260.24689676  .00000166  00000+0  00000+0 0  9995
2 41384   2.9588 129.2128 0018843 176.7705 171.0289  1.00274781 27597
BEIDOU-2 IGSO-6         
1 41434U 16021A   23260.33537949 -.00000141  00000+0  00000+0 0  9997
2 41434  58.7733  48.1347 0047843 218.1984 307.0930  1.00280777 27415
IRNSS-1G                
1 41469U 16027A   23260.33792240 -.00000328  00000+0  00000+0 0  9995
2 41469   2.8491 130.8487 0002414   0.9594 115.3950  1.00272770 27110
GSAT0211 (GALILEO 14)   
1 41549U 16030A   23260.14899020  .00000036  00000+0  00000+0 0  9996
2 41549  55.5042 249.3193 0003964 309.3487  50.5975  1.70473449 45552
GSAT0210 (GALILEO 13)   
1 41550U 16030B   23259.26733848  .00000034  00000+0  00000+0 0  9992
2 41550  55.5041 249.3446 0004164 277.6036  82.3320  1.70473564 45537
COSMOS 2516             
1 41554U 16032A   23259.71215763  .00000038  00000+0  00000+0 0  9993
2 41554  63.8659 225.6324 0015361 214.3359 145.5419  2.13106459 56826
BEIDOU-2 G7             
1 41586U 16037A   23260.54901170 -.00000347  00000+0  00000+0 0  9994
2 41586   1.8998  68.5839 0006679 343.9309 251.7273  1.00264368 26723
EUTELSAT 117 WEST B     
1 41589U 16038B   23260.35401720 -.00000006  00000+0  00000+0 0  9995
2 41589   0.0302  30.6276 0000079  74.5485 261.3062  1.00271548 26597
GSAT0207 (GALILEO 15)   
1 41859U 16069A   23258.34260457  .00000029  00000+0  00000+0 0  9999
2 41859  54.9663 128.9662 0002376 315.7285  44.3635  1.70474061 42253
GSAT0212 (GALILEO 16)   
1 41860U 16069B   23258.78382113  .00000031  00000+0  00000+0 0  9996
2 41860  54.9642 128.9509 0002120   2.4495 357.6635  1.70474283 42517
GSAT0213 (GALILEO 17)   
1 41861U 16069C   23259.73657384  .00000036  00000+0  00000+0 0  9993
2 41861  54.9670 128.9305 0002185 274.4242  85.6635  1.70472991 42393
GSAT0214 (GALILEO 18)   
1 41862U 16069D   23259.88383703  .00000036  00000+0  00000+0 0  9991
2 41862  54.9652 128.9203 0001235 281.3041  78.7946  1.70472536 42528
SES-15                  
1 42709U 17026A   23260.29874875  .00000064  00000+0  00000+0 0  9999
2 42709   0.0332  36.6130 0000933 123.3771 174.3984  1.00278524 24078
QZS-2 (MICHIBIKI-2)     
1 42738U 17028A   23260.47213458 -.00000141  00000+0  00000+0 0  9994
2 42738  41.0237 257.6781 0750210 270.2575 138.8560  1.00261519 23081
QZS-3 (MICHIBIKI-3)     
1 42917U 17048A   23260.55240559 -.00000342  00000+0  00000+0 0  9999
2 42917   0.0533 176.3686 0001664   6.3360 139.3679  1.00276961 22192
COSMOS 2522             
1 42939U 17055A   23259.43949265  .00000035  00000+0  00000+0 0  9994
2 42939  64.1000 226.1706 0009492 243.3346 116.5449  2.13102035 46561
QZS-4 (MICHIBIKI-4)     
1 42965U 17062A   23258.54014258 -.00000315  00000+0  00000+0 0  9999
2 42965  40.6313 356.3040 0749101 269.4942  62.4979  1.00278298 21720
BEIDOU-3 M1             
1 43001U 17069A   23259.49295605  .00000030  00000+0  00000+0 0  9993
2 43001  55.8513  96.4203 0007457 300.7730  59.2368  1.86231726 39892
BEIDOU-3 M2             
1 43002U 17069B   23259.96666415  .00000030  00000+0  00000+0 0  9997
2 43002  55.8512  96.4401 0005881 334.6941  25.3585  1.86231223 39898
GSAT0215 (GALILEO 19)   
1 43055U 17079A   23260.37231853  .00000037  00000+0  00000+0 0  9994
2 43055  55.4805 249.1389 0003670 271.7954  88.1435  1.70474037 35878
GSAT0216 (GALILEO 20)   
1 43056U 17079B   23260.07764424  .00000036  00000+0  00000+0 0  9996
2 43056  55.4814 249.1469 0005215 278.3312  81.5907  1.70474179 35885
GSAT0217 (GALILEO 21)   
1 43057U 17079C   23257.95167616  .00000032  00000+0  00000+0 0  9996
2 43057  55.4803 249.2044 0004643 286.7869  73.1493  1.70474237 35835
GSAT0218 (GALILEO 22)   
1 43058U 17079D   23257.58514833  .00000032  00000+0  00000+0 0  9993
2 43058  55.4805 249.2121 0005718 273.6253  86.2981  1.70474203 35852
BEIDOU-3 M7             
1 43107U 18003A   23259.71743303 -.00000079  00000+0  00000+0 0  9991
2 43107  55.1111 337.0599 0003248  77.6790 282.4194  1.86232561 38645
BEIDOU-3 M8             
1 43108U 18003B   23259.65563735 -.00000079  00000+0  00000+0 0  9994
2 43108  55.1042 337.0488 0004240 244.9679 115.0502  1.86231024 38652
BEIDOU-3 M4             
1 43207U 18018A   23260.09791900  .00000029  00000+0  00000+0 0  9991
2 43207  55.8104  96.4985 0004626  17.1527 342.9438  1.86231636 38047
BEIDOU-3 M3             
1 43208U 18018B   23258.01678243  .00000032  00000+0  00000+0 0  9999
2 43208  55.8085  96.5724 0005521 319.7345  40.3131  1.86231620 38000
BEIDOU-3 M9             
1 43245U 18029A   23259.85040990 -.00000076  00000+0  00000+0 0  9996
2 43245  55.0049 334.7885 0001487 221.3952 138.6582  1.86232845 37197
BEIDOU-3 M10            
1 43246U 18029B   23259.78042521 -.00000076  00000+0  00000+0 0  9991
2 43246  55.0022 334.8190 0002743 351.0147   9.0450  1.86233045 37178
IRNSS-1I                
1 43286U 18035A   23260.10809573  .00000110  00000+0  00000+0 0  9996
2 43286  29.2781  89.9876 0019687 176.6487 183.1851  1.00276396 20004
COSMOS 2527             
1 43508U 18053A   23259.39827461  .00000055  00000+0  00000+0 0  9996
2 43508  65.0962 107.5451 0007373 216.4700 143.5733  2.13102472 40869
BEIDOU-2 IGSO-7         
1 43539U 18057A   23259.65658000 -.00000133  00000+0  00000+0 0  9992
2 43539  55.1189 171.7519 0064082 230.9648 302.6639  1.00280184 19078
GSAT0221 (GALILEO 25)   
1 43564U 18060A   23259.83127371 -.00000085  00000+0  00000+0 0  9992
2 43564  57.2861   8.8642 0002955 251.6027 108.3809  1.70476287 32045
GSAT0222 (GALILEO 26)   
1 43565U 18060B   23257.70302799 -.00000093  00000+0  00000+0 0  9995
2 43565  57.2899   8.9228 0003656 214.2499 145.7353  1.70476061 32055
GSAT0219 (GALILEO 23)   
1 43566U 18060C   23257.33875870 -.00000094  00000+0  00000+0 0  9991
2 43566  57.2891   8.9347 0002140 255.3408 104.6431  1.70476322 32021
GSAT0220 (GALILEO 24)   
1 43567U 18060D   23259.90552650 -.00000085  00000+0  00000+0 0  9995
2 43567  57.2891   8.8663 0002461 252.1415 107.8477  1.70476245 32053
BEIDOU-3 M5             
1 43581U 18062A   23259.46367047  .00000022  00000+0  00000+0 0  9998
2 43581  54.1757 216.4993 0004994 284.2433  75.6651  1.86232006 34924
BEIDOU-3 M6             
1 43582U 18062B   23259.86668293  .00000026  00000+0  00000+0 0  9994
2 43582  54.1752 216.4751 0005278 359.4105   0.5544  1.86229849 34939
BEIDOU-3 M12            
1 43602U 18067A   23259.80286875  .00000025  00000+0  00000+0 0  9997
2 43602  54.2628 215.1336 0007120  13.6865 346.2986  1.86231557 34412
BEIDOU-3 M11            
1 43603U 18067B   23259.93669628  .00000027  00000+0  00000+0 0  9995
2 43603  54.2598 215.0947 0004199 359.0502   0.9155  1.86231517 34445
BEIDOU-3 M13            
1 43622U 18072A   23259.89565511  .00000029  00000+0  00000+0 0  9995
2 43622  55.7802  96.0447 0004217 296.9701  63.0679  1.86231648 33954
BEIDOU-3 M14            
1 43623U 18072B   23259.22416363  .00000030  00000+0  00000+0 0  9995
2 43623  55.7814  96.0598 0002790 349.9977  10.0806  1.86231677 33948
BEIDOU-3 M16            
1 43647U 18078A   23259.38686896 -.00000077  00000+0  00000+0 0  9996
2 43647  54.9012 334.9254 0005911   7.2190 352.8535  1.86227391 33446
BEIDOU-3 M15            
1 43648U 18078B   23258.98021018 -.00000079  00000+0  00000+0 0  9993
2 43648  54.8970 334.9433 0002756  18.2489 341.8243  1.86232375 33469
BEIDOU-3 G1             
1 43683U 18085A   23260.39304191 -.00000271  00000+0  00000+0 0  9998
2 43683   1.5404 123.5153 0003016 352.1577 161.9607  1.00274870 17995
COSMOS 2529             
1 43687U 18086A   23259.96674566  .00000041  00000+0  00000+0 0  9994
2 43687  64.3153 226.5915 0011153 262.7711  97.0800  2.13102076 37881
BEIDOU-3 M17            
1 43706U 18093A   23260.20202742  .00000030  00000+0  00000+0 0  9994
2 43706  54.2580 216.3924 0010073 282.1280  77.7263  1.86232090 32847
BEIDOU-3 M18            
1 43707U 18093B   23260.06813466  .00000029  00000+0  00000+0 0  9998
2 43707  54.2588 216.3885 0008440 307.7069  52.1830  1.86229923 32833
NAVSTAR 77 (USA 289)    
1 43873U 18109A   23260.11152821  .00000037  00000+0  00000+0 0  9996
2 43873  55.1961 131.8607 0025845 190.5575 340.2967  2.00569458 34935
BEIDOU-3 IGSO-1         
1 44204U 19023A   23260.22668567 -.00000195  00000+0  00000+0 0  9998
2 44204  57.2397  48.1086 0023892 195.1441 314.1974  1.00278987 16272
BEIDOU-2 G8             
1 44231U 19027A   23260.51049954 -.00000242  00000+0  00000+0 0  9990
2 44231   1.9869  81.0627 0006606 132.2810 111.0841  1.00268022 16013
COSMOS 2534             
1 44299U 19030A   23260.49118459  .00000047  00000+0  00000+0 0  9994
2 44299  64.3878 226.5012 0013333 282.0167 254.4444  2.13101991 33531
BEIDOU-3 IGSO-2         
1 44337U 19035A   23259.40125659 -.00000134  00000+0  00000+0 0  9999
2 44337  55.1520 167.6869 0032828 196.5042 255.0677  1.00271182 15598
NAVSTAR 78 (USA 293)    
1 44506U 19056A   23260.45620354 -.00000083  00000+0  00000+0 0  9992
2 44506  55.8228  10.9227 0037333 185.7204 133.4091  2.00565990 29938
BEIDOU-3 M24            
1 44542U 19061A   23260.13974959  .00000030  00000+0  00000+0 0  9997
2 44542  54.4853 216.6266 0008467 341.9562  17.9804  1.86231549 27090
BEIDOU-3 M23            
1 44543U 19061B   23260.52402994  .00000034  00000+0  00000+0 0  9990
2 44543  54.4837 216.5831 0005915 326.6337 202.8546  1.86231922 27100
BEIDOU-3 IGSO-3         
1 44709U 19073A   23259.49006857 -.00000147  00000+0  00000+0 0  9995
2 44709  56.5139 291.6232 0035255 190.2500 169.7648  1.00278476 14389
BEIDOU-3 M22            
1 44793U 19078A   23259.98517174 -.00000076  00000+0  00000+0 0  9997
2 44793  54.7492 334.8705 0004761  16.0265 344.0531  1.86232326 25941
BEIDOU-3 M21            
1 44794U 19078B   23259.57875938 -.00000077  00000+0  00000+0 0  9999
2 44794  54.7232 334.8663 0002740   4.3399 355.7266  1.86232765 25941
COSMOS 2544             
1 44850U 19088A   23259.34201610  .00000055  00000+0  00000+0 0  9993
2 44850  65.0822 107.3896 0011206 250.6864 109.2858  2.13102243 29306
BEIDOU-3 M19            
1 44864U 19090A   23259.71708264  .00000030  00000+0  00000+0 0  9992
2 44864  55.7143  96.2372 0015277 275.1193  11.4574  1.86231964 25528
BEIDOU-3 M20            
1 44865U 19090B   23259.74345645  .00000030  00000+0  00000+0 0  9996
2 44865  55.7160  96.2691 0013101 290.5006 103.5414  1.86231912 25518
BEIDOU-3 G2             
1 45344U 20017A   23260.54300715 -.00000135  00000+0  00000+0 0  9996
2 45344   2.0560  16.8246 0003130 161.0370  93.8883  1.00271943 13197
COSMOS 2545             
1 45358U 20018A   23259.06953438 -.00000067  00000+0  00000+0 0  9997
2 45358  64.8399 347.5166 0010349 238.3396 121.6096  2.13102635 27242
BEIDOU-3 G3             
1 45807U 20040A   23260.58341243 -.00000348  00000+0  00000+0 0  9997
2 45807   0.6064 346.3610 0005974 328.3122   2.1774  1.00269162 12002
NAVSTAR 79 (USA 304)    
1 45854U 20041A   23260.53007795 -.00000008  00000+0  00000+0 0  9999
2 45854  55.8944  68.2033 0036701 186.5119 129.2546  2.00563330 23908
GALAXY 30 (G-30)        
1 46114U 20056C   23260.56956868  .00000043  00000+0  00000+0 0  9990
2 46114   0.0202 170.4194 0002169   5.0923 260.7786  1.00271831 11220
COSMOS 2547             
1 46805U 20075A   23260.19693954  .00000044  00000+0  00000+0 0  9992
2 46805  64.6153 226.0711 0008320 244.0008 115.8920  2.13102909 22513
NAVSTAR 80 (USA 309)    
1 46826U 20078A   23260.37589025  .00000031  00000+0  00000+0 0  9997
2 46826  54.3069 251.5345 0036153 195.0264 344.9420  2.00562860 21373
NAVSTAR 81 (USA 319)    
1 48859U 21054A   23260.38668056 -.00000083  00000+0  00000+0 0  9991
2 48859  55.3406  12.7049 0012579 212.2789 158.2043  2.00573079 16628
QZS-1R                  
1 49336U 21096A   23260.26107199 -.00000217  00000+0  00000+0 0  9990
2 49336  35.3777  94.7173 0743923 269.5488 219.7054  1.00289061  6944
GSAT0223 (GALILEO 27)   
1 49809U 21116A   23259.75952712 -.00000085  00000+0  00000+0 0  9992
2 49809  57.2805   8.7662 0003567 184.7413 175.9291  1.70476415 11064
GSAT0224 (GALILEO 28)   
1 49810U 21116B   23260.16048331 -.00000084  00000+0  00000+0 0  9993
2 49810  57.2808   8.7537 0002873 176.7344 182.4953  1.70476406 11083
COSMOS 2557             
1 52984U 22075A   23258.48256362 -.00000071  00000+0  00000+0 0  9997
2 52984  64.7571 349.6949 0012138 275.2883  84.6182  2.13102412  9288
COSMOS 2559             
1 54031U 22130A   23260.30163224 -.00000064  00000+0  00000+0 0  9994
2 54031  64.7279 349.7588 0007355 218.9461 141.0510  2.13101601  7290
COSMOS 2564             
1 54377U 22161A   23260.02539842  .00000042  00000+0  00000+0 0  9998
2 54377  64.7561 226.1321 0010603 225.8876 134.0033  2.13102198  6234
NAVSTAR 82 (USA 343)    
1 55268U 23009A   23256.08302088 -.00000024  00000+0  00000+0 0  9992
2 55268  55.0881 188.0713 0004460  90.9394  92.8330  2.00555282  5022
BEIDOU-3 G4             
1 56564U 23066A   23260.59084414 -.00000108  00000+0  00000+0 0  9999
2 56564   2.8143 288.7440 0006737 214.6290 225.6197  1.00272984  1338
IRNSS-1J (NVS-01)       
1 56759U 23076A   23260.38174378 -.00000337  00000+0  00000+0 0  9996
2 56759   4.7089 271.8255 0006193 336.0280  15.0721  1.00268033  1047
