NAVSTAR 43 (USA 132)    
1 24876U 97035A   23246.10079369  .00000005  00000+0  00000+0 0  9996
2 24876  55.5868 138.3931 0072497  52.3019 308.4230  2.00563970191534
NAVSTAR 47 (USA 150)    
1 26360U 00025A   23246.22823498 -.00000050  00000+0  00000+0 0  9993
2 26360  54.4317  60.6473 0041459 199.2254 342.4907  2.00570763170854
NAVSTAR 51 (USA 166)    
1 27663U 03005A   23246.50108809  .00000023  00000+0  00000+0 0  9993
2 27663  55.2465 255.4433 0131841  44.6803 313.8051  2.00566022150899
NAVSTAR 52 (USA 168)    
1 27704U 03010A   23246.22992410 -.00000103  00000+0  00000+0 0  9993
2 27704  55.1156   5.4157 0248659 318.7134  62.2394  2.00574738149699
NAVSTAR 54 (USA 177)    
1 28190U 04009A   23246.35059889 -.00000073  00000+0  00000+0 0  9996
2 28190  55.6910 316.5090 0092917 138.6395 267.5889  2.00567256142538
NAVSTAR 56 (USA 180)    
1 28474U 04045A   23246.14796612 -.00000102  00000+0  00000+0 0  9993
2 28474  55.4425   5.7400 0162256 282.5146  32.8069  2.00579806138005
ANIK F1R                
1 28868U 05036A   23246.56679245 -.00000087  00000+0  00000+0 0  9991
2 28868   1.6857  89.0623 0002398  50.8629 299.2411  1.00271841 36248
NAVSTAR 57 (USA 183)    
1 28874U 05038A   23246.32733900 -.00000069  00000+0  00000+0 0  9993
2 28874  55.7424 313.9619 0139525 279.4945 131.4277  2.00575462131422
INMARSAT 4-F2           
1 28899U 05044A   23246.56626806 -.00000002  00000+0  00000+0 0  9996
2 28899   3.8582  40.6828 0002850 134.8141  74.6902  1.00271055 65313
NAVSTAR 58 (USA 190)    
1 29486U 06042A   23245.88739366  .00000026  00000+0  00000+0 0  9993
2 29486  54.6853 191.7130 0103088  32.0102 322.8983  2.00569786123961
NAVSTAR 59 (USA 192)    
1 29601U 06052A   23246.31263222  .00000023  00000+0  00000+0 0  9992
2 29601  55.2673 254.4098 0083259  79.3958 281.5569  2.00549484122993
NAVSTAR 60 (USA 196)    
1 32260U 07047A   23246.12872780 -.00000004  00000+0  00000+0 0  9996
2 32260  53.4641 122.1910 0151324  70.5940 291.1210  2.00551440116392
COSMOS 2433             
1 32275U 07052A   23245.15543617 -.00000077  00000+0  00000+0 0  9994
2 32275  66.0227 350.0079 0003657 217.4760 142.5253  2.13104052123349
COSMOS 2432             
1 32276U 07052B   23245.73917767 -.00000079  00000+0  00000+0 0  9992
2 32276  66.0367 350.0972 0008139 320.8763  74.0201  2.13103168123382
NAVSTAR 61 (USA 199)    
1 32384U 07062A   23246.44540309 -.00000071  00000+0  00000+0 0  9998
2 32384  55.8742 314.7781 0024898 150.2379 208.6897  2.00558652115091
COSMOS 2434             
1 32393U 07065A   23246.38312212  .00000051  00000+0  00000+0 0  9991
2 32393  64.3373 226.3377 0000172  90.5135  22.4972  2.13103048122082
COSMOS 2436             
1 32395U 07065C   23245.83353568  .00000047  00000+0  00000+0 0  9996
2 32395  64.3461 226.4182 0015704 352.4307 194.4733  2.13102755122028
NAVSTAR 62 (USA 201)    
1 32711U 08012A   23246.04280085  .00000025  00000+0  00000+0 0  9994
2 32711  54.4525 190.5383 0177525 235.8386 122.4476  2.00557173113339
NAVSTAR 64 (USA 206)    
1 35752U 09043A   23246.30431948 -.00000040  00000+0  00000+0 0  9990
2 35752  55.4326  67.7582 0058392  68.9535 136.5786  2.00557936102946
COSMOS 2456             
1 36111U 09070A   23245.97293390  .00000012  00000+0  00000+0 0  9997
2 36111  64.4895 105.8531 0002235 333.1409 344.3891  2.13099180106729
COSMOS 2457             
1 36112U 09070B   23246.58856476  .00000004  00000+0  00000+0 0  9997
2 36112  64.4734 105.6973 0005610 147.7827  52.8119  2.13101359106741
COSMOS 2460             
1 36402U 10007C   23246.00019243 -.00000080  00000+0  00000+0 0  9996
2 36402  65.8849 348.6955 0001505 170.0313 287.5647  2.13106227105035
NAVSTAR 65 (USA 213)    
1 36585U 10022A   23246.40001709  .00000026  00000+0  00000+0 0  9996
2 36585  54.5665 249.6243 0109163  59.6697 331.4442  2.00561873 97180
BEIDOU-2 IGSO-1         
1 36828U 10036A   23246.31625347 -.00000138  00000+0  00000+0 0  9996
2 36828  54.2368 172.1814 0036842 189.2061 201.8185  1.00253460 48009
QZS-1 (MICHIBIKI-1)     
1 37158U 10045A   23235.98548465 -.00000031  00000+0  00000+0 0  9991
2 37158  42.8909 127.5505 0036254  12.7354 203.3381  0.88330244 47378
BEIDOU-2 G4             
1 37210U 10057A   23246.58382924 -.00000126  00000+0  00000+0 0  9992
2 37210   1.1743  60.8399 0006067 151.7640 139.9455  1.00271105 47081
BEIDOU-2 IGSO-2         
1 37256U 10068A   23246.49754336 -.00000189  00000+0  00000+0 0  9993
2 37256  49.4089 284.3141 0032596 212.0862 133.0400  1.00284111 46580
BEIDOU-2 IGSO-3         
1 37384U 11013A   23246.26604038 -.00000176  00000+0  00000+0 0  9990
2 37384  60.9385  49.9033 0027918 173.9298 322.0917  1.00281786 45457
GSAT-8                  
1 37605U 11022A   23246.56444057  .00000071  00000+0  00000+0 0  9995
2 37605   0.0156 145.5929 0004924 102.8659 352.2325  1.00270051 43016
NAVSTAR 66 (USA 232)    
1 37753U 11036A   23246.20987976 -.00000097  00000+0  00000+0 0  9996
2 37753  56.7438  11.5110 0127112  56.3195 283.4955  2.00568443 88859
BEIDOU-2 IGSO-4         
1 37763U 11038A   23245.87091226 -.00000096  00000+0  00000+0 0  9994
2 37763  54.5108 174.7269 0112216 228.1544 347.9583  1.00274124 44431
GSAT0101 (GALILEO-PFM)  
1 37846U 11060A   23244.95040014 -.00000098  00000+0  00000+0 0  9990
2 37846  57.1095   9.3639 0001797  75.8015 284.2161  1.70475793 73745
GSAT0102 (GALILEO-FM2)  
1 37847U 11060B   23246.05460233 -.00000101  00000+0  00000+0 0  9998
2 37847  57.1103   9.3339 0001202 349.8728  14.0942  1.70475212 73774
COSMOS 2476             
1 37867U 11064A   23246.33629515  .00000008  00000+0  00000+0 0  9990
2 37867  64.7694 107.3675 0021249 232.6656 272.9222  2.13101712 92078
COSMOS 2477             
1 37868U 11064B   23246.21240532  .00000010  00000+0  00000+0 0  9999
2 37868  64.7765 107.4411 0018463 233.1046 355.3249  2.13101613 92064
COSMOS 2475             
1 37869U 11064C   23245.92747610  .00000014  00000+0  00000+0 0  9990
2 37869  64.7836 107.4631 0022658 251.2336  77.0847  2.13101987 92068
BEIDOU-2 IGSO-5         
1 37948U 11073A   23246.54684226 -.00000142  00000+0  00000+0 0  9993
2 37948  49.5341 283.9814 0095229 220.2907 131.0285  1.00272670 42925
LUCH-5A                 
1 37951U 11074B   23246.59568264 -.00000059  00000+0  00000+0 0  9993
2 37951   6.1410  89.7095 0004848  61.5268 212.7373  1.00274210 42849
BEIDOU-2 G5             
1 38091U 12008A   23246.56522378  .00000044  00000+0  00000+0 0  9993
2 38091   1.7076  68.4230 0003079 170.1030   6.0394  1.00272231 42161
BEIDOU-2 M3             
1 38250U 12018A   23246.12447128 -.00000103  00000+0  00000+0 0  9999
2 38250  56.5118 338.9156 0023373 255.3855 104.3963  1.86231053 76987
BEIDOU-2 M4             
1 38251U 12018B   23245.51896078 -.00000099  00000+0  00000+0 0  9998
2 38251  56.4228 338.2288 0014206 254.9138 104.9708  1.86231732 76978
SES-5                   
1 38652U 12036A   23246.55452000  .00000020  00000+0  00000+0 0  9994
2 38652   0.0234 281.0474 0002118 248.8930  17.0760  1.00270606 34287
BEIDOU-2 M6             
1 38775U 12050B   23246.30282535 -.00000015  00000+0  00000+0 0  9998
2 38775  55.6897  96.8016 0011728 339.6469  20.3894  1.86231217 74357
GSAT-10                 
1 38779U 12051B   23246.60867193 -.00000179  00000+0  00000+0 0  9996
2 38779   0.0620 273.5362 0001709 335.3137  35.7635  1.00271095 39910
NAVSTAR 67 (USA 239)    
1 38833U 12053A   23246.22012896  .00000022  00000+0  00000+0 0  9995
2 38833  53.5133 185.2384 0141897  51.9136 309.3425  2.00567120 79020
GSAT0103 (GALILEO-FM3)  
1 38857U 12055A   23244.98961061  .00000002  00000+0  00000+0 0  9999
2 38857  55.2810 129.5576 0002580 264.4207  95.6377  1.70473559 67639
GSAT0104 (GALILEO-FM4)  
1 38858U 12055B   23245.54564376 -.00000001  00000+0  00000+0 0  9991
2 38858  55.2815 129.5439 0000301 226.5473 133.5376  1.70473880 67645
BEIDOU-2 G6             
1 38953U 12059A   23246.61063988 -.00000188  00000+0  00000+0 0  9999
2 38953   1.8235  81.9588 0007211 313.0566 251.2935  1.00268899 39702
LUCH-5B                 
1 38977U 12061A   23246.23521793 -.00000148  00000+0  00000+0 0  9995
2 38977   8.2527  59.1350 0006003 108.7717 242.5815  1.00270852 39401
COSMOS 2485             
1 39155U 13019A   23246.08852922  .00000012  00000+0  00000+0 0  9991
2 39155  64.9295 107.8993 0021753 228.6156 131.2857  2.13101922 80584
NAVSTAR 68 (USA 242)    
1 39166U 13023A   23246.08234241 -.00000062  00000+0  00000+0 0  9992
2 39166  55.3577 310.1677 0114212  41.7153 319.2167  2.00564203 75469
IRNSS-1A                
1 39199U 13034A   23245.63265355  .00000075  00000+0  00000+0 0  9993
2 39199  33.4191  78.7162 0020121 176.4036   9.3029  1.00279052 37153
NAVSTAR 69 (USA 248)    
1 39533U 14008A   23246.08078884  .00000024  00000+0  00000+0 0  9990
2 39533  53.6005 190.8016 0067238 215.7623 143.7660  2.00551568 69263
ASTRA 5B                
1 39617U 14011B   23246.55817494  .00000123  00000+0  00000+0 0  9997
2 39617   0.0596 313.9472 0002997 236.2492  16.6415  1.00273173 34466
COSMOS 2492             
1 39620U 14012A   23246.51323319 -.00000083  00000+0  00000+0 0  9992
2 39620  65.7683 348.2971 0011292 316.9081  43.0345  2.13103067 73556
IRNSS-1B                
1 39635U 14017A   23245.63265355  .00000099  00000+0  00000+0 0  9996
2 39635  28.7088 257.6937 0019888 192.0617 174.5523  1.00274071 34589
LUCH-5V                 
1 39727U 14023A   23246.57896812 -.00000282  00000+0  00000+0 0  9992
2 39727   2.5717  77.2921 0003458 129.3206  79.0051  1.00271046 34159
NAVSTAR 70 (USA 251)    
1 39741U 14026A   23246.36239661 -.00000098  00000+0  00000+0 0  9996
2 39741  56.6965  11.0274 0028975 310.9898  48.7652  2.00557158 68129
COSMOS 2500             
1 40001U 14032A   23245.75802550 -.00000079  00000+0  00000+0 0  9998
2 40001  65.7067 348.1499 0007962 197.2416 162.7618  2.13105814 71756
NAVSTAR 71 (USA 256)    
1 40105U 14045A   23245.94787188  .00000003  00000+0  00000+0 0  9993
2 40105  54.8120 129.1278 0024788 113.1674 247.1739  2.00577567 65658
GSAT0201 (GALILEO 5)    
1 40128U 14050A   23246.26498823 -.00000089  00000+0  00000+0 0  9990
2 40128  49.9360 314.6103 1608951 140.3375 232.6257  1.85519089 59433
GSAT0202 (GALILEO 6)    
1 40129U 14050B   23245.98538493 -.00000086  00000+0  00000+0 0  9994
2 40129  49.9555 313.6929 1606867 141.1369 231.6055  1.85519800 61597
IRNSS-1C                
1 40269U 14061A   23246.60870266 -.00000175  00000+0  00000+0 0  9997
2 40269   3.9610 112.7344 0020085  17.3870 154.5121  1.00270858 32482
NAVSTAR 72 (USA 258)    
1 40294U 14068A   23245.82648226 -.00000031  00000+0  00000+0 0  9995
2 40294  56.1760  70.5191 0049093  61.8341 298.7095  2.00571662 64781
COSMOS 2501             
1 40315U 14075A   23246.00789061  .00000047  00000+0  00000+0 0  9997
2 40315  63.6406 225.7058 0020034 211.4728 148.3905  2.13101297 68159
NAVSTAR 73 (USA 260)    
1 40534U 15013A   23246.46091854  .00000027  00000+0  00000+0 0  9997
2 40534  53.4652 246.3260 0080312  25.2575 335.1333  2.00554736 61411
GSAT0203 (GALILEO 7)    
1 40544U 15017A   23246.48962474 -.00000102  00000+0  00000+0 0  9994
2 40544  56.9050   9.2953 0003051 224.7967 135.1791  1.70476109 51859
GSAT0204 (GALILEO 8)    
1 40545U 15017B   23244.98349117 -.00000099  00000+0  00000+0 0  9996
2 40545  56.9109   9.3505 0003392 206.4588 153.5219  1.70475605 14873
IRNSS-1D                
1 40547U 15018A   23245.95396405 -.00000287  00000+0  00000+0 0  9998
2 40547  28.0777 257.6583 0020041 192.2399 347.2610  1.00273097 30770
BEIDOU-3S IGSO-1S       
1 40549U 15019A   23246.61503663 -.00000165  00000+0  00000+0 0  9996
2 40549  51.0997 307.5800 0041047 195.9942 154.1377  1.00256130 30866
NAVSTAR 74 (USA 262)    
1 40730U 15033A   23246.12402067 -.00000061  00000+0  00000+0 0  9991
2 40730  54.8462 308.7807 0085165  13.9597 346.3417  2.00555174 59570
BEIDOU-3S M2S           
1 40748U 15037A   23246.25867190 -.00000103  00000+0  00000+0 0  9997
2 40748  55.6628 336.8043 0011198 240.6887 119.2425  1.86233122 55168
BEIDOU-3S M1S           
1 40749U 15037B   23246.52877304 -.00000105  00000+0  00000+0 0  9998
2 40749  55.6657 336.7815 0003105 301.8311  58.1815  1.86232809 55174
GSAT0205 (GALILEO 9)    
1 40889U 15045A   23244.16484061  .00000034  00000+0  00000+0 0  9994
2 40889  55.3655 249.7837 0003380 357.9516   2.0575  1.70473351 49621
GSAT0206 (GALILEO 10)   
1 40890U 15045B   23246.14527321  .00000031  00000+0  00000+0 0  9990
2 40890  55.3635 249.7244 0002349 323.3367  36.6486  1.70473335 49680
BEIDOU-3S IGSO-2S       
1 40938U 15053A   23246.48919758 -.00000118  00000+0  00000+0 0  9995
2 40938  50.8098 270.7530 0048113 194.2354 149.4742  1.00283297 29144
NAVSTAR 75 (USA 265)    
1 41019U 15062A   23246.17672902 -.00000034  00000+0  00000+0 0  9996
2 41019  56.1600  70.3554 0089046 221.0110 138.3619  2.00562176 57410
GSAT-15                 
1 41028U 15065A   23246.54624278 -.00000272  00000+0  00000+0 0  9997
2 41028   0.0638 275.2796 0002036 223.2922 133.9726  1.00271891 28599
GSAT0209 (GALILEO 12)   
1 41174U 15079A   23246.31703942 -.00000006  00000+0  00000+0 0  9990
2 41174  55.2992 129.2279 0003119 330.0482  30.0201  1.70473910 47422
GSAT0208 (GALILEO 11)   
1 41175U 15079B   23245.95007639 -.00000004  00000+0  00000+0 0  9998
2 41175  55.2972 129.2362 0002528 337.8633  22.2129  1.70473875 47837
IRNSS-1E                
1 41241U 16003A   23246.58040727 -.00000304  00000+0  00000+0 0  9998
2 41241  30.9742  77.8065 0020237 175.7641  49.6754  1.00276604 27872
NAVSTAR 76 (USA 266)    
1 41328U 16007A   23245.77029860  .00000006  00000+0  00000+0 0  9991
2 41328  55.0162 129.9127 0071366 233.9098 125.5062  2.00575564 55417
COSMOS 2514             
1 41330U 16008A   23245.98922763 -.00000081  00000+0  00000+0 0  9996
2 41330  65.5039 347.7239 0011688 206.8704 153.1005  2.13102455 58929
IRNSS-1F                
1 41384U 16015A   23246.55991539  .00000146  00000+0  00000+0 0  9995
2 41384   2.9317 129.8709 0018410 177.1126 269.2241  1.00268820 27461
BEIDOU-2 IGSO-6         
1 41434U 16021A   23246.30947802 -.00000155  00000+0  00000+0 0  9996
2 41434  58.7526  48.2740 0047081 217.7641 283.9407  1.00282968 27271
IRNSS-1G                
1 41469U 16027A   23246.56119699 -.00000349  00000+0  00000+0 0  9998
2 41469   2.8221 131.5485 0003676   0.4780 181.8433  1.00264106 26971
GSAT0211 (GALILEO 14)   
1 41549U 16030A   23246.07095040  .00000031  00000+0  00000+0 0  9997
2 41549  55.5110 249.7065 0003935 307.5186  52.4472  1.70473469 45313
GSAT0210 (GALILEO 13)   
1 41550U 16030B   23246.36248060  .00000032  00000+0  00000+0 0  9994
2 41550  55.5100 249.6998 0004218 274.5863  85.3666  1.70473546 45314
COSMOS 2516             
1 41554U 16032A   23245.63470586  .00000045  00000+0  00000+0 0  9993
2 41554  63.8672 226.1191 0015495 214.6690 145.2132  2.13106364 56529
BEIDOU-2 G7             
1 41586U 16037A   23246.61160546 -.00000367  00000+0  00000+0 0  9992
2 41586   1.8687  68.4419 0007030 346.1478 258.6331  1.00271160 26588
EUTELSAT 117 WEST B     
1 41589U 16038B   23246.56087604 -.00000025  00000+0  00000+0 0  9994
2 41589   0.0127 284.6346 0000225 164.5178 338.2085  1.00270351 26458
GSAT0207 (GALILEO 15)   
1 41859U 16069A   23243.67796581  .00000004  00000+0  00000+0 0  9994
2 41859  54.9607 129.3735 0003146 308.0773  51.9800  1.70473748 42002
GSAT0212 (GALILEO 16)   
1 41860U 16069B   23245.87896838 -.00000004  00000+0  00000+0 0  9997
2 41860  54.9591 129.3091 0002345 355.9488   4.1362  1.70474026 42299
GSAT0213 (GALILEO 17)   
1 41861U 16069C   23244.48525747  .00000003  00000+0  00000+0 0  9990
2 41861  54.9610 129.3539 0002980 279.5929  80.4610  1.70472709 42137
GSAT0214 (GALILEO 18)   
1 41862U 16069D   23245.21908982  .00000000  00000+0  00000+0 0  9996
2 41862  54.9599 129.3273 0001898 287.4350  72.6321  1.70472544 42276
SES-15                  
1 42709U 17026A   23246.41098262  .00000046  00000+0  00000+0 0  9995
2 42709   0.0222  52.7965 0000923 116.1389 192.1464  1.00276872 23934
QZS-2 (MICHIBIKI-2)     
1 42738U 17028A   23246.54896234 -.00000154  00000+0  00000+0 0  9999
2 42738  41.0457 257.8772 0752192 270.0772 153.2815  1.00265221 22947
QZS-3 (MICHIBIKI-3)     
1 42917U 17048A   23246.63589470 -.00000361  00000+0  00000+0 0  9991
2 42917   0.0633 208.2345 0002175 336.8628 153.3832  1.00272298 22057
COSMOS 2522             
1 42939U 17055A   23246.30025343  .00000050  00000+0  00000+0 0  9995
2 42939  64.1012 226.6210 0009865 243.3636 116.5199  2.13101936 46285
QZS-4 (MICHIBIKI-4)     
1 42965U 17062A   23244.63730097 -.00000338  00000+0  00000+0 0  9995
2 42965  40.6371 356.4804 0747661 269.2188  83.6504  1.00280970 21596
BEIDOU-3 M1             
1 43001U 17069A   23246.06917255 -.00000012  00000+0  00000+0 0  9995
2 43001  55.8411  96.8679 0007840 302.0593  57.9488  1.86231519 39649
BEIDOU-3 M2             
1 43002U 17069B   23246.00589549 -.00000011  00000+0  00000+0 0  9990
2 43002  55.8401  96.9063 0006348 334.1391  25.9139  1.86231134 39631
GSAT0215 (GALILEO 19)   
1 43055U 17079A   23246.29433359  .00000032  00000+0  00000+0 0  9999
2 43055  55.4873 249.5265 0003743 268.5297  91.4283  1.70474094 35630
GSAT0216 (GALILEO 20)   
1 43056U 17079B   23245.41308907  .00000031  00000+0  00000+0 0  9992
2 43056  55.4878 249.5507 0005317 274.7371  85.2053  1.70474223 35636
GSAT0217 (GALILEO 21)   
1 43057U 17079C   23243.28713315  .00000040  00000+0  00000+0 0  9999
2 43057  55.4874 249.6083 0004633 284.3532  75.6126  1.70474204 35586
GSAT0218 (GALILEO 22)   
1 43058U 17079D   23246.44007672  .00000032  00000+0  00000+0 0  9994
2 43058  55.4857 249.5189 0005766 271.5684  88.3662  1.70474175 35660
BEIDOU-3 M7             
1 43107U 18003A   23245.75671045 -.00000102  00000+0  00000+0 0  9990
2 43107  55.1192 337.5387 0003559  78.7770 281.3048  1.86232366 38389
BEIDOU-3 M8             
1 43108U 18003B   23245.69479873 -.00000101  00000+0  00000+0 0  9998
2 43108  55.1123 337.5279 0003953 242.4332 117.5687  1.86230850 38392
BEIDOU-3 M4             
1 43207U 18018A   23246.13718449 -.00000012  00000+0  00000+0 0  9990
2 43207  55.7998  96.9646 0004945  13.1695 346.9275  1.86231451 37780
BEIDOU-3 M3             
1 43208U 18018B   23245.66688814 -.00000007  00000+0  00000+0 0  9994
2 43208  55.7989  96.9848 0005894 319.5735  40.4694  1.86231305 37775
BEIDOU-3 M9             
1 43245U 18029A   23245.88971151 -.00000101  00000+0  00000+0 0  9995
2 43245  55.0134 335.2675 0001415 212.7017 147.3345  1.86232426 36932
BEIDOU-3 M10            
1 43246U 18029B   23246.35669263 -.00000104  00000+0  00000+0 0  9990
2 43246  55.0105 335.2806 0002696 357.3759   2.6673  1.86232837 36920
IRNSS-1I                
1 43286U 18035A   23246.13462950  .00000082  00000+0  00000+0 0  9995
2 43286  29.2476  90.2096 0019596 176.2177 179.1183  1.00271290 19868
COSMOS 2527             
1 43508U 18053A   23246.25899838  .00000010  00000+0  00000+0 0  9995
2 43508  65.0910 107.9859 0007354 219.7771 140.2570  2.13102399 40581
BEIDOU-2 IGSO-7         
1 43539U 18057A   23246.46791309 -.00000147  00000+0  00000+0 0  9992
2 43539  55.1209 171.8668 0064601 231.2563 220.9432  1.00283748 18941
GSAT0221 (GALILEO 25)   
1 43564U 18060A   23244.58006907 -.00000097  00000+0  00000+0 0  9992
2 43564  57.2853   9.2746 0002610 252.3714 107.5973  1.70475928 31789
GSAT0222 (GALILEO 26)   
1 43565U 18060B   23245.38473711 -.00000099  00000+0  00000+0 0  9995
2 43565  57.2889   9.2541 0003294 209.0198 150.9603  1.70475728 31843
GSAT0219 (GALILEO 23)   
1 43566U 18060C   23243.84731546 -.00000095  00000+0  00000+0 0  9994
2 43566  57.2878   9.2976 0001644 255.4580 104.5202  1.70475930 31790
GSAT0220 (GALILEO 24)   
1 43567U 18060D   23246.41407793 -.00000102  00000+0  00000+0 0  9994
2 43567  57.2880   9.2281 0002266 248.6184 111.3576  1.70475674 31827
BEIDOU-3 M5             
1 43581U 18062A   23246.03999686  .00000036  00000+0  00000+0 0  9992
2 43581  54.1786 216.9562 0005310 279.3644  80.5387  1.86231757 34670
BEIDOU-3 M6             
1 43582U 18062B   23245.36894300  .00000031  00000+0  00000+0 0  9990
2 43582  54.1783 216.9687 0004925 354.2514   5.7041  1.86229569 34669
BEIDOU-3 M12            
1 43602U 18067A   23246.37915962  .00000039  00000+0  00000+0 0  9996
2 43602  54.2656 215.5897 0006950  11.7766 348.2034  1.86231493 34165
BEIDOU-3 M11            
1 43603U 18067B   23245.43908340  .00000031  00000+0  00000+0 0  9997
2 43603  54.2629 215.5874 0004073 355.5067   4.4504  1.86231417 34178
BEIDOU-3 M13            
1 43622U 18072A   23245.93492316 -.00000010  00000+0  00000+0 0  9998
2 43622  55.7691  96.5118 0004580 299.7961  60.2430  1.86231580 33692
BEIDOU-3 M14            
1 43623U 18072B   23244.72648356  .00000005  00000+0  00000+0 0  9995
2 43623  55.7699  96.5450 0003237 346.3488  13.7337  1.86231624 33666
BEIDOU-3 M16            
1 43647U 18078A   23246.49969753 -.00000105  00000+0  00000+0 0  9992
2 43647  54.9094 335.3696 0005942  10.0031 350.0530  1.86227197 33204
BEIDOU-3 M15            
1 43648U 18078B   23245.55643519 -.00000099  00000+0  00000+0 0  9990
2 43648  54.9056 335.4059 0002851  24.4390 335.6193  1.86232172 33203
BEIDOU-3 G1             
1 43683U 18085A   23246.56711403 -.00000293  00000+0  00000+0 0  9993
2 43683   1.5124 124.4302 0002716 356.7315 205.4310  1.00267408 17855
COSMOS 2529             
1 43687U 18086A   23246.35823985  .00000051  00000+0  00000+0 0  9995
2 43687  64.3164 227.0542 0011526 262.1540  97.7002  2.13102022 37593
BEIDOU-3 M17            
1 43706U 18093A   23246.24140564  .00000038  00000+0  00000+0 0  9993
2 43706  54.2609 216.8665 0010389 279.6435  80.2029  1.86231853 32585
BEIDOU-3 M18            
1 43707U 18093B   23246.10735055  .00000037  00000+0  00000+0 0  9993
2 43707  54.2617 216.8627 0008545 304.2395  55.6428  1.86229675 32571
NAVSTAR 77 (USA 289)    
1 43873U 18109A   23246.17670955  .00000002  00000+0  00000+0 0  9991
2 43873  55.1925 132.4112 0025625 191.2479 357.6601  2.00568709 34654
BEIDOU-3 IGSO-1         
1 44204U 19023A   23246.36203542 -.00000210  00000+0  00000+0 0  9993
2 44204  57.2190  48.2512 0023456 193.8833 350.1328  1.00282533 16134
BEIDOU-2 G8             
1 44231U 19027A   23246.57997097 -.00000260  00000+0  00000+0 0  9990
2 44231   1.9537  81.1470 0006399 128.8055 125.8352  1.00271594 15874
COSMOS 2534             
1 44299U 19030A   23246.29751081  .00000051  00000+0  00000+0 0  9995
2 44299  64.3889 226.9825 0013618 280.9476 166.6018  2.13101864 33232
BEIDOU-3 IGSO-2         
1 44337U 19035A   23246.62463795 -.00000149  00000+0  00000+0 0  9991
2 44337  55.1537 167.7988 0033145 197.2550 322.0637  1.00274701 15461
NAVSTAR 78 (USA 293)    
1 44506U 19056A   23246.49576025 -.00000099  00000+0  00000+0 0  9992
2 44506  55.8211  11.4737 0036888 185.0093 133.9182  2.00565389 29652
BEIDOU-3 M24            
1 44542U 19061A   23246.17907525  .00000038  00000+0  00000+0 0  9998
2 44542  54.4884 217.0985 0008386 338.4661  21.4622  1.86231429 26834
BEIDOU-3 M23            
1 44543U 19061B   23245.22549253  .00000031  00000+0  00000+0 0  9997
2 44543  54.4868 217.0998 0005879 321.3079  31.1739  1.86231631 26819
BEIDOU-3 IGSO-3         
1 44709U 19073A   23245.52946452 -.00000169  00000+0  00000+0 0  9992
2 44709  56.5368 291.7713 0035211 189.7261 170.3043  1.00282760 14240
BEIDOU-3 M22            
1 44793U 19078A   23243.33969844 -.00000087  00000+0  00000+0 0  9996
2 44793  54.7597 335.4463 0004865  20.2264 339.8358  1.86232105 25636
BEIDOU-3 M21            
1 44794U 19078B   23245.61807278 -.00000099  00000+0  00000+0 0  9995
2 44794  54.7320 335.3496 0002780  11.7511 348.3002  1.86232563 25684
COSMOS 2544             
1 44850U 19088A   23246.20272627  .00000011  00000+0  00000+0 0  9992
2 44850  65.0768 107.8308 0011417 252.5837 107.3797  2.13102153 29023
BEIDOU-3 M19            
1 44864U 19090A   23246.09930499 -.00000012  00000+0  00000+0 0  9997
2 44864  55.7036  96.6929 0015494 276.0479 240.4481  1.86231730 25273
BEIDOU-3 M20            
1 44865U 19090B   23246.54673421 -.00000018  00000+0  00000+0 0  9993
2 44865  55.7057  96.7106 0013392 291.2982 254.9629  1.86231704 25262
BEIDOU-3 G2             
1 45344U 20017A   23246.60667345 -.00000154  00000+0  00000+0 0  9993
2 45344   2.0472  16.1562 0003234 154.5940 110.1421  1.00272627 13054
COSMOS 2545             
1 45358U 20018A   23245.93022721 -.00000081  00000+0  00000+0 0  9996
2 45358  64.8442 347.9721 0009837 236.8797 123.0568  2.13102456 26969
BEIDOU-3 G3             
1 45807U 20040A   23246.57550903 -.00000367  00000+0  00000+0 0  9996
2 45807   0.6161 343.5404 0005700 333.4829 343.1173  1.00275982 11869
NAVSTAR 79 (USA 304)    
1 45854U 20041A   23246.56978082 -.00000039  00000+0  00000+0 0  9996
2 45854  55.8823  68.7527 0036053 186.0283 129.7343  2.00563493 23623
GALAXY 30 (G-30)        
1 46114U 20056C   23246.55663898  .00000024  00000+0  00000+0 0  9990
2 46114   0.0224 135.6058 0002362  44.0784 238.1132  1.00270611 11082
COSMOS 2547             
1 46805U 20075A   23246.11921591  .00000050  00000+0  00000+0 0  9996
2 46805  64.6165 226.5443 0008602 244.0399 115.8560  2.13102888 22212
NAVSTAR 80 (USA 309)    
1 46826U 20078A   23246.43956038  .00000024  00000+0  00000+0 0  9992
2 46826  54.3127 252.1001 0035932 194.6783   2.5357  2.00562654 21095
NAVSTAR 81 (USA 319)    
1 48859U 21054A   23246.46859119 -.00000099  00000+0  00000+0 0  9993
2 48859  55.3388  13.2610 0012123 210.8252 189.6385  2.00573516 16343
QZS-1R                  
1 49336U 21096A   23223.74525463 -.00000331  00000+0  00000+0 0  9997
2 49336  35.3005  95.2790 0740332 268.7858 355.3268  1.00301615  6575
GSAT0223 (GALILEO 27)   
1 49809U 21116A   23246.27216553 -.00000102  00000+0  00000+0 0  9991
2 49809  57.2793   9.1278 0003324 176.1719 186.9873  1.70475857 10834
GSAT0224 (GALILEO 28)   
1 49810U 21116B   23245.49771503 -.00000100  00000+0  00000+0 0  9995
2 49810  57.2788   9.1469 0002770 165.0778 195.2664  1.70475813 10831
COSMOS 2557             
1 52984U 22075A   23246.28176553 -.00000084  00000+0  00000+0 0  9999
2 52984  64.7606 350.1191 0011759 275.7173  84.1770  2.13102212  9026
COSMOS 2559             
1 54031U 22130A   23245.28520753 -.00000080  00000+0  00000+0 0  9996
2 54031  64.7322 350.2815 0007041 216.3363 143.6426  2.13101435  6977
COSMOS 2564             
1 54377U 22161A   23245.94761863  .00000049  00000+0  00000+0 0  9999
2 54377  64.7572 226.6029 0010980 226.5742 133.3188  2.13102116  5933
NAVSTAR 82 (USA 343)    
1 55268U 23009A   23246.35523182  .00000026  00000+0  00000+0 0  9992
2 55268  55.0908 188.4524 0004291  92.6200 267.4572  2.00555665  4834
BEIDOU-3 G4             
1 56564U 23066A   23246.51370637 -.00000126  00000+0  00000+0 0  9990
2 56564   2.8468 288.8013 0007011 211.7290 186.7491  1.00272725  1190
IRNSS-1J (NVS-01)       
1 56759U 23076A   23246.50761478 -.00000352  00000+0  00000+0 0  9994
2 56759   4.7419 272.0759 0005783 334.0557  48.4532  1.00274156   913
