NAVSTAR 43 (USA 132)    
1 24876U 97035A   23299.94725256  .00000088  00000+0  00000+0 0  9990
2 24876  55.6014 136.2886 0074541  53.3697 307.3937  2.00564413192614
NAVSTAR 47 (USA 150)    
1 26360U 00025A   23300.31552894 -.00000062  00000+0  00000+0 0  9996
2 26360  54.4774  58.4348 0041851 202.5814 154.0261  2.00566988171937
NAVSTAR 51 (USA 166)    
1 27663U 03005A   23300.59881098 -.00000034  00000+0  00000+0 0  9994
2 27663  55.2185 253.2919 0133969  45.0306 134.9937  2.00562851151981
NAVSTAR 52 (USA 168)    
1 27704U 03010A   23300.60402971 -.00000096  00000+0  00000+0 0  9995
2 27704  55.1151   3.2210 0250087 319.8739  83.0658  2.00553494150783
NAVSTAR 54 (USA 177)    
1 28190U 04009A   23300.27848927 -.00000050  00000+0  00000+0 0  9992
2 28190  55.6498 314.3628 0092278 140.8558 324.4791  2.00565574143614
NAVSTAR 56 (USA 180)    
1 28474U 04045A   23300.58250642 -.00000096  00000+0  00000+0 0  9992
2 28474  55.4427   3.5614 0163790 283.9170  94.6178  2.00556571139109
ANIK F1R                
1 28868U 05036A   23300.40448197 -.00000076  00000+0  00000+0 0  9993
2 28868   1.8257  88.3435 0001474  95.5451 249.9612  1.00271483 36786
NAVSTAR 57 (USA 183)    
1 28874U 05038A   23300.27596552 -.00000048  00000+0  00000+0 0  9995
2 28874  55.7001 311.8165 0140437 280.5344 205.8735  2.00571772132501
INMARSAT 4-F2           
1 28899U 05044A   23300.59104654 -.00000359  00000+0  00000+0 0  9997
2 28899   3.9256  41.1749 0003730 199.1788 113.9683  1.00834738 65854
NAVSTAR 58 (USA 190)    
1 29486U 06042A   23300.40004875  .00000035  00000+0  00000+0 0  9993
2 29486  54.6797 189.5530 0104288  33.9623  82.9588  2.00566955125061
NAVSTAR 59 (USA 192)    
1 29601U 06052A   23300.16255269 -.00000034  00000+0  00000+0 0  9991
2 29601  55.2413 252.2720 0084300  79.5264 281.3944  2.00552291124079
NAVSTAR 60 (USA 196)    
1 32260U 07047A   23300.47706172  .00000064  00000+0  00000+0 0  9991
2 32260  53.4908 119.9375 0152814  71.9410 289.7677  2.00548897117482
COSMOS 2433             
1 32275U 07052A   23300.05874200 -.00000053  00000+0  00000+0 0  9994
2 32275  66.0075 348.1823 0005217 241.1043 118.9144  2.13103989124511
COSMOS 2432             
1 32276U 07052B   23300.09792848 -.00000053  00000+0  00000+0 0  9996
2 32276  66.0219 348.2907 0010064 311.6406  25.3374  2.13103146124531
NAVSTAR 61 (USA 199)    
1 32384U 07062A   23300.55608464 -.00000050  00000+0  00000+0 0  9995
2 32384  55.8333 312.6344 0024266 152.3614  36.3859  2.00561343116189
COSMOS 2434             
1 32393U 07065A   23300.43242583 -.00000009  00000+0  00000+0 0  9995
2 32393  64.3312 224.5033 0002214  69.0622 108.9877  2.13103015123231
COSMOS 2436             
1 32395U 07065C   23299.32732278 -.00000017  00000+0  00000+0 0  9996
2 32395  64.3400 224.6030 0016401 359.3973 186.3024  2.13102641123166
NAVSTAR 62 (USA 201)    
1 32711U 08012A   23299.89075737  .00000032  00000+0  00000+0 0  9999
2 32711  54.4479 188.3920 0177870 236.1605 122.2093  2.00558924114418
NAVSTAR 64 (USA 206)    
1 35752U 09043A   23300.38276969 -.00000047  00000+0  00000+0 0  9996
2 35752  55.4794  65.6002 0057303  70.2301 301.2428  2.00554848104032
COSMOS 2456             
1 36111U 09070A   23300.49650580  .00000055  00000+0  00000+0 0  9991
2 36111  64.5139 103.9804 0001225 330.1362  55.4706  2.13099028107891
COSMOS 2457             
1 36112U 09070B   23300.06366919  .00000061  00000+0  00000+0 0  9992
2 36112  64.4977 103.8594 0006583 148.9791  35.7761  2.13101206107882
COSMOS 2460             
1 36402U 10007C   23300.31203806 -.00000053  00000+0  00000+0 0  9991
2 36402  65.8688 346.8802 0002292 242.6961 121.6122  2.13106166106192
NAVSTAR 65 (USA 213)    
1 36585U 10022A   23300.44454330 -.00000033  00000+0  00000+0 0  9992
2 36585  54.5417 247.4426 0111446  59.7865 114.3277  2.00564588 98269
BEIDOU-2 IGSO-1         
1 36828U 10036A   23300.40226314 -.00000082  00000+0  00000+0 0  9996
2 36828  54.2333 171.6870 0037909 191.6408 282.8515  1.00294877 48546
QZS-1 (MICHIBIKI-1)     
1 37158U 10045A   23300.29023513  .00000047  00000+0  00000+0 0  9996
2 37158  42.9417 127.0707 0003920 116.0506 244.7631  0.87715132 47945
BEIDOU-2 G4             
1 37210U 10057A   23300.59547642 -.00000114  00000+0  00000+0 0  9991
2 37210   1.2960  63.1477 0007690 168.8002 178.1548  1.00271256 47625
BEIDOU-2 IGSO-2         
1 37256U 10068A   23300.57738988 -.00000218  00000+0  00000+0 0  9991
2 37256  49.3147 283.6598 0031487 214.1993 213.7618  1.00266196 47130
BEIDOU-2 IGSO-3         
1 37384U 11013A   23300.29977017 -.00000206  00000+0  00000+0 0  9998
2 37384  61.0164  49.3827 0028260 178.3791  23.3323  1.00267728 45998
GSAT-8                  
1 37605U 11022A   23299.84707656  .00000081  00000+0  00000+0 0  9992
2 37605   0.0183 237.3592 0008373  14.8579 142.7574  1.00269695 45570
NAVSTAR 66 (USA 232)    
1 37753U 11036A   23300.61169464 -.00000097  00000+0  00000+0 0  9996
2 37753  56.7498   9.4027 0126864  56.2930 325.0584  2.00568911 89950
BEIDOU-2 IGSO-4         
1 37763U 11038A   23300.38212194 -.00000018  00000+0  00000+0 0  9995
2 37763  54.5068 174.2407 0112056 227.3459 226.0488  1.00262928 44983
GSAT0101 (GALILEO-PFM)  
1 37846U 11060A   23299.50280732 -.00000097  00000+0  00000+0 0  9993
2 37846  57.1140   7.8875 0000582 326.8853  33.1612  1.70475741 74679
GSAT0102 (GALILEO-FM2)  
1 37847U 11060B   23299.43895705 -.00000097  00000+0  00000+0 0  9998
2 37847  57.1147   7.8892 0002455 299.1318  67.8913  1.70475156 74684
COSMOS 2476             
1 37867U 11064A   23300.57827681  .00000058  00000+0  00000+0 0  9996
2 37867  64.7927 105.5250 0021561 230.0468 128.0597  2.13101632 93221
COSMOS 2477             
1 37868U 11064B   23300.10950083  .00000065  00000+0  00000+0 0  9997
2 37868  64.7998 105.6110 0018752 230.0655 306.2726  2.13101481 93217
COSMOS 2475             
1 37869U 11064C   23300.40816726  .00000060  00000+0  00000+0 0  9991
2 37869  64.8069 105.6136 0022670 248.4790 115.5216  2.13101767 93237
BEIDOU-2 IGSO-5         
1 37948U 11073A   23300.37213469 -.00000163  00000+0  00000+0 0  9995
2 37948  49.4409 283.3328 0094453 221.1386 119.4113  1.00260115 43463
LUCH-5A                 
1 37951U 11074B   23300.59947554 -.00000046  00000+0  00000+0 0  9993
2 37951   6.2804  88.7847 0004109 111.4905 218.1891  1.00272547 43380
BEIDOU-2 G5             
1 38091U 12008A   23299.85046406  .00000055  00000+0  00000+0 0  9998
2 38091   1.8348  69.2208 0006837 186.1119 144.5467  1.00267524 42807
BEIDOU-2 M3             
1 38250U 12018A   23300.35704754 -.00000074  00000+0  00000+0 0  9993
2 38250  56.4821 337.1150 0025198 258.8930 100.8840  1.86231056 77991
BEIDOU-2 M4             
1 38251U 12018B   23300.28826341 -.00000073  00000+0  00000+0 0  9992
2 38251  56.3921 336.4063 0016084 260.0686  99.8099  1.86231782 77993
SES-5                   
1 38652U 12036A   23299.79229722  .00000029  00000+0  00000+0 0  9990
2 38652   0.0454 298.4687 0002020 275.9569 110.6990  1.00270624 34814
BEIDOU-2 M6             
1 38775U 12050B   23299.99794786  .00000031  00000+0  00000+0 0  9994
2 38775  55.7327  95.0022 0010571 338.4257  21.5320  1.86231065 75350
GSAT-10                 
1 38779U 12051B   23299.87125635 -.00000169  00000+0  00000+0 0  9990
2 38779   0.0234 251.4311 0004075 355.3436 184.8694  1.00271397 40449
NAVSTAR 67 (USA 239)    
1 38833U 12053A   23300.56396911  .00000044  00000+0  00000+0 0  9990
2 38833  53.5098 183.0178 0145449  53.0684 308.3428  2.00568020 80119
GSAT0103 (GALILEO-FM3)  
1 38857U 12055A   23298.95538185  .00000078  00000+0  00000+0 0  9995
2 38857  55.3041 128.0729 0002077 240.3393 119.7134  1.70473567 68550
GSAT0104 (GALILEO-FM4)  
1 38858U 12055B   23297.16501100  .00000078  00000+0  00000+0 0  9995
2 38858  55.3031 128.1236 0001323 143.3339 216.7489  1.70473800 68527
BEIDOU-2 G6             
1 38953U 12059A   23299.87132799 -.00000177  00000+0  00000+0 0  9990
2 38953   1.9596  81.7284 0007023 299.2872  51.5626  1.00274504 40373
LUCH-5B                 
1 38977U 12061A   23299.15118763 -.00000136  00000+0  00000+0 0  9990
2 38977   8.3707  58.6931 0005606 137.2633 236.4677  1.00271267 39941
COSMOS 2485             
1 39155U 13019A   23300.52265838  .00000060  00000+0  00000+0 0  9998
2 39155  64.9525 106.0619 0022093 226.0805 133.7553  2.13101748 81742
NAVSTAR 68 (USA 242)    
1 39166U 13023A   23300.42742102 -.00000048  00000+0  00000+0 0  9995
2 39166  55.3147 307.9853 0115753  41.5278 319.3716  2.00564090 76555
IRNSS-1A                
1 39199U 13034A   23298.00396561  .00000100  00000+0  00000+0 0  9995
2 39199  33.5421  77.9402 0022019 179.8099 191.8389  1.00269607 37681
NAVSTAR 69 (USA 248)    
1 39533U 14008A   23299.92990862  .00000031  00000+0  00000+0 0  9998
2 39533  53.5960 188.6090 0067052 215.3793 144.2489  2.00554573 70342
ASTRA 5B                
1 39617U 14011B   23300.29754503  .00000133  00000+0  00000+0 0  9991
2 39617   0.0591 312.5162 0003793 281.3263 292.1828  1.00271983 35001
COSMOS 2492             
1 39620U 14012A   23300.47821723 -.00000053  00000+0  00000+0 0  9997
2 39620  65.7521 346.4855 0013250 310.7911  49.1652  2.13103037 74701
IRNSS-1B                
1 39635U 14017A   23299.44424044  .00000074  00000+0  00000+0 0  9999
2 39635  28.6035 256.7905 0018451 188.6071 164.0981  1.00272501 35113
LUCH-5V                 
1 39727U 14023A   23300.56050218 -.00000270  00000+0  00000+0 0  9991
2 39727   2.7093  77.0713 0004163 166.7598  88.3883  1.00270891 34690
NAVSTAR 70 (USA 251)    
1 39741U 14026A   23300.21174872 -.00000096  00000+0  00000+0 0  9991
2 39741  56.7013   8.9400 0030822 309.4711  50.3060  2.00553305 69203
COSMOS 2500             
1 40001U 14032A   23300.19154488 -.00000052  00000+0  00000+0 0  9999
2 40001  65.6903 346.3186 0008587 213.2976 146.7192  2.13105868 72918
NAVSTAR 71 (USA 256)    
1 40105U 14045A   23299.79648385  .00000083  00000+0  00000+0 0  9998
2 40105  54.8339 126.9753 0027414 114.8254 245.5245  2.00550296 66738
GSAT0201 (GALILEO 5)    
1 40128U 14050A   23300.16442110 -.00000071  00000+0  00000+0 0  9999
2 40128  49.8883 312.4522 1607147 142.3760 230.0454  1.85519309 60437
GSAT0202 (GALILEO 6)    
1 40129U 14050B   23300.42361336 -.00000072  00000+0  00000+0 0  9990
2 40129  49.9067 311.5144 1605121 143.1949 228.9924  1.85520005 62605
IRNSS-1C                
1 40269U 14061A   23300.61874988 -.00000161  00000+0  00000+0 0  9999
2 40269   4.0915 111.0911 0019061   6.2519 224.1038  1.00275018 33028
NAVSTAR 72 (USA 258)    
1 40294U 14068A   23299.67060924 -.00000033  00000+0  00000+0 0  9992
2 40294  56.2232  68.4102 0048923  62.8603 297.6224  2.00575135 65868
COSMOS 2501             
1 40315U 14075A   23299.50353207 -.00000016  00000+0  00000+0 0  9996
2 40315  63.6342 223.8430 0019026 208.7404 151.1619  2.13101172 69292
NAVSTAR 73 (USA 260)    
1 40534U 15013A   23300.30991316 -.00000033  00000+0  00000+0 0  9991
2 40534  53.4399 244.0954 0083161  26.3806 334.0168  2.00551251 62490
GSAT0203 (GALILEO 7)    
1 40544U 15017A   23299.28213247 -.00000096  00000+0  00000+0 0  9999
2 40544  56.9092   7.8594 0004637 244.0445 115.9574  1.70476067 52755
GSAT0204 (GALILEO 8)    
1 40545U 15017B   23299.53592774 -.00000097  00000+0  00000+0 0  9994
2 40545  56.9156   7.8669 0004761 231.4366 128.5708  1.70475538 15806
IRNSS-1D                
1 40547U 15018A   23300.31503659 -.00000312  00000+0  00000+0 0  9990
2 40547  27.9665 256.7393 0018825 184.9195 178.9968  1.00275277 31321
BEIDOU-3S IGSO-1S       
1 40549U 15019A   23299.48118201 -.00000146  00000+0  00000+0 0  9998
2 40549  51.0076 306.9568 0037493 195.8467 155.6199  1.00299221 31394
NAVSTAR 74 (USA 262)    
1 40730U 15033A   23300.47179927 -.00000049  00000+0  00000+0 0  9992
2 40730  54.8022 306.5718 0087492  14.1206 346.1440  2.00552225 60664
BEIDOU-3S M2S           
1 40748U 15037A   23299.41661060 -.00000068  00000+0  00000+0 0  9991
2 40748  55.6316 335.0025 0012811 249.2222 110.7003  1.86233039 56159
BEIDOU-3S M1S           
1 40749U 15037B   23300.22373062 -.00000073  00000+0  00000+0 0  9992
2 40749  55.6342 334.9614 0005355 297.7375  62.2667  1.86232789 56173
GSAT0205 (GALILEO 9)    
1 40889U 15045A   23299.89054526 -.00000028  00000+0  00000+0 0  9997
2 40889  55.3364 248.2453 0004493  11.0882 348.8838  1.70472872 50572
GSAT0206 (GALILEO 10)   
1 40890U 15045B   23299.52462991 -.00000027  00000+0  00000+0 0  9997
2 40890  55.3355 248.2510 0002928 352.0220   7.9360  1.70472892 50590
BEIDOU-3S IGSO-2S       
1 40938U 15053A   23300.29436624 -.00000166  00000+0  00000+0 0  9994
2 40938  50.7298 270.1297 0047286 194.5821 133.1776  1.00270570 29687
NAVSTAR 75 (USA 265)    
1 41019U 15062A   23300.02382283 -.00000037  00000+0  00000+0 0  9994
2 41019  56.2066  68.2475 0091548 221.6245 137.6619  2.00562128 58498
GSAT-15                 
1 41028U 15065A   23300.56168557 -.00000261  00000+0  00000+0 0  9991
2 41028   0.0567 265.2087 0003633 292.2228 133.9728  1.00270454 29138
GSAT0209 (GALILEO 12)   
1 41174U 15079A   23297.34977624  .00000078  00000+0  00000+0 0  9997
2 41174  55.3212 127.8244 0001942 346.3264  13.7419  1.70474121 48294
GSAT0208 (GALILEO 11)   
1 41175U 15079B   23298.15599965  .00000079  00000+0  00000+0 0  9997
2 41175  55.3202 127.8003 0001364   2.8233 357.2515  1.70474062 48720
IRNSS-1E                
1 41241U 16003A   23300.31494956 -.00000282  00000+0  00000+0 0  9992
2 41241  31.1000  76.9960 0021468 181.2091   2.3512  1.00267237 28415
NAVSTAR 76 (USA 266)    
1 41328U 16007A   23300.11237745  .00000081  00000+0  00000+0 0  9997
2 41328  55.0368 127.7529 0072450 233.5560 125.8372  2.00573109 56503
COSMOS 2514             
1 41330U 16008A   23299.95429595 -.00000051  00000+0  00000+0 0  9994
2 41330  65.4872 345.8946 0012548 217.0395 142.9443  2.13102498 60071
IRNSS-1F                
1 41384U 16015A   23299.86948630  .00000159  00000+0  00000+0 0  9995
2 41384   3.0418 127.3441 0019832 174.2014  78.9309  1.00276319 27994
BEIDOU-2 IGSO-6         
1 41434U 16021A   23300.29302250 -.00000184  00000+0  00000+0 0  9999
2 41434  58.8318  47.7283 0048966 219.7310 330.1172  1.00271979 27819
IRNSS-1G                
1 41469U 16027A   23299.79910529 -.00000336  00000+0  00000+0 0  9998
2 41469   2.9295 128.8970 0000643  20.0850 303.0176  1.00264140 27508
GSAT0211 (GALILEO 14)   
1 41549U 16030A   23299.45032135 -.00000026  00000+0  00000+0 0  9998
2 41549  55.4831 248.2389 0004055 329.6126  30.3267  1.70472982 46225
GSAT0210 (GALILEO 13)   
1 41550U 16030B   23299.15518479 -.00000025  00000+0  00000+0 0  9996
2 41550  55.4826 248.2482 0003536 291.6075  68.3185  1.70473269 46217
COSMOS 2516             
1 41554U 16032A   23299.12909287 -.00000018  00000+0  00000+0 0  9992
2 41554  63.8608 224.2714 0014987 212.8920 147.0205  2.13106303 57669
BEIDOU-2 G7             
1 41586U 16037A   23300.53816318 -.00000356  00000+0  00000+0 0  9997
2 41586   1.9976  69.1037 0006855 337.4120 293.4476  1.00269940 27126
EUTELSAT 117 WEST B     
1 41589U 16038B   23300.63797434 -.00000015  00000+0  00000+0 0  9991
2 41589   0.0106  92.6029 0000143 143.0968 272.7324  1.00276166 27008
GSAT0207 (GALILEO 15)   
1 41859U 16069A   23299.98990743  .00000072  00000+0  00000+0 0  9990
2 41859  54.9858 127.8107 0001635 310.4905  49.5642  1.70474134 42963
GSAT0212 (GALILEO 16)   
1 41860U 16069B   23298.08476699  .00000078  00000+0  00000+0 0  9997
2 41860  54.9827 127.8604 0001786  30.7683 329.3163  1.70474310 43183
GSAT0213 (GALILEO 17)   
1 41861U 16069C   23299.62439365  .00000074  00000+0  00000+0 0  9994
2 41861  54.9853 127.8237 0001790 256.4715 103.5793  1.70473026 43200
GSAT0214 (GALILEO 18)   
1 41862U 16069D   23299.18509248  .00000076  00000+0  00000+0 0  9996
2 41862  54.9833 127.8299 0000842 247.1857 112.8778  1.70472875 43193
SES-15                  
1 42709U 17026A   23300.08149799  .00000056  00000+0  00000+0 0  9992
2 42709   0.0080  21.4083 0001349 183.5103  90.4465  1.00270594 24471
QZS-2 (MICHIBIKI-2)     
1 42738U 17028A   23299.75329884 -.00000235  00000+0  00000+0 0  9992
2 42738  40.9603 257.1215 0744305 270.7923 276.3583  1.00250528 23477
QZS-3 (MICHIBIKI-3)     
1 42917U 17048A   23300.31808237 -.00000352  00000+0  00000+0 0  9992
2 42917   0.0561 170.9345 0001752  52.8272  53.1977  1.00267010 22594
COSMOS 2522             
1 42939U 17055A   23300.26506554 -.00000011  00000+0  00000+0 0  9997
2 42939  64.0949 224.7729 0007865 241.6977 118.2305  2.13101931 47435
QZS-4 (MICHIBIKI-4)     
1 42965U 17062A   23300.52271016 -.00000337  00000+0  00000+0 0  9996
2 42965  40.6143 355.7684 0750504 270.3231  96.8112  1.00265667 22142
BEIDOU-3 M1             
1 43001U 17069A   23299.76423063  .00000035  00000+0  00000+0 0  9993
2 43001  55.8842  95.0758 0007233 294.2364  65.6922  1.86231262 40646
BEIDOU-3 M2             
1 43002U 17069B   23299.16411416  .00000043  00000+0  00000+0 0  9996
2 43002  55.8828  95.1320 0005202 329.2859  30.6918  1.86230988 40628
GSAT0215 (GALILEO 19)   
1 43055U 17079A   23299.08689624 -.00000025  00000+0  00000+0 0  9995
2 43055  55.4595 248.0742 0002935 287.6080  72.3240  1.70473647 36533
GSAT0216 (GALILEO 20)   
1 43056U 17079B   23299.37877268 -.00000026  00000+0  00000+0 0  9992
2 43056  55.4601 248.0659 0004525 288.0972  71.8167  1.70473791 36555
GSAT0217 (GALILEO 21)   
1 43057U 17079C   23299.01256660 -.00000025  00000+0  00000+0 0  9990
2 43057  55.4582 248.0751 0004163 301.7445  58.1791  1.70473721 36535
GSAT0218 (GALILEO 22)   
1 43058U 17079D   23297.47287016 -.00000014  00000+0  00000+0 0  9996
2 43058  55.4592 248.1149 0004981 282.9320  76.9841  1.70473740 36534
BEIDOU-3 M7             
1 43107U 18003A   23299.98866476 -.00000074  00000+0  00000+0 0  9996
2 43107  55.0879 335.6765 0002551  65.8495 294.2359  1.86232325 39396
BEIDOU-3 M8             
1 43108U 18003B   23300.46415376 -.00000077  00000+0  00000+0 0  9995
2 43108  55.0806 335.6469 0004904 254.1630 105.8407  1.86230792 39416
BEIDOU-3 M4             
1 43207U 18018A   23299.83225400  .00000034  00000+0  00000+0 0  9998
2 43207  55.8428  95.1706 0003713  19.1469 340.8708  1.86231218 38780
BEIDOU-3 M3             
1 43208U 18018B   23300.43586125  .00000025  00000+0  00000+0 0  9992
2 43208  55.8427  95.1550 0004944 311.0201  48.9367  1.86231233 38797
BEIDOU-3 M9             
1 43245U 18029A   23300.13760000 -.00000073  00000+0  00000+0 0  9992
2 43245  54.9808 333.3994 0001975 249.0781 121.6961  1.86232710 37940
BEIDOU-3 M10            
1 43246U 18029B   23298.97764411 -.00000065  00000+0  00000+0 0  9992
2 43246  54.9781 333.4691 0003346 338.8421  21.2030  1.86232728 37905
IRNSS-1I                
1 43286U 18035A   23299.51559900  .00000112  00000+0  00000+0 0  9991
2 43286  29.3735  89.3606 0021328 176.4829   9.5590  1.00267409 20402
COSMOS 2527             
1 43508U 18053A   23299.75450573  .00000072  00000+0  00000+0 0  9995
2 43508  65.1132 106.1912 0007784 213.0762 146.8985  2.13102335 41722
BEIDOU-2 IGSO-7         
1 43539U 18057A   23300.54175916 -.00000089  00000+0  00000+0 0  9997
2 43539  55.1178 171.3927 0063736 229.7053 303.2142  1.00266968 19481
GSAT0221 (GALILEO 25)   
1 43564U 18060A   23299.71901220 -.00000097  00000+0  00000+0 0  9999
2 43564  57.2899   7.7889 0004782 261.7209  98.2758  1.70475922 32721
GSAT0222 (GALILEO 26)   
1 43565U 18060B   23299.35058619 -.00000096  00000+0  00000+0 0  9994
2 43565  57.2933   7.8000 0004571 231.2699 128.7394  1.70475746 32761
GSAT0219 (GALILEO 23)   
1 43566U 18060C   23297.81308984 -.00000092  00000+0  00000+0 0  9993
2 43566  57.2923   7.8435 0003665 264.3256  95.6808  1.70475963 32710
GSAT0220 (GALILEO 24)   
1 43567U 18060D   23298.62012809 -.00000094  00000+0  00000+0 0  9994
2 43567  57.2920   7.8219 0003897 259.7646 100.2405  1.70475666 32712
BEIDOU-3 M5             
1 43581U 18062A   23300.27175022 -.00000007  00000+0  00000+0 0  9998
2 43581  54.1657 215.1085 0003482 299.3156  60.6740  1.86231743 35685
BEIDOU-3 M6             
1 43582U 18062B   23300.13826487 -.00000008  00000+0  00000+0 0  9993
2 43582  54.1654 215.1027 0005999  17.3171 342.7269  1.86229655 35688
BEIDOU-3 M12            
1 43602U 18067A   23300.07408719 -.00000007  00000+0  00000+0 0  9997
2 43602  54.2535 213.7650 0007659  20.4458 339.6110  1.86231397 35163
BEIDOU-3 M11            
1 43603U 18067B   23300.20792079 -.00000005  00000+0  00000+0 0  9996
2 43603  54.2505 213.7260 0004531  11.3410 348.6963  1.86231357 35196
BEIDOU-3 M13            
1 43622U 18072A   23300.16692136  .00000028  00000+0  00000+0 0  9995
2 43622  55.8128  94.6980 0004120 285.9045  74.0509  1.86231272 34705
BEIDOU-3 M14            
1 43623U 18072B   23300.03237705  .00000030  00000+0  00000+0 0  9992
2 43623  55.8147  94.6953 0002021 340.5247  19.4693  1.86231269 34698
BEIDOU-3 M16            
1 43647U 18078A   23300.19614788 -.00000074  00000+0  00000+0 0  9990
2 43647  54.8762 333.5167 0006299 359.5374   0.5188  1.86227159 34200
BEIDOU-3 M15            
1 43648U 18078B   23300.32534851 -.00000075  00000+0  00000+0 0  9999
2 43648  54.8719 333.5159 0003042   0.3727 359.6840  1.86232114 34222
BEIDOU-3 G1             
1 43683U 18085A   23300.35235541 -.00000279  00000+0  00000+0 0  9999
2 43683   1.6320 120.8736 0002119   9.2766 172.2625  1.00270786 18395
COSMOS 2529             
1 43687U 18086A   23300.32308090 -.00000011  00000+0  00000+0 0  9995
2 43687  64.3102 225.2207 0009545 264.6745  95.2235  2.13101975 38740
BEIDOU-3 M17            
1 43706U 18093A   23299.39924577 -.00000014  00000+0  00000+0 0  9996
2 43706  54.2484 215.0594 0008621 287.2433  72.6826  1.86231812 33550
BEIDOU-3 M18            
1 43707U 18093B   23299.26580919 -.00000015  00000+0  00000+0 0  9992
2 43707  54.2493 215.0557 0007505 318.1913  41.7711  1.86229654 33569
NAVSTAR 77 (USA 289)    
1 43873U 18109A   23299.74339855  .00000086  00000+0  00000+0 0  9995
2 43873  55.2117 130.2938 0026824 189.7987 158.2389  2.00570414 35675
BEIDOU-3 IGSO-1         
1 44204U 19023A   23300.61111439 -.00000238  00000+0  00000+0 0  9995
2 44204  57.2997  47.6837 0024323 197.6229 129.8084  1.00266110 16679
BEIDOU-2 G8             
1 44231U 19027A   23300.58628784 -.00000249  00000+0  00000+0 0  9993
2 44231   1.3736  70.9876 0004767 156.1662 164.1719  1.00273625 16411
COSMOS 2534             
1 44299U 19030A   23300.31731733 -.00000011  00000+0  00000+0 0  9998
2 44299  64.3829 225.1522 0011916 285.9286 203.7921  2.13101738 34387
BEIDOU-3 IGSO-2         
1 44337U 19035A   23300.60617806 -.00000084  00000+0  00000+0 0  9992
2 44337  55.1529 167.3231 0033041 194.7858  10.1414  1.00257665 16006
NAVSTAR 78 (USA 293)    
1 44506U 19056A   23300.34446992 -.00000098  00000+0  00000+0 0  9995
2 44506  55.8273   9.3423 0038352 187.9618 132.7190  2.00566288 30736
BEIDOU-3 M24            
1 44542U 19061A   23299.33709627 -.00000015  00000+0  00000+0 0  9993
2 44542  54.4759 215.3017 0008615 353.9672   6.0418  1.86231450 27827
BEIDOU-3 M23            
1 44543U 19061B   23300.27413594 -.00000007  00000+0  00000+0 0  9996
2 44543  54.4740 215.2390 0005590 344.3553 195.8495  1.86231687 27848
BEIDOU-3 IGSO-3         
1 44709U 19073A   23299.38055477 -.00000182  00000+0  00000+0 0  9998
2 44709  56.4508 291.2027 0034677 190.8984 168.9950  1.00266226 14786
BEIDOU-3 M22            
1 44793U 19078A   23300.25640102 -.00000074  00000+0  00000+0 0  9990
2 44793  54.7245 333.4753 0005044   5.5059 354.5561  1.86232032 26690
BEIDOU-3 M21            
1 44794U 19078B   23299.84988868 -.00000072  00000+0  00000+0 0  9995
2 44794  54.6985 333.4703 0003202 349.8493  10.2015  1.86232508 26694
COSMOS 2544             
1 44850U 19088A   23300.16754688  .00000065  00000+0  00000+0 0  9999
2 44850  65.0996 106.0191 0011352 247.4470 112.4533  2.13102114 30171
BEIDOU-3 M19            
1 44864U 19090A   23300.31041021  .00000026  00000+0  00000+0 0  9991
2 44864  55.7470  94.8769 0015455 272.5879 229.8749  1.86231519 26284
BEIDOU-3 M20            
1 44865U 19090B   23300.36494462  .00000026  00000+0  00000+0 0  9998
2 44865  55.7494  94.9082 0013036 287.2213 341.5817  1.86231485 26266
BEIDOU-3 G2             
1 45344U 20017A   23300.52259797 -.00000144  00000+0  00000+0 0  9992
2 45344   2.0844  18.9613 0003345 198.2189  86.6148  1.00272066 13596
COSMOS 2545             
1 45358U 20018A   23300.36444965 -.00000055  00000+0  00000+0 0  9994
2 45358  64.8273 346.0826 0011653 244.8382 115.1109  2.13102478 28122
BEIDOU-3 G3             
1 45807U 20040A   23300.56512997 -.00000359  00000+0  00000+0 0  9998
2 45807   0.5856 355.7214 0009247 312.1967  41.7858  1.00274182 12403
NAVSTAR 79 (USA 304)    
1 45854U 20041A   23300.42684321 -.00000044  00000+0  00000+0 0  9998
2 45854  55.9286  66.6297 0038239 188.0532 134.9601  2.00561936 24700
GALAXY 30 (G-30)        
1 46114U 20056C   23300.39951639  .00000033  00000+0  00000+0 0  9996
2 46114   0.0190 267.9050 0002962 307.3662 199.0852  1.00271417 11620
COSMOS 2547             
1 46805U 20075A   23300.08390180 -.00000012  00000+0  00000+0 0  9996
2 46805  64.6107 224.7319 0007196 242.6955 117.2382  2.13102735 23365
NAVSTAR 80 (USA 309)    
1 46826U 20078A   23300.23826397 -.00000035  00000+0  00000+0 0  9998
2 46826  54.2862 249.9157 0036995 194.7111 327.9503  2.00562612 22173
NAVSTAR 81 (USA 319)    
1 48859U 21054A   23300.26490895 -.00000099  00000+0  00000+0 0  9994
2 48859  55.3463  11.1062 0013729 216.9221 148.7177  2.00570347 17425
QZS-1R                  
1 49336U 21096A   23299.82821977 -.00000208  00000+0  00000+0 0  9991
2 49336  35.4633  94.1104 0747699 270.2078 104.0020  1.00274281  7344
GSAT0223 (GALILEO 27)   
1 49809U 21116A   23300.22784402 -.00000098  00000+0  00000+0 0  9994
2 49809  57.2837   7.6741 0003657 205.4383 151.5700  1.70475919 11740
GSAT0224 (GALILEO 28)   
1 49810U 21116B   23299.47931186 -.00000096  00000+0  00000+0 0  9991
2 49810  57.2845   7.6927 0002990 205.9493 164.1520  1.70475873 11764
COSMOS 2557             
1 52984U 22075A   23300.24680476 -.00000057  00000+0  00000+0 0  9990
2 52984  64.7457 348.2403 0013421 276.0879  83.8290  2.13102114 10171
COSMOS 2559             
1 54031U 22130A   23300.18896438 -.00000057  00000+0  00000+0 0  9997
2 54031  64.7171 348.3680 0007934 227.0738 132.9292  2.13101355  8147
COSMOS 2564             
1 54377U 22161A   23300.38176808 -.00000010  00000+0  00000+0 0  9997
2 54377  64.7514 224.7845 0009160 221.4408 138.4976  2.13102159  7092
NAVSTAR 82 (USA 343)    
1 55268U 23009A   23300.43402619  .00000041  00000+0  00000+0 0  9990
2 55268  55.0860 186.3332 0005241  89.5020  76.4462  2.00551878  5914
BEIDOU-3 G4             
1 56564U 23066A   23300.59532135 -.00000119  00000+0  00000+0 0  9994
2 56564   2.7119 288.6076 0005624 228.4194 253.0121  1.00270694  1736
IRNSS-1J (NVS-01)       
1 56759U 23076A   23299.79910529 -.00000347  00000+0  00000+0 0  9990
2 56759   4.6055 271.0778 0007167 344.0636 196.9972  1.00275000  1440
