NAVSTAR 43 (USA 132)    
1 24876U 97035A   23253.08088897 -.00000032  00000+0  00000+0 0  9998
2 24876  55.5882 138.1203 0072834  52.4562 308.2687  2.00564179191670
NAVSTAR 47 (USA 150)    
1 26360U 00025A   23253.45784953 -.00000032  00000+0  00000+0 0  9998
2 26360  54.4382  60.3514 0041523 199.5491 162.5081  2.00570452171004
NAVSTAR 51 (USA 166)    
1 27663U 03005A   23253.61293399  .00000037  00000+0  00000+0 0  9997
2 27663  55.2431 255.1602 0132046  44.7073  48.9576  2.00565724151049
NAVSTAR 52 (USA 168)    
1 27704U 03010A   23253.16404509 -.00000115  00000+0  00000+0 0  9994
2 27704  55.1156   5.1360 0248841 318.8692  29.1413  2.00575289149826
NAVSTAR 54 (USA 177)    
1 28190U 04009A   23253.29979392 -.00000059  00000+0  00000+0 0  9991
2 28190  55.6856 316.2325 0092841 138.9752 244.9982  2.00567251142674
NAVSTAR 56 (USA 180)    
1 28474U 04045A   23253.16687937 -.00000114  00000+0  00000+0 0  9995
2 28474  55.4427   5.4590 0162083 282.4377  61.0858  2.00554993138142
ANIK F1R                
1 28868U 05036A   23253.51371049 -.00000086  00000+0  00000+0 0  9994
2 28868   1.7032  88.9569 0002404  44.3893 293.5586  1.00272358 36312
NAVSTAR 57 (USA 183)    
1 28874U 05038A   23253.30523014 -.00000053  00000+0  00000+0 0  9995
2 28874  55.7368 313.6844 0139685 279.5950 129.9963  2.00575192131569
INMARSAT 4-F2           
1 28899U 05044A   23253.08721222  .00000000  00000+0  00000+0 0  9996
2 28899   3.8612  40.6994 0002697 143.8753 259.5921  1.00271008 65367
NAVSTAR 58 (USA 190)    
1 29486U 06042A   23253.58848727 -.00000034  00000+0  00000+0 0  9991
2 29486  54.6842 191.4079 0103271  32.2732 123.4066  2.00569457124124
NAVSTAR 59 (USA 192)    
1 29601U 06052A   23253.29323598  .00000039  00000+0  00000+0 0  9997
2 29601  55.2642 254.1325 0083316  79.4105 281.5495  2.00549961123133
NAVSTAR 60 (USA 196)    
1 32260U 07047A   23253.10921130 -.00000020  00000+0  00000+0 0  9994
2 32260  53.4671 121.9014 0151610  70.7720 290.9439  2.00551251116539
COSMOS 2433             
1 32275U 07052A   23252.66357372 -.00000099  00000+0  00000+0 0  9993
2 32275  66.0205 349.7584 0003908 220.8730 139.1258  2.13104244123503
COSMOS 2432             
1 32276U 07052B   23252.69527567 -.00000099  00000+0  00000+0 0  9992
2 32276  66.0348 349.8662 0008301 318.9064  12.4588  2.13103351123520
NAVSTAR 61 (USA 199)    
1 32384U 07062A   23253.41084142 -.00000054  00000+0  00000+0 0  9992
2 32384  55.8688 314.5022 0024843 150.7045 197.4852  2.00559197115238
COSMOS 2434             
1 32393U 07065A   23253.50434664  .00000032  00000+0  00000+0 0  9998
2 32393  64.3366 226.0958 0000337  75.5817 100.6235  2.13103123122231
COSMOS 2436             
1 32395U 07065C   23252.80912403  .00000040  00000+0  00000+0 0  9993
2 32395  64.3454 226.1811 0015790 353.0301 145.3323  2.13102815122175
NAVSTAR 62 (USA 201)    
1 32711U 08012A   23253.02310445 -.00000033  00000+0  00000+0 0  9994
2 32711  54.4517 190.2600 0177574 235.8887 122.3981  2.00557469113472
NAVSTAR 64 (USA 206)    
1 35752U 09043A   23253.50947449 -.00000017  00000+0  00000+0 0  9992
2 35752  55.4392  67.4705 0058313  69.1859 298.6764  2.00557705103095
COSMOS 2456             
1 36111U 09070A   23253.32931878  .00000026  00000+0  00000+0 0  9990
2 36111  64.4928 105.6002 0002003 336.2855 224.7401  2.13099301106889
COSMOS 2457             
1 36112U 09070B   23252.84977213  .00000020  00000+0  00000+0 0  9994
2 36112  64.4764 105.4820 0005841 147.0234 176.9438  2.13101463106876
COSMOS 2460             
1 36402U 10007C   23252.55954449 -.00000099  00000+0  00000+0 0  9999
2 36402  65.8828 348.4765 0001526 180.9476 268.8225  2.13106399105171
NAVSTAR 65 (USA 213)    
1 36585U 10022A   23253.37962118  .00000036  00000+0  00000+0 0  9991
2 36585  54.5636 249.3423 0109381  59.6656 331.0604  2.00562335 97328
BEIDOU-2 IGSO-1         
1 36828U 10036A   23253.34073848 -.00000165  00000+0  00000+0 0  9990
2 36828  54.2359 172.1179 0036609 188.8107 217.4839  1.00251892 48073
QZS-1 (MICHIBIKI-1)     
1 37158U 10045A   23249.68402778 -.00000039  00000+0  00000+0 0  9997
2 37158  43.0227 127.4265 0003098 164.9546  55.5572  0.87715049 47490
BEIDOU-2 G4             
1 37210U 10057A   23253.60847358 -.00000124  00000+0  00000+0 0  9998
2 37210   1.1894  61.1414 0006332 155.5038 151.6929  1.00271704 47158
BEIDOU-2 IGSO-2         
1 37256U 10068A   23253.52619958 -.00000158  00000+0  00000+0 0  9991
2 37256  49.3972 284.2286 0032513 212.2927 150.3788  1.00282457 46663
BEIDOU-2 IGSO-3         
1 37384U 11013A   23253.30520727 -.00000154  00000+0  00000+0 0  9991
2 37384  60.9493  49.8358 0027952 174.5874 342.6655  1.00280676 45523
GSAT-8                  
1 37605U 11022A   23253.44374867  .00000072  00000+0  00000+0 0  9992
2 37605   0.0156 113.4120 0005331 136.1020 314.5269  1.00273989 43086
NAVSTAR 66 (USA 232)    
1 37753U 11036A   23253.25796325 -.00000109  00000+0  00000+0 0  9999
2 37753  56.7447  11.2380 0127037  56.3430 332.6268  2.00568723 89006
BEIDOU-2 IGSO-4         
1 37763U 11038A   23253.28314248 -.00000150  00000+0  00000+0 0  9991
2 37763  54.5100 174.6608 0112029 228.1251 143.7595  1.00273083 44513
GSAT0101 (GALILEO-PFM)  
1 37846U 11060A   23252.57600091 -.00000108  00000+0  00000+0 0  9996
2 37846  57.1103   9.1576 0001488  75.9740 284.0446  1.70476040 73870
GSAT0102 (GALILEO-FM2)  
1 37847U 11060B   23253.37447872 -.00000106  00000+0  00000+0 0  9990
2 37847  57.1107   9.1360 0001203 335.5252 200.7979  1.70475470 73898
COSMOS 2476             
1 37867U 11064A   23253.43888307  .00000027  00000+0  00000+0 0  9996
2 37867  64.7723 107.1262 0021194 232.0516 322.3900  2.13101839 92229
COSMOS 2477             
1 37868U 11064B   23253.42704035  .00000027  00000+0  00000+0 0  9991
2 37868  64.7796 107.1962 0018406 232.3486 130.8906  2.13101739 92225
COSMOS 2475             
1 37869U 11064C   23253.24632861  .00000024  00000+0  00000+0 0  9996
2 37869  64.7864 107.2145 0022534 250.6909 292.3981  2.13102104 92220
BEIDOU-2 IGSO-5         
1 37948U 11073A   23253.43670021 -.00000111  00000+0  00000+0 0  9993
2 37948  49.5227 283.8980 0095184 220.3725  98.1062  1.00271667 42998
LUCH-5A                 
1 37951U 11074B   23253.57969669 -.00000058  00000+0  00000+0 0  9992
2 37951   6.1578  89.5854 0004465  72.4865 203.0636  1.00269237 42910
BEIDOU-2 G5             
1 38091U 12008A   23253.15787955  .00000045  00000+0  00000+0 0  9991
2 38091   1.7227  68.5182 0003493 174.7416 221.2059  1.00275056 42239
BEIDOU-2 M3             
1 38250U 12018A   23252.03098451 -.00000114  00000+0  00000+0 0  9999
2 38250  56.5084 338.7196 0023632 255.5842 104.1926  1.86231251 77097
BEIDOU-2 M4             
1 38251U 12018B   23253.03631369 -.00000109  00000+0  00000+0 0  9996
2 38251  56.4185 337.9789 0014555 255.3423 104.5382  1.86231982 77119
SES-5                   
1 38652U 12036A   23253.29050192  .00000022  00000+0  00000+0 0  9991
2 38652   0.0543 309.5333 0001973 227.7636 281.3197  1.00271390 34356
BEIDOU-2 M6             
1 38775U 12050B   23252.20929685 -.00000010  00000+0  00000+0 0  9993
2 38775  55.6944  96.6035 0011546 340.0825  19.9520  1.86231356 74814
GSAT-10                 
1 38779U 12051B   23253.52102470 -.00000177  00000+0  00000+0 0  9993
2 38779   0.0476 270.0879 0002153 343.3508   6.4176  1.00270843 39981
NAVSTAR 67 (USA 239)    
1 38833U 12053A   23253.20006746 -.00000040  00000+0  00000+0 0  9999
2 38833  53.5125 184.9533 0142361  52.0465 309.2162  2.00567345 79168
GSAT0103 (GALILEO-FM3)  
1 38857U 12055A   23252.02859947 -.00000020  00000+0  00000+0 0  9993
2 38857  55.2836 129.3638 0002660 264.8241  95.2220  1.70473794 67752
GSAT0104 (GALILEO-FM4)  
1 38858U 12055B   23253.17122569 -.00000012  00000+0  00000+0 0  9995
2 38858  55.2842 129.3340 0000306 178.3128 181.7690  1.70474070 67770
BEIDOU-2 G6             
1 38953U 12059A   23253.37787258 -.00000185  00000+0  00000+0 0  9990
2 38953   1.8401  81.9214 0006952 310.0270 177.1623  1.00268543 39776
LUCH-5B                 
1 38977U 12061A   23253.28615080 -.00000144  00000+0  00000+0 0  9997
2 38977   8.2682  59.0722 0005724 112.9437 263.7704  1.00273386 39485
COSMOS 2485             
1 39155U 13019A   23253.12743426  .00000023  00000+0  00000+0 0  9994
2 39155  64.9324 107.6616 0021712 227.9998 131.9020  2.13102037 80732
NAVSTAR 68 (USA 242)    
1 39166U 13023A   23253.06245133 -.00000046  00000+0  00000+0 0  9992
2 39166  55.3521 309.8874 0114316  41.6903 319.2430  2.00564382 75606
IRNSS-1A                
1 39199U 13034A   23252.08242812  .00000073  00000+0  00000+0 0  9991
2 39199  33.4344  78.6203 0020346 176.5021 177.7262  1.00280977 37216
NAVSTAR 69 (USA 248)    
1 39533U 14008A   23253.06126169 -.00000034  00000+0  00000+0 0  9998
2 39533  53.5997 190.5174 0067206 215.7409 143.7897  2.00552053 69409
ASTRA 5B                
1 39617U 14011B   23253.29415687  .00000125  00000+0  00000+0 0  9996
2 39617   0.0837 302.1555 0003235 254.9139 281.3770  1.00270771 34531
COSMOS 2492             
1 39620U 14012A   23252.61361529 -.00000099  00000+0  00000+0 0  9992
2 39620  65.7663 348.0926 0011450 315.6828  44.2558  2.13103246 73685
IRNSS-1B                
1 39635U 14017A   23253.08555878  .00000115  00000+0  00000+0 0  9995
2 39635  28.6945 257.5686 0019724 192.3906 344.8113  1.00276407 34653
LUCH-5V                 
1 39727U 14023A   23253.57722644 -.00000279  00000+0  00000+0 0  9997
2 39727   2.5887  77.2592 0003721 136.6682  77.9237  1.00269344 34222
NAVSTAR 70 (USA 251)    
1 39741U 14026A   23253.34280506 -.00000109  00000+0  00000+0 0  9999
2 39741  56.6972  10.7569 0029161 310.6888  49.0653  2.00556862 68265
COSMOS 2500             
1 40001U 14032A   23253.26609086 -.00000096  00000+0  00000+0 0  9991
2 40001  65.7043 347.8976 0008131 199.5477 160.4524  2.13106022 71918
NAVSTAR 71 (USA 256)    
1 40105U 14045A   23252.92746643 -.00000026  00000+0  00000+0 0  9996
2 40105  54.8144 128.8486 0025072 113.2395 247.0995  2.00578159 65795
GSAT0201 (GALILEO 5)    
1 40128U 14050A   23252.19393674 -.00000075  00000+0  00000+0 0  9992
2 40128  49.9307 314.3729 1608755 140.5616 232.3473  1.85519376 59545
GSAT0202 (GALILEO 6)    
1 40129U 14050B   23253.53129272 -.00000066  00000+0  00000+0 0  9993
2 40129  49.9487 313.3910 1606589 141.4222 231.2491  1.85520059 61734
IRNSS-1C                
1 40269U 14061A   23253.52102470 -.00000173  00000+0  00000+0 0  9999
2 40269   3.9774 112.5202 0019948  18.3162 129.0116  1.00269739 32550
NAVSTAR 72 (USA 258)    
1 40294U 14068A   23252.80634184 -.00000014  00000+0  00000+0 0  9990
2 40294  56.1825  70.2455 0049128  62.0581 298.4875  2.00572315 64926
COSMOS 2501             
1 40315U 14075A   23253.04679263  .00000035  00000+0  00000+0 0  9998
2 40315  63.6401 225.4604 0019926 211.2469 148.6242  2.13101373 68305
NAVSTAR 73 (USA 260)    
1 40534U 15013A   23253.44130532  .00000030  00000+0  00000+0 0  9994
2 40534  53.4622 246.0366 0080647  25.3574 335.0429  2.00554401 61552
GSAT0203 (GALILEO 7)    
1 40544U 15017A   23252.35545707 -.00000108  00000+0  00000+0 0  9999
2 40544  56.9055   9.1359 0003270 226.9101 133.0648  1.70476287 51956
GSAT0204 (GALILEO 8)    
1 40545U 15017B   23252.02251478 -.00000108  00000+0  00000+0 0  9993
2 40545  56.9116   9.1593 0003582 209.7955 150.1866  1.70475821 14995
IRNSS-1D                
1 40547U 15018A   23252.45172344 -.00000270  00000+0  00000+0 0  9997
2 40547  28.0651 257.5484 0019905 192.9248 172.2309  1.00272063 30848
BEIDOU-3S IGSO-1S       
1 40549U 15019A   23253.57576616 -.00000138  00000+0  00000+0 0  9997
2 40549  51.0876 307.4979 0040988 196.0238 146.4196  1.00255414 30936
NAVSTAR 74 (USA 262)    
1 40730U 15033A   23253.10443265 -.00000043  00000+0  00000+0 0  9992
2 40730  54.8405 308.4970 0085386  13.9403 346.3627  2.00555037 59713
BEIDOU-3S M2S           
1 40748U 15037A   23253.23900494 -.00000107  00000+0  00000+0 0  9992
2 40748  55.6586 336.5679 0011502 241.6533 118.2747  1.86233333 55295
BEIDOU-3S M1S           
1 40749U 15037B   23252.97216572 -.00000108  00000+0  00000+0 0  9991
2 40749  55.6619 336.5632 0003368 299.0495  60.9600  1.86233035 55297
GSAT0205 (GALILEO 9)    
1 40889U 15045A   23252.37704965  .00000039  00000+0  00000+0 0  9999
2 40889  55.3615 249.5565 0003467 358.4311   1.5787  1.70473430 49760
GSAT0206 (GALILEO 10)   
1 40890U 15045B   23253.18432239  .00000037  00000+0  00000+0 0  9991
2 40890  55.3599 249.5298 0002408 325.4744  34.5195  1.70473385 49807
BEIDOU-3S IGSO-2S       
1 40938U 15053A   23253.52337656 -.00000086  00000+0  00000+0 0  9993
2 40938  50.8002 270.6710 0048062 194.3832 168.8562  1.00282263 29229
NAVSTAR 75 (USA 265)    
1 41019U 15062A   23253.15691967 -.00000013  00000+0  00000+0 0  9991
2 41019  56.1663  70.0819 0089353 221.0287 138.3439  2.00562402 57553
GSAT-15                 
1 41028U 15065A   23253.52311550 -.00000270  00000+0  00000+0 0  9997
2 41028   0.0495 273.1250 0001814 242.9029 115.0957  1.00271956 28668
GSAT0209 (GALILEO 12)   
1 41174U 15079A   23252.76945423 -.00000015  00000+0  00000+0 0  9998
2 41174  55.3015 129.0503 0002922 333.5317  26.5334  1.70474096 47538
GSAT0208 (GALILEO 11)   
1 41175U 15079B   23251.22929910 -.00000024  00000+0  00000+0 0  9992
2 41175  55.2993 129.0909 0002544 331.7638  28.2972  1.70474006 48088
IRNSS-1E                
1 41241U 16003A   23253.61922395 -.00000295  00000+0  00000+0 0  9999
2 41241  30.9907  77.6995 0020493 175.9911  70.5104  1.00273630 27947
NAVSTAR 76 (USA 266)    
1 41328U 16007A   23252.74997231 -.00000028  00000+0  00000+0 0  9997
2 41328  55.0183 129.6352 0071424 233.8297 125.5804  2.00575444 55558
COSMOS 2514             
1 41330U 16008A   23253.02814360 -.00000097  00000+0  00000+0 0  9990
2 41330  65.5015 347.4855 0011882 208.0994 151.8680  2.13102632 59073
IRNSS-1F                
1 41384U 16015A   23253.22427775  .00000146  00000+0  00000+0 0  9993
2 41384   2.9446 129.5518 0018608 177.0095 155.3547  1.00271315 27526
BEIDOU-2 IGSO-6         
1 41434U 16021A   23253.33721650 -.00000135  00000+0  00000+0 0  9996
2 41434  58.7635  48.2033 0047357 218.1008 300.7500  1.00282302 27347
IRNSS-1G                
1 41469U 16027A   23253.59985346 -.00000347  00000+0  00000+0 0  9997
2 41469   2.8355 131.1832 0002622 355.3830 208.2261  1.00276167 27041
GSAT0211 (GALILEO 14)   
1 41549U 16030A   23250.17706740  .00000042  00000+0  00000+0 0  9991
2 41549  55.5090 249.5934 0003960 309.2510  50.7225  1.70473515 45387
GSAT0210 (GALILEO 13)   
1 41550U 16030B   23252.22835444  .00000040  00000+0  00000+0 0  9993
2 41550  55.5074 249.5382 0004192 275.3917  84.5714  1.70473630 45410
COSMOS 2516             
1 41554U 16032A   23253.14269293  .00000035  00000+0  00000+0 0  9998
2 41554  63.8665 225.8595 0015425 214.4861 145.4036  2.13106470 56686
BEIDOU-2 G7             
1 41586U 16037A   23253.58717128 -.00000365  00000+0  00000+0 0  9998
2 41586   1.8847  68.5223 0006684 343.7342 258.9957  1.00268277 26657
EUTELSAT 117 WEST B     
1 41589U 16038B   23253.43372144 -.00000023  00000+0  00000+0 0  9992
2 41589   0.0243  28.6622 0000298  80.5116 279.1809  1.00272274 26520
GSAT0207 (GALILEO 15)   
1 41859U 16069A   23251.30352736 -.00000024  00000+0  00000+0 0  9996
2 41859  54.9639 129.1617 0003038 308.6250  51.4224  1.70474019 42131
GSAT0212 (GALILEO 16)   
1 41860U 16069B   23251.74478306 -.00000022  00000+0  00000+0 0  9996
2 41860  54.9614 129.1462 0002237   4.7578 355.3200  1.70474211 42393
GSAT0213 (GALILEO 17)   
1 41861U 16069C   23253.28406823 -.00000011  00000+0  00000+0 0  9991
2 41861  54.9643 129.1095 0002370 276.8957  83.1597  1.70472958 42288
GSAT0214 (GALILEO 18)   
1 41862U 16069D   23251.08494650 -.00000025  00000+0  00000+0 0  9998
2 41862  54.9621 129.1643 0001721 286.6121  73.4432  1.70472699 42377
SES-15                  
1 42709U 17026A   23253.55044059  .00000048  00000+0  00000+0 0  9995
2 42709   0.0278  44.5467 0000330 163.2485 210.5209  1.00269059 24003
QZS-2 (MICHIBIKI-2)     
1 42738U 17028A   23253.36006240 -.00000152  00000+0  00000+0 0  9995
2 42738  41.0351 257.7801 0751289 270.1674  91.7727  1.00263415 23010
QZS-3 (MICHIBIKI-3)     
1 42917U 17048A   23253.59885373 -.00000360  00000+0  00000+0 0  9994
2 42917   0.0559 191.6626 0002231   4.7361 135.5915  1.00269538 22124
COSMOS 2522             
1 42939U 17055A   23253.33914440  .00000034  00000+0  00000+0 0  9993
2 42939  64.1005 226.3796 0009679 243.3706 116.5200  2.13102011 46439
QZS-4 (MICHIBIKI-4)     
1 42965U 17062A   23252.63137685 -.00000348  00000+0  00000+0 0  9999
2 42965  40.6335 356.3782 0748458 269.3890  89.4747  1.00279882 21678
BEIDOU-3 M1             
1 43001U 17069A   23253.04954155  .00000001  00000+0  00000+0 0  9998
2 43001  55.8464  96.6346 0007626 302.2813  57.7274  1.86231795 39776
BEIDOU-3 M2             
1 43002U 17069B   23252.98627991  .00000000  00000+0  00000+0 0  9995
2 43002  55.8457  96.6731 0006115 334.7188  25.3337  1.86231288 39761
GSAT0215 (GALILEO 19)   
1 43055U 17079A   23251.57360538  .00000041  00000+0  00000+0 0  9994
2 43055  55.4848 249.3810 0003709 269.7678  90.2004  1.70474163 35729
GSAT0216 (GALILEO 20)   
1 43056U 17079B   23252.45210373  .00000039  00000+0  00000+0 0  9991
2 43056  55.4845 249.3566 0005267 275.3527  84.5976  1.70474289 35758
GSAT0217 (GALILEO 21)   
1 43057U 17079C   23253.25904149  .00000037  00000+0  00000+0 0  9990
2 43057  55.4823 249.3334 0004629 284.3244  75.6332  1.70474271 35753
GSAT0218 (GALILEO 22)   
1 43058U 17079D   23251.71934705  .00000041  00000+0  00000+0 0  9996
2 43058  55.4833 249.3734 0005730 272.4851  87.4600  1.70474229 35757
BEIDOU-3 M7             
1 43107U 18003A   23253.27400800 -.00000108  00000+0  00000+0 0  9991
2 43107  55.1149 337.2808 0003380  78.3784 281.7022  1.86232614 38527
BEIDOU-3 M8             
1 43108U 18003B   23252.67520515 -.00000111  00000+0  00000+0 0  9995
2 43108  55.1082 337.2882 0004104 243.5376 116.4617  1.86231015 38522
BEIDOU-3 M4             
1 43207U 18018A   23253.11755571  .00000002  00000+0  00000+0 0  9991
2 43207  55.8051  96.7310 0004898  15.6515 344.4467  1.86231727 37919
BEIDOU-3 M3             
1 43208U 18018B   23252.11030290 -.00000011  00000+0  00000+0 0  9996
2 43208  55.8039  96.7691 0005689 320.6139  39.4240  1.86231594 37897
BEIDOU-3 M9             
1 43245U 18029A   23252.87004939 -.00000107  00000+0  00000+0 0  9999
2 43245  55.0090 335.0277 0001478 217.2925 142.7419  1.86232888 37064
BEIDOU-3 M10            
1 43246U 18029B   23253.33702057 -.00000104  00000+0  00000+0 0  9995
2 43246  55.0061 335.0404 0002702 353.9879   6.0547  1.86233074 37053
IRNSS-1I                
1 43286U 18035A   23253.11785689  .00000083  00000+0  00000+0 0  9999
2 43286  29.2636  90.0972 0019590 176.0719 180.2163  1.00274251 19930
COSMOS 2527             
1 43508U 18053A   23252.82863083  .00000019  00000+0  00000+0 0  9997
2 43508  65.0936 107.7654 0007341 218.0496 141.9845  2.13102513 40729
BEIDOU-2 IGSO-7         
1 43539U 18057A   23252.77399675 -.00000174  00000+0  00000+0 0  9993
2 43539  55.1202 171.8115 0064361 231.1941 337.6758  1.00282220 19002
GSAT0221 (GALILEO 25)   
1 43564U 18060A   23252.20566576 -.00000108  00000+0  00000+0 0  9996
2 43564  57.2858   9.0692 0002924 253.6036 106.3666  1.70476219 31916
GSAT0222 (GALILEO 26)   
1 43565U 18060B   23252.42375827 -.00000108  00000+0  00000+0 0  9998
2 43565  57.2895   9.0646 0003499 212.1864 147.7945  1.70475994 31967
GSAT0219 (GALILEO 23)   
1 43566U 18060C   23252.05949860 -.00000108  00000+0  00000+0 0  9992
2 43566  57.2886   9.0765 0001971 255.1948 104.7857  1.70476241 31931
GSAT0220 (GALILEO 24)   
1 43567U 18060D   23253.45308688 -.00000106  00000+0  00000+0 0  9993
2 43567  57.2882   9.0389 0002462 250.9107 109.0647  1.70476248 31949
BEIDOU-3 M5             
1 43581U 18062A   23252.48337379  .00000011  00000+0  00000+0 0  9996
2 43581  54.1775 216.7367 0005189 281.3882  78.5250  1.86232011 34793
BEIDOU-3 M6             
1 43582U 18062B   23252.34935139  .00000013  00000+0  00000+0 0  9992
2 43582  54.1772 216.7307 0005075 356.2864   3.6817  1.86229843 34798
BEIDOU-3 M12            
1 43602U 18067A   23252.82254785  .00000005  00000+0  00000+0 0  9995
2 43602  54.2643 215.3707 0007020  12.6333 347.3540  1.86231562 34280
BEIDOU-3 M11            
1 43603U 18067B   23251.88248154  .00000017  00000+0  00000+0 0  9997
2 43603  54.2614 215.3682 0004127 357.1899   2.7803  1.86231505 34292
BEIDOU-3 M13            
1 43622U 18072A   23252.37833377 -.00000007  00000+0  00000+0 0  9996
2 43622  55.7742  96.2960 0004384 298.8353  61.2005  1.86231720 33817
BEIDOU-3 M14            
1 43623U 18072B   23252.24378930 -.00000009  00000+0  00000+0 0  9994
2 43623  55.7759  96.2933 0002978 348.9733  11.0995  1.86231717 33808
BEIDOU-3 M16            
1 43647U 18078A   23252.40630371 -.00000109  00000+0  00000+0 0  9995
2 43647  54.9056 335.1658 0005915   8.7978 351.2558  1.86227395 33317
BEIDOU-3 M15            
1 43648U 18078B   23253.07373494 -.00000106  00000+0  00000+0 0  9997
2 43648  54.9007 335.1468 0002768  20.7172 339.3390  1.86232403 33346
BEIDOU-3 G1             
1 43683U 18085A   23253.54212398 -.00000290  00000+0  00000+0 0  9995
2 43683   1.5271 123.9510 0002977 351.4286 209.0567  1.00277639 17920
COSMOS 2529             
1 43687U 18086A   23252.92787614  .00000040  00000+0  00000+0 0  9991
2 43687  64.3159 226.8308 0011361 262.4348  97.4276  2.13102093 37734
BEIDOU-3 M17            
1 43706U 18093A   23253.22172266  .00000002  00000+0  00000+0 0  9994
2 43706  54.2597 216.6292 0010281 280.6879  79.1653  1.86232105 32716
BEIDOU-3 M18            
1 43707U 18093B   23252.01385002  .00000017  00000+0  00000+0 0  9991
2 43707  54.2608 216.6618 0008514 305.3861  54.5072  1.86229906 32687
NAVSTAR 77 (USA 289)    
1 43873U 18109A   23251.14706225 -.00000042  00000+0  00000+0 0  9999
2 43873  55.1937 132.2145 0025650 190.9887 346.8688  2.00569076 34752
BEIDOU-3 IGSO-1         
1 44204U 19023A   23252.82549355 -.00000192  00000+0  00000+0 0  9995
2 44204  57.2293  48.1839 0023528 194.6268 162.8067  1.00281323 16190
BEIDOU-2 G8             
1 44231U 19027A   23253.56578907 -.00000259  00000+0  00000+0 0  9990
2 44231   1.9708  81.1101 0006603 132.3653 124.0741  1.00270325 15949
COSMOS 2534             
1 44299U 19030A   23253.44319744  .00000034  00000+0  00000+0 0  9997
2 44299  64.3886 226.7401 0013510 281.3933 248.0870  2.13102046 33381
BEIDOU-3 IGSO-2         
1 44337U 19035A   23252.19411882 -.00000176  00000+0  00000+0 0  9990
2 44337  55.1530 167.7497 0032968 197.0390 172.8356  1.00273335 15529
NAVSTAR 78 (USA 293)    
1 44506U 19056A   23253.47604299 -.00000110  00000+0  00000+0 0  9997
2 44506  55.8223  11.1977 0037113 185.4886 133.5805  2.00565945 29795
BEIDOU-3 M24            
1 44542U 19061A   23253.15941919  .00000004  00000+0  00000+0 0  9992
2 44542  54.4868 216.8625 0008425 339.9980  19.9383  1.86231529 26969
BEIDOU-3 M23            
1 44543U 19061B   23253.36581022  .00000002  00000+0  00000+0 0  9999
2 44543  54.4854 216.8244 0005901 323.6514  86.5590  1.86231924 26971
BEIDOU-3 IGSO-3         
1 44709U 19073A   23252.50969798 -.00000145  00000+0  00000+0 0  9990
2 44709  56.5254 291.6975 0035176 190.1008 169.9248  1.00280608 14316
BEIDOU-3 M22            
1 44793U 19078A   23251.93089384 -.00000111  00000+0  00000+0 0  9991
2 44793  54.7541 335.1489 0004777  17.7680 342.2911  1.86232360 25798
BEIDOU-3 M21            
1 44794U 19078B   23253.13535128 -.00000106  00000+0  00000+0 0  9992
2 44794  54.7272 335.0892 0002739   8.1073 351.9423  1.86232826 25829
COSMOS 2544             
1 44850U 19088A   23250.42605579 -.00000008  00000+0  00000+0 0  9994
2 44850  65.0785 107.6889 0011319 251.9509 108.0045  2.13102234 29118
BEIDOU-3 M19            
1 44864U 19090A   23253.12410319  .00000001  00000+0  00000+0 0  9990
2 44864  55.7091  96.4573 0015311 275.9159 270.3765  1.86232013 25405
BEIDOU-3 M20            
1 44865U 19090B   23253.56477701  .00000007  00000+0  00000+0 0  9993
2 44865  55.7113  96.4753 0013231 291.3684 280.1590  1.86231979 25398
BEIDOU-3 G2             
1 45344U 20017A   23253.52041554 -.00000152  00000+0  00000+0 0  9998
2 45344   2.0517  16.5057 0003124 161.9452  78.2277  1.00272816 13126
COSMOS 2545             
1 45358U 20018A   23253.43838914 -.00000096  00000+0  00000+0 0  9995
2 45358  64.8417 347.7116 0010150 237.6839 122.2498  2.13102678 27121
BEIDOU-3 G3             
1 45807U 20040A   23253.58717094 -.00000365  00000+0  00000+0 0  9999
2 45807   0.6108 344.9788 0006025 329.4942 356.8490  1.00273059 11936
NAVSTAR 79 (USA 304)    
1 45854U 20041A   23253.54986623 -.00000014  00000+0  00000+0 0  9995
2 45854  55.8883  68.4777 0036302 186.2111 129.5095  2.00563642 23765
GALAXY 30 (G-30)        
1 46114U 20056C   23253.55122378  .00000025  00000+0  00000+0 0  9992
2 46114   0.0257 140.0325 0002624  47.5195 235.2148  1.00271945 11154
COSMOS 2547             
1 46805U 20075A   23253.15808912  .00000037  00000+0  00000+0 0  9994
2 46805  64.6159 226.3076 0008484 244.0326 115.8705  2.13102944 22363
NAVSTAR 80 (USA 309)    
1 46826U 20078A   23253.26202432  .00000036  00000+0  00000+0 0  9996
2 46826  54.3099 251.8229 0036097 194.8199 248.5671  2.00562947 21239
NAVSTAR 81 (USA 319)    
1 48859U 21054A   23253.41507242 -.00000109  00000+0  00000+0 0  9995
2 48859  55.3399  12.9832 0012386 211.8623 164.5422  2.00573557 16485
GSAT0223 (GALILEO 27)   
1 49809U 21116A   23252.13829663 -.00000108  00000+0  00000+0 0  9991
2 49809  57.2797   8.9701 0003492 181.1419 182.1976  1.70476404 10937
GSAT0224 (GALILEO 28)   
1 49810U 21116B   23252.23793753 -.00000108  00000+0  00000+0 0  9994
2 49810  57.2805   8.9656 0002780 171.6730   5.3004  1.70476391 10952
COSMOS 2557             
1 52984U 22075A   23252.38215308 -.00000101  00000+0  00000+0 0  9999
2 52984  64.7588 349.9069 0011949 275.4244  84.4670  2.13102401  9136
COSMOS 2559             
1 54031U 22130A   23252.79340735 -.00000100  00000+0  00000+0 0  9993
2 54031  64.7300 350.0200 0007215 217.6260 142.3515  2.13101616  7137
COSMOS 2564             
1 54377U 22161A   23252.98652134  .00000039  00000+0  00000+0 0  9990
2 54377  64.7567 226.3674 0010807 226.2804 133.6212  2.13102208  6084
NAVSTAR 82 (USA 343)    
1 55268U 23009A   23253.09771667 -.00000035  00000+0  00000+0 0  9995
2 55268  55.0887 188.1882 0004389  91.0562  97.2574  2.00555443  4965
BEIDOU-3 G4             
1 56564U 23066A   23253.57720595 -.00000124  00000+0  00000+0 0  9994
2 56564   2.8299 288.7721 0006680 214.4863 213.8755  1.00273254  1265
IRNSS-1J (NVS-01)       
1 56759U 23076A   23253.53539149 -.00000352  00000+0  00000+0 0  9993
2 56759   4.7246 271.9469 0006185 336.3494  63.2421  1.00271384   988
