NAVSTAR 43 (USA 132)    
1 24876U 97035A   23247.09794888 -.00000007  00000+0  00000+0 0  9998
2 24876  55.5869 138.3541 0072550  52.3226 308.4013  2.00564004191552
NAVSTAR 47 (USA 150)    
1 26360U 00025A   23247.47717286 -.00000053  00000+0  00000+0 0  9991
2 26360  54.4328  60.5962 0041469 199.2652 164.2816  2.00570708170882
NAVSTAR 51 (USA 166)    
1 27663U 03005A   23247.50444477  .00000030  00000+0  00000+0 0  9996
2 27663  55.2461 255.4033 0131865  44.6835 318.2862  2.00565981150928
NAVSTAR 52 (USA 168)    
1 27704U 03010A   23246.79466972 -.00000105  00000+0  00000+0 0  9996
2 27704  55.1156   5.3929 0248675 318.7263 110.0232  2.00574780149708
NAVSTAR 54 (USA 177)    
1 28190U 04009A   23247.37394432 -.00000078  00000+0  00000+0 0  9990
2 28190  55.6902 316.4682 0092909 138.6896 286.4572  2.00567253142550
NAVSTAR 56 (USA 180)    
1 28474U 04045A   23247.18538626 -.00000105  00000+0  00000+0 0  9990
2 28474  55.4426   5.6985 0162292 282.5417  61.9076  2.00579876138024
ANIK F1R                
1 28868U 05036A   23247.55438757 -.00000086  00000+0  00000+0 0  9991
2 28868   1.6883  89.0487 0002322  54.0411 292.5852  1.00272039 36253
NAVSTAR 57 (USA 183)    
1 28874U 05038A   23247.34041344 -.00000074  00000+0  00000+0 0  9996
2 28874  55.7416 313.9216 0139550 279.5078 142.9465  2.00575420131444
INMARSAT 4-F2           
1 28899U 05044A   23247.49783105 -.00000002  00000+0  00000+0 0  9995
2 28899   3.8596  40.6947 0002843 136.3989  49.3731  1.00271535 65322
NAVSTAR 58 (USA 190)    
1 29486U 06042A   23246.89050146  .00000028  00000+0  00000+0 0  9999
2 29486  54.6851 191.6733 0103115  32.0472 327.1817  2.00569748123982
NAVSTAR 59 (USA 192)    
1 29601U 06052A   23247.30985997  .00000029  00000+0  00000+0 0  9998
2 29601  55.2670 254.3702 0083266  79.3956 281.5565  2.00549549123019
NAVSTAR 60 (USA 196)    
1 32260U 07047A   23247.12593457 -.00000016  00000+0  00000+0 0  9991
2 32260  53.4645 122.1496 0151367  70.6172 291.0949  2.00551410116418
COSMOS 2433             
1 32275U 07052A   23247.03247333 -.00000085  00000+0  00000+0 0  9998
2 32275  66.0222 349.9455 0003714 218.3286 141.6740  2.13104092123385
COSMOS 2432             
1 32276U 07052B   23247.53506022 -.00000088  00000+0  00000+0 0  9990
2 32276  66.0362 350.0375 0008181 320.3681  12.2647  2.13103205123419
NAVSTAR 61 (USA 199)    
1 32384U 07062A   23247.58129913 -.00000075  00000+0  00000+0 0  9992
2 32384  55.8733 314.7331 0024891 150.3034 308.7757  2.00558742115125
COSMOS 2434             
1 32393U 07065A   23247.14511582  .00000058  00000+0  00000+0 0  9994
2 32393  64.3372 226.3119 0000188  89.1479 248.4419  2.13103057122094
COSMOS 2436             
1 32395U 07065C   23247.24094472  .00000058  00000+0  00000+0 0  9991
2 32395  64.3460 226.3704 0015720 352.5517 194.0736  2.13102768122054
NAVSTAR 62 (USA 201)    
1 32711U 08012A   23247.03999348  .00000027  00000+0  00000+0 0  9995
2 32711  54.4524 190.4984 0177517 235.8446 122.4457  2.00557210113355
NAVSTAR 64 (USA 206)    
1 35752U 09043A   23247.56855859 -.00000044  00000+0  00000+0 0  9994
2 35752  55.4338  67.7077 0058385  68.9991 329.3510  2.00557892102977
COSMOS 2456             
1 36111U 09070A   23246.91841002  .00000001  00000+0  00000+0 0  9999
2 36111  64.4898 105.8205 0002196 333.7640 349.0936  2.13099192106746
COSMOS 2457             
1 36112U 09070B   23247.51698936 -.00000005  00000+0  00000+0 0  9998
2 36112  64.4738 105.6653 0005636 147.6371  45.2115  2.13101374106762
COSMOS 2460             
1 36402U 10007C   23247.34467529 -.00000087  00000+0  00000+0 0  9995
2 36402  65.8844 348.6507 0001502 172.2599 236.7902  2.13106253105062
NAVSTAR 65 (USA 213)    
1 36585U 10022A   23247.46276066  .00000034  00000+0  00000+0 0  9992
2 36585  54.5661 249.5813 0109195  59.6674  18.7983  2.00561945 97206
BEIDOU-2 IGSO-1         
1 36828U 10036A   23247.23744361 -.00000135  00000+0  00000+0 0  9993
2 36828  54.2368 172.1730 0036813 189.1732 174.3287  1.00253276 48011
QZS-1 (MICHIBIKI-1)     
1 37158U 10045A   23235.98548465 -.00000031  00000+0  00000+0 0  9991
2 37158  42.8909 127.5505 0036254  12.7354 203.3381  0.88330244 47378
BEIDOU-2 G4             
1 37210U 10057A   23247.60684329 -.00000125  00000+0  00000+0 0  9999
2 37210   1.1766  60.8886 0006133 152.6165 148.3358  1.00271239 47098
BEIDOU-2 IGSO-2         
1 37256U 10068A   23247.50930426 -.00000188  00000+0  00000+0 0  9991
2 37256  49.4070 284.3015 0032598 212.0335 138.3700  1.00283863 46592
BEIDOU-2 IGSO-3         
1 37384U 11013A   23247.38382736 -.00000176  00000+0  00000+0 0  9992
2 37384  60.9403  49.8922 0027887 173.9850   5.5743  1.00281597 45464
GSAT-8                  
1 37605U 11022A   23247.49609060  .00000072  00000+0  00000+0 0  9996
2 37605   0.0167 136.4931 0004987 112.3514 328.1561  1.00270592 43020
NAVSTAR 66 (USA 232)    
1 37753U 11036A   23247.26153328 -.00000100  00000+0  00000+0 0  9994
2 37753  56.7439  11.4702 0127098  56.3232 322.8509  2.00568482 88880
BEIDOU-2 IGSO-4         
1 37763U 11038A   23247.22993088 -.00000102  00000+0  00000+0 0  9990
2 37763  54.5107 174.7147 0112210 228.1600 118.5525  1.00273958 44445
GSAT0101 (GALILEO-PFM)  
1 37846U 11060A   23246.12357169 -.00000101  00000+0  00000+0 0  9998
2 37846  57.1100   9.3321 0001723  76.6118 283.4070  1.70475821 73766
GSAT0102 (GALILEO-FM2)  
1 37847U 11060B   23246.63588939 -.00000102  00000+0  00000+0 0  9997
2 37847  57.1105   9.3182 0001191 348.4252  12.2893  1.70475229 73780
COSMOS 2476             
1 37867U 11064A   23247.32896841 -.00000003  00000+0  00000+0 0  9994
2 37867  64.7698 107.3338 0021240 232.5848 314.5467  2.13101727 92093
COSMOS 2477             
1 37868U 11064B   23247.56074469 -.00000005  00000+0  00000+0 0  9997
2 37868  64.7770 107.3953 0018446 232.9546 309.8724  2.13101633 92090
COSMOS 2475             
1 37869U 11064C   23247.14980074 -.00000001  00000+0  00000+0 0  9996
2 37869  64.7841 107.4215 0022631 251.1267 294.9166  2.13102001 92090
BEIDOU-2 IGSO-5         
1 37948U 11073A   23247.55785469 -.00000142  00000+0  00000+0 0  9996
2 37948  49.5322 283.9689 0095229 220.2734 136.0115  1.00272516 42939
LUCH-5A                 
1 37951U 11074B   23247.49923012 -.00000059  00000+0  00000+0 0  9999
2 37951   6.1433  89.6930 0004809  62.7083 177.7486  1.00274471 42851
BEIDOU-2 G5             
1 38091U 12008A   23247.49678678  .00000045  00000+0  00000+0 0  9992
2 38091   1.7099  68.4371 0003167 170.9357 341.4760  1.00272659 42178
BEIDOU-2 M3             
1 38250U 12018A   23246.66142699 -.00000106  00000+0  00000+0 0  9996
2 38250  56.5115 338.8978 0023396 255.4037 104.3776  1.86231067 76991
BEIDOU-2 M4             
1 38251U 12018B   23246.59286774 -.00000105  00000+0  00000+0 0  9991
2 38251  56.4221 338.1931 0014278 254.9675 104.9160  1.86231769 76994
SES-5                   
1 38652U 12036A   23247.27111657  .00000021  00000+0  00000+0 0  9995
2 38652   0.0463 305.8755 0002199 223.5380 276.2869  1.00272390 34287
BEIDOU-2 M6             
1 38775U 12050B   23246.83977359 -.00000021  00000+0  00000+0 0  9998
2 38775  55.6901  96.7835 0011721 339.6813  20.3523  1.86231220 74361
GSAT-10                 
1 38779U 12051B   23247.55236841 -.00000177  00000+0  00000+0 0  9999
2 38779   0.0597 273.2480 0001800 336.4945  15.5297  1.00271096 39924
NAVSTAR 67 (USA 239)    
1 38833U 12053A   23247.21726919  .00000021  00000+0  00000+0 0  9992
2 38833  53.5132 185.1977 0141965  51.9335 309.3276  2.00567149 79040
GSAT0103 (GALILEO-FM3)  
1 38857U 12055A   23246.74936496 -.00000009  00000+0  00000+0 0  9997
2 38857  55.2816 129.5091 0002403 262.2732  97.7838  1.70473570 67661
GSAT0104 (GALILEO-FM4)  
1 38858U 12055B   23245.54564376 -.00000001  00000+0  00000+0 0  9991
2 38858  55.2815 129.5439 0000301 226.5473 133.5376  1.70473880 67645
BEIDOU-2 G6             
1 38953U 12059A   23247.55236862 -.00000187  00000+0  00000+0 0  9995
2 38953   1.8259  81.9546 0007149 312.4630 231.8323  1.00268887 39710
LUCH-5B                 
1 38977U 12061A   23247.26685247 -.00000148  00000+0  00000+0 0  9994
2 38977   8.2550  59.1263 0005988 109.9421 253.8210  1.00270959 39420
COSMOS 2485             
1 39155U 13019A   23247.02704484  .00000000  00000+0  00000+0 0  9992
2 39155  64.9298 107.8675 0021744 228.4996 131.3979  2.13101934 80606
NAVSTAR 68 (USA 242)    
1 39166U 13023A   23247.07949655 -.00000067  00000+0  00000+0 0  9999
2 39166  55.3569 310.1277 0114223  41.7141 319.2150  2.00564225 75483
IRNSS-1A                
1 39199U 13034A   23245.63265355  .00000075  00000+0  00000+0 0  9993
2 39199  33.4191  78.7162 0020121 176.4036   9.3029  1.00279052 37153
NAVSTAR 69 (USA 248)    
1 39533U 14008A   23247.07800582  .00000026  00000+0  00000+0 0  9990
2 39533  53.6004 190.7610 0067234 215.7571 143.7755  2.00551636 69282
ASTRA 5B                
1 39617U 14011B   23247.27485854  .00000124  00000+0  00000+0 0  9999
2 39617   0.0581 314.9307 0003027 237.0237 273.6007  1.00273605 34472
COSMOS 2492             
1 39620U 14012A   23246.98249348 -.00000085  00000+0  00000+0 0  9994
2 39620  65.7681 348.2813 0011314 316.7613  43.1811  2.13103085 73563
IRNSS-1B                
1 39635U 14017A   23245.63265355  .00000099  00000+0  00000+0 0  9996
2 39635  28.7088 257.6937 0019888 192.0617 174.5523  1.00274071 34589
LUCH-5V                 
1 39727U 14023A   23247.55660955 -.00000281  00000+0  00000+0 0  9997
2 39727   2.5742  77.2885 0003518 130.8984  70.3427  1.00270854 34161
NAVSTAR 70 (USA 251)    
1 39741U 14026A   23247.35959818 -.00000100  00000+0  00000+0 0  9993
2 39741  56.6966  10.9888 0028999 310.9516  48.8044  2.00557117 68145
COSMOS 2500             
1 40001U 14032A   23246.69653444 -.00000084  00000+0  00000+0 0  9994
2 40001  65.7064 348.1183 0007990 197.5634 162.4403  2.13105844 71773
NAVSTAR 71 (USA 256)    
1 40105U 14045A   23246.94495536 -.00000009  00000+0  00000+0 0  9994
2 40105  54.8123 129.0878 0024832 113.1808 247.1584  2.00577652 65670
GSAT0201 (GALILEO 5)    
1 40128U 14050A   23246.26498773 -.00000089  00000+0  00000+0 0  9994
2 40128  49.9360 314.6102 1608939 140.3379 232.6251  1.85519105 59435
GSAT0202 (GALILEO 6)    
1 40129U 14050B   23247.06337029 -.00000091  00000+0  00000+0 0  9993
2 40129  49.9545 313.6497 1606838 141.1781 231.5530  1.85519836 61611
IRNSS-1C                
1 40269U 14061A   23247.55227627 -.00000174  00000+0  00000+0 0  9998
2 40269   3.9632 112.7053 0020070  17.4935 135.0486  1.00270706 32491
NAVSTAR 72 (USA 258)    
1 40294U 14068A   23246.82360106 -.00000038  00000+0  00000+0 0  9991
2 40294  56.1769  70.4800 0049105  61.8680 298.6721  2.00571736 64806
COSMOS 2501             
1 40315U 14075A   23247.41567363  .00000059  00000+0  00000+0 0  9995
2 40315  63.6405 225.6567 0020014 211.4373 148.4295  2.13101312 68180
NAVSTAR 73 (USA 260)    
1 40534U 15013A   23247.45811441  .00000034  00000+0  00000+0 0  9997
2 40534  53.4648 246.2847 0080353  25.2715 335.1205  2.00554725 61435
GSAT0203 (GALILEO 7)    
1 40544U 15017A   23246.48962474 -.00000102  00000+0  00000+0 0  9994
2 40544  56.9050   9.2953 0003051 224.7967 135.1791  1.70476109 51859
GSAT0204 (GALILEO 8)    
1 40545U 15017B   23246.74325067 -.00000103  00000+0  00000+0 0  9996
2 40545  56.9111   9.3027 0003442 207.3437 152.6391  1.70475638 14905
IRNSS-1D                
1 40547U 15018A   23245.95396405 -.00000287  00000+0  00000+0 0  9998
2 40547  28.0777 257.6583 0020041 192.2399 347.2610  1.00273097 30770
BEIDOU-3S IGSO-1S       
1 40549U 15019A   23247.58983866 -.00000166  00000+0  00000+0 0  9991
2 40549  51.0978 307.5683 0041054 195.9837 145.9813  1.00256032 30870
NAVSTAR 74 (USA 262)    
1 40730U 15033A   23247.12121595 -.00000065  00000+0  00000+0 0  9990
2 40730  54.8454 308.7402 0085181  13.9714 346.3271  2.00555221 59594
BEIDOU-3S M2S           
1 40748U 15037A   23246.79562053 -.00000107  00000+0  00000+0 0  9990
2 40748  55.6625 336.7862 0011230 240.8233 119.1071  1.86233114 55175
BEIDOU-3S M1S           
1 40749U 15037B   23247.06572149 -.00000108  00000+0  00000+0 0  9990
2 40749  55.6654 336.7633 0003140 301.3489  58.6627  1.86232837 55187
GSAT0205 (GALILEO 9)    
1 40889U 15045A   23246.51117012  .00000032  00000+0  00000+0 0  9992
2 40889  55.3644 249.7188 0003482 357.9576   2.0419  1.70473369 49667
GSAT0206 (GALILEO 10)   
1 40890U 15045B   23246.14527321  .00000031  00000+0  00000+0 0  9990
2 40890  55.3635 249.7244 0002349 323.3367  36.6486  1.70473335 49680
BEIDOU-3S IGSO-2S       
1 40938U 15053A   23247.50277209 -.00000116  00000+0  00000+0 0  9995
2 40938  50.8083 270.7409 0048144 194.1991 155.4404  1.00283137 29159
NAVSTAR 75 (USA 265)    
1 41019U 15062A   23246.17672902 -.00000034  00000+0  00000+0 0  9996
2 41019  56.1600  70.3554 0089046 221.0110 138.3619  2.00562176 57410
GSAT-15                 
1 41028U 15065A   23247.50374859 -.00000271  00000+0  00000+0 0  9990
2 41028   0.0615 275.1329 0002044 227.8846 115.1795  1.00273259 28609
GSAT0209 (GALILEO 12)   
1 41174U 15079A   23246.31703942 -.00000006  00000+0  00000+0 0  9990
2 41174  55.2992 129.2279 0003119 330.0482  30.0201  1.70473910 48007
GSAT0208 (GALILEO 11)   
1 41175U 15079B   23247.12323681 -.00000012  00000+0  00000+0 0  9996
2 41175  55.2977 129.2039 0002536 337.4133  22.6589  1.70473902 47850
IRNSS-1E                
1 41241U 16003A   23247.58804032 -.00000306  00000+0  00000+0 0  9998
2 41241  30.9765  77.7911 0020286 175.8189  53.3883  1.00276172 27884
NAVSTAR 76 (USA 266)    
1 41328U 16007A   23246.76739193 -.00000006  00000+0  00000+0 0  9999
2 41328  55.0166 129.8732 0071365 233.8829 125.5312  2.00575480 55439
COSMOS 2514             
1 41330U 16008A   23246.92774845 -.00000085  00000+0  00000+0 0  9991
2 41330  65.5036 347.6921 0011705 206.9890 152.9821  2.13102567 58949
IRNSS-1F                
1 41384U 16015A   23247.49155146  .00000147  00000+0  00000+0 0  9996
2 41384   2.9334 129.8241 0018428 177.0725 245.6099  1.00269305 27473
BEIDOU-2 IGSO-6         
1 41434U 16021A   23247.48691045 -.00000155  00000+0  00000+0 0  9991
2 41434  58.7546  48.2618 0047089 217.8263 348.9552  1.00282845 27284
IRNSS-1G                
1 41469U 16027A   23247.57048990 -.00000348  00000+0  00000+0 0  9994
2 41469   2.8241 131.4967 0003659   1.0185 185.6668  1.00263631 26989
GSAT0211 (GALILEO 14)   
1 41549U 16030A   23247.24412218  .00000034  00000+0  00000+0 0  9990
2 41549  55.5104 249.6742 0003952 307.8252  52.1401  1.70473483 45330
GSAT0210 (GALILEO 13)   
1 41550U 16030B   23246.36248060  .00000032  00000+0  00000+0 0  9994
2 41550  55.5100 249.6998 0004218 274.5863  85.3666  1.70473546 45314
COSMOS 2516             
1 41554U 16032A   23246.57320447  .00000052  00000+0  00000+0 0  9995
2 41554  63.8671 226.0866 0015496 214.6595 145.2241  2.13106395 56548
BEIDOU-2 G7             
1 41586U 16037A   23247.56366528 -.00000366  00000+0  00000+0 0  9994
2 41586   1.8710  68.4557 0006949 345.7025 242.7419  1.00270810 26592
EUTELSAT 117 WEST B     
1 41589U 16038B   23247.44974639 -.00000024  00000+0  00000+0 0  9994
2 41589   0.0110 290.1471 0000215 155.0345 303.0439  1.00270244 26466
GSAT0207 (GALILEO 15)   
1 41859U 16069A   23247.19746208 -.00000013  00000+0  00000+0 0  9997
2 41859  54.9624 129.2757 0002998 308.7048  51.3511  1.70473872 42067
GSAT0212 (GALILEO 16)   
1 41860U 16069B   23247.05212821 -.00000012  00000+0  00000+0 0  9992
2 41860  54.9595 129.2765 0002321 357.4203   2.6618  1.70474080 42316
GSAT0213 (GALILEO 17)   
1 41861U 16069C   23246.83161054 -.00000011  00000+0  00000+0 0  9998
2 41861  54.9618 129.2887 0002638 276.6061  83.4480  1.70472706 42174
GSAT0214 (GALILEO 18)   
1 41862U 16069D   23245.21908982  .00000000  00000+0  00000+0 0  9996
2 41862  54.9599 129.3273 0001898 287.4350  72.6321  1.70472544 42276
SES-15                  
1 42709U 17026A   23247.54077341  .00000048  00000+0  00000+0 0  9997
2 42709   0.0252  47.8660 0000352 138.4913 222.5487  1.00268734 23942
QZS-2 (MICHIBIKI-2)     
1 42738U 17028A   23247.34785881 -.00000152  00000+0  00000+0 0  9991
2 42738  41.0445 257.8659 0752095 270.0882  81.6480  1.00265010 22951
QZS-3 (MICHIBIKI-3)     
1 42917U 17048A   23247.57012101 -.00000360  00000+0  00000+0 0  9996
2 42917   0.0621 206.0091 0002187 341.5719 128.1433  1.00271967 22065
COSMOS 2522             
1 42939U 17055A   23247.23877389  .00000058  00000+0  00000+0 0  9991
2 42939  64.1012 226.5888 0009842 243.3725 116.5134  2.13101960 46308
QZS-4 (MICHIBIKI-4)     
1 42965U 17062A   23246.64450069 -.00000348  00000+0  00000+0 0  9997
2 42965  40.6362 356.4546 0747926 269.2572  88.2477  1.00280652 21610
BEIDOU-3 M1             
1 43001U 17069A   23247.14306840 -.00000024  00000+0  00000+0 0  9990
2 43001  55.8419  96.8319 0007808 302.2089  57.7941  1.86231564 39668
BEIDOU-3 M2             
1 43002U 17069B   23247.07979341 -.00000023  00000+0  00000+0 0  9994
2 43002  55.8410  96.8704 0006310 334.2346  25.8132  1.86231145 39658
GSAT0215 (GALILEO 19)   
1 43055U 17079A   23247.46750197  .00000035  00000+0  00000+0 0  9994
2 43055  55.4867 249.4941 0003742 268.5072  91.4510  1.70474100 35656
GSAT0216 (GALILEO 20)   
1 43056U 17079B   23246.58625198  .00000032  00000+0  00000+0 0  9996
2 43056  55.4873 249.5184 0005310 274.6738  85.2661  1.70474233 35659
GSAT0217 (GALILEO 21)   
1 43057U 17079C   23245.63344394  .00000031  00000+0  00000+0 0  9997
2 43057  55.4860 249.5436 0004635 284.0226  75.9281  1.70474162 35624
GSAT0218 (GALILEO 22)   
1 43058U 17079D   23246.44007696  .00000032  00000+0  00000+0 0  9990
2 43058  55.4858 249.5189 0005766 271.5684  88.3662  1.70474171 35667
BEIDOU-3 M7             
1 43107U 18003A   23247.36755801 -.00000111  00000+0  00000+0 0  9992
2 43107  55.1184 337.4834 0003530  78.6147 281.4657  1.86232420 38414
BEIDOU-3 M8             
1 43108U 18003B   23246.76870695 -.00000108  00000+0  00000+0 0  9991
2 43108  55.1116 337.4909 0003981 242.5823 117.4187  1.86230863 38411
BEIDOU-3 M4             
1 43207U 18018A   23247.21108062 -.00000024  00000+0  00000+0 0  9997
2 43207  55.8006  96.9285 0004952  13.5763 346.5157  1.86231497 37806
BEIDOU-3 M3             
1 43208U 18018B   23245.66688814 -.00000007  00000+0  00000+0 0  9994
2 43208  55.7989  96.9848 0005894 319.5735  40.4694  1.86231305 37775
BEIDOU-3 M9             
1 43245U 18029A   23247.50055752 -.00000110  00000+0  00000+0 0  9996
2 43245  55.0123 335.2120 0001438 214.4621 145.5719  1.86232540 36965
BEIDOU-3 M10            
1 43246U 18029B   23246.89363951 -.00000107  00000+0  00000+0 0  9997
2 43246  55.0102 335.2620 0002696 356.7792   3.2632  1.86232871 36932
IRNSS-1I                
1 43286U 18035A   23247.13788745  .00000080  00000+0  00000+0 0  9997
2 43286  29.2499  90.1931 0019634 176.1313 181.3774  1.00271746 19872
COSMOS 2527             
1 43508U 18053A   23247.19751213 -.00000001  00000+0  00000+0 0  9994
2 43508  65.0914 107.9544 0007350 219.5487 140.4815  2.13102414 40609
BEIDOU-2 IGSO-7         
1 43539U 18057A   23246.73889051 -.00000146  00000+0  00000+0 0  9993
2 43539  55.1210 171.8644 0064592 231.2547 318.7760  1.00283682 18945
GSAT0221 (GALILEO 25)   
1 43564U 18060A   23247.51299554 -.00000104  00000+0  00000+0 0  9999
2 43564  57.2855   9.1957 0002727 252.5797 107.3923  1.70476035 31835
GSAT0222 (GALILEO 26)   
1 43565U 18060B   23245.38473711 -.00000099  00000+0  00000+0 0  9995
2 43565  57.2889   9.2541 0003294 209.0198 150.9603  1.70475728 31843
GSAT0219 (GALILEO 23)   
1 43566U 18060C   23246.78024295 -.00000103  00000+0  00000+0 0  9996
2 43566  57.2882   9.2186 0001763 254.9456 105.0357  1.70476004 31842
GSAT0220 (GALILEO 24)   
1 43567U 18060D   23247.00066385 -.00000103  00000+0  00000+0 0  9999
2 43567  57.2880   9.2122 0002126 249.5481 110.4302  1.70475791 31834
BEIDOU-3 M5             
1 43581U 18062A   23246.57694684  .00000041  00000+0  00000+0 0  9997
2 43581  54.1785 216.9379 0005299 279.4723  80.4329  1.86231790 34683
BEIDOU-3 M6             
1 43582U 18062B   23246.97981155  .00000043  00000+0  00000+0 0  9996
2 43582  54.1780 216.9137 0004936 354.5769   5.3844  1.86229625 34696
BEIDOU-3 M12            
1 43602U 18067A   23246.37915965  .00000039  00000+0  00000+0 0  9999
2 43602  54.2656 215.5897 0006951  11.8207 348.1594  1.86231499 34163
BEIDOU-3 M11            
1 43603U 18067B   23247.04993644  .00000044  00000+0  00000+0 0  9991
2 43603  54.2626 215.5326 0004089 355.7473   4.2157  1.86231453 34203
BEIDOU-3 M13            
1 43622U 18072A   23247.00881806 -.00000023  00000+0  00000+0 0  9998
2 43622  55.7699  96.4758 0004547 299.6749  60.3589  1.86231590 33715
BEIDOU-3 M14            
1 43623U 18072B   23246.87427543 -.00000021  00000+0  00000+0 0  9995
2 43623  55.7716  96.4730 0003140 347.3625  12.7093  1.86231584 33701
BEIDOU-3 M16            
1 43647U 18078A   23246.49969753 -.00000105  00000+0  00000+0 0  9992
2 43647  54.9094 335.3696 0005942  10.0031 350.0530  1.86227197 33215
BEIDOU-3 M15            
1 43648U 18078B   23246.63033492 -.00000105  00000+0  00000+0 0  9991
2 43648  54.9048 335.3689 0002838  24.1647 335.8928  1.86232177 33224
BEIDOU-3 G1             
1 43683U 18085A   23247.57505453 -.00000292  00000+0  00000+0 0  9990
2 43683   1.5147 124.3583 0002632 358.1091 207.9615  1.00267196 17864
COSMOS 2529             
1 43687U 18086A   23247.29676124  .00000059  00000+0  00000+0 0  9998
2 43687  64.3164 227.0223 0011497 262.2119  97.6449  2.13102033 37618
BEIDOU-3 M17            
1 43706U 18093A   23246.24140564  .00000038  00000+0  00000+0 0  9993
2 43706  54.2609 216.8665 0010389 279.6435  80.2029  1.86231853 32585
BEIDOU-3 M18            
1 43707U 18093B   23247.18126318  .00000045  00000+0  00000+0 0  9997
2 43707  54.2615 216.8261 0008544 304.3725  55.5141  1.86229723 32597
NAVSTAR 77 (USA 289)    
1 43873U 18109A   23247.13650150 -.00000010  00000+0  00000+0 0  9993
2 43873  55.1927 132.3732 0025629 191.1884 330.7574  2.00568792 34671
BEIDOU-3 IGSO-1         
1 44204U 19023A   23247.22571977 -.00000211  00000+0  00000+0 0  9990
2 44204  57.2205  48.2419 0023443 193.9594 301.8632  1.00282370 16149
BEIDOU-2 G8             
1 44231U 19027A   23247.54138601 -.00000259  00000+0  00000+0 0  9994
2 44231   1.9562  81.1434 0006451 129.5779 112.1225  1.00271464 15887
COSMOS 2534             
1 44299U 19030A   23247.09340985  .00000057  00000+0  00000+0 0  9997
2 44299  64.3890 226.9555 0013607 281.0095  57.1267  2.13101887 33247
BEIDOU-3 IGSO-2         
1 44337U 19035A   23246.68481443 -.00000149  00000+0  00000+0 0  9997
2 44337  55.1537 167.7983 0033144 197.2524 343.7899  1.00274684 15466
NAVSTAR 78 (USA 293)    
1 44506U 19056A   23247.58641664 -.00000102  00000+0  00000+0 0  9990
2 44506  55.8213  11.4305 0036926 185.0995 201.3403  2.00565491 29682
BEIDOU-3 M24            
1 44542U 19061A   23247.25297912  .00000046  00000+0  00000+0 0  9999
2 44542  54.4882 217.0622 0008390 338.7356  21.1974  1.86231459 26851
BEIDOU-3 M23            
1 44543U 19061B   23247.60318052  .00000047  00000+0  00000+0 0  9999
2 44543  54.4865 217.0192 0005865 321.6560 184.9613  1.86231723 26860
BEIDOU-3 IGSO-3         
1 44709U 19073A   23246.52660746 -.00000173  00000+0  00000+0 0  9997
2 44709  56.5351 291.7608 0035203 189.8007 170.2204  1.00282453 14253
BEIDOU-3 M22            
1 44793U 19078A   23244.42588339 -.00000092  00000+0  00000+0 0  9999
2 44793  54.7609 335.4061 0004851  18.8791 349.4177  1.86232080 25668
BEIDOU-3 M21            
1 44794U 19078B   23246.15502047 -.00000103  00000+0  00000+0 0  9997
2 44794  54.7316 335.3309 0002769  11.2006 348.8501  1.86232591 25694
COSMOS 2544             
1 44850U 19088A   23247.14124107 -.00000001  00000+0  00000+0 0  9995
2 44850  65.0772 107.7992 0011391 252.4526 107.5068  2.13102175 29040
BEIDOU-3 M19            
1 44864U 19090A   23246.93004080 -.00000022  00000+0  00000+0 0  9999
2 44864  55.7043  96.6649 0015462 276.0152  77.4497  1.86231756 25287
BEIDOU-3 M20            
1 44865U 19090B   23246.54673421 -.00000018  00000+0  00000+0 0  9993
2 44865  55.7057  96.7106 0013392 291.2982 254.9629  1.86231704 25262
BEIDOU-3 G2             
1 45344U 20017A   23247.54841774 -.00000153  00000+0  00000+0 0  9996
2 45344   2.0479  16.2106 0003217 156.1267  88.5144  1.00272712 13063
COSMOS 2545             
1 45358U 20018A   23246.86874787 -.00000086  00000+0  00000+0 0  9991
2 45358  64.8438 347.9395 0009881 237.0073 122.9293  2.13102488 26980
BEIDOU-3 G3             
1 45807U 20040A   23247.50893542 -.00000366  00000+0  00000+0 0  9998
2 45807   0.6151 343.7471 0005762 332.6121 320.7486  1.00275637 11874
NAVSTAR 79 (USA 304)    
1 45854U 20041A   23246.62947365 -.00000039  00000+0  00000+0 0  9993
2 45854  55.8824  68.7504 0036053 186.0266 172.8370  2.00563493 23629
GALAXY 30 (G-30)        
1 46114U 20056C   23247.54419285  .00000025  00000+0  00000+0 0  9990
2 46114   0.0186 132.6008 0002369  46.6623 235.0260  1.00272016 11098
COSMOS 2547             
1 46805U 20075A   23247.05773395  .00000057  00000+0  00000+0 0  9994
2 46805  64.6164 226.5127 0008593 244.0442 115.8536  2.13102889 22234
NAVSTAR 80 (USA 309)    
1 46826U 20078A   23247.36987420  .00000030  00000+0  00000+0 0  9991
2 46826  54.3122 252.0622 0035965 194.6870 314.2614  2.00562674 21115
NAVSTAR 81 (USA 319)    
1 48859U 21054A   23247.37457630 -.00000101  00000+0  00000+0 0  9990
2 48859  55.3390  13.2247 0012167 211.0257 123.6349  2.00573533 16356
QZS-1R                  
1 49336U 21096A   23223.74525463 -.00000331  00000+0  00000+0 0  9997
2 49336  35.3005  95.2790 0740332 268.7858 355.3268  1.00301615  6575
GSAT0223 (GALILEO 27)   
1 49809U 21116A   23247.44146385 -.00000104  00000+0  00000+0 0  9998
2 49809  57.2795   9.0963 0003342 177.1716 183.6126  1.70475972 10859
GSAT0224 (GALILEO 28)   
1 49810U 21116B   23247.25762806 -.00000104  00000+0  00000+0 0  9991
2 49810  57.2790   9.0993 0002768 167.5395 192.9024  1.70475965 10870
COSMOS 2557             
1 52984U 22075A   23246.75102589 -.00000086  00000+0  00000+0 0  9991
2 52984  64.7604 350.1028 0011790 275.6810  84.2133  2.13102251  9033
COSMOS 2559             
1 54031U 22130A   23246.69299725 -.00000086  00000+0  00000+0 0  9990
2 54031  64.7317 350.2325 0007067 216.5129 143.4673  2.13101460  7002
COSMOS 2564             
1 54377U 22161A   23247.35540125  .00000060  00000+0  00000+0 0  9995
2 54377  64.7571 226.5558 0010945 226.5214 133.3750  2.13102140  5968
NAVSTAR 82 (USA 343)    
1 55268U 23009A   23246.35523182  .00000026  00000+0  00000+0 0  9992
2 55268  55.0908 188.4524 0004291  92.6200 267.4572  2.00555665  4834
BEIDOU-3 G4             
1 56564U 23066A   23247.49512338 -.00000125  00000+0  00000+0 0  9993
2 56564   2.8443 288.7970 0006946 212.3073 180.4562  1.00272836  1201
IRNSS-1J (NVS-01)       
1 56759U 23076A   23247.51088444 -.00000350  00000+0  00000+0 0  9999
2 56759   4.7393 272.0565 0005868 334.5087  50.1937  1.00273784   922
