NAVSTAR 43 (USA 132)    
1 24876U 97035A   23294.46289101  .00000068  00000+0  00000+0 0  9994
2 24876  55.5996 136.5029 0074364  53.2868 307.4694  2.00564350192505
NAVSTAR 47 (USA 150)    
1 26360U 00025A   23294.37918201 -.00000019  00000+0  00000+0 0  9994
2 26360  54.4726  58.6777 0041849 202.1014 188.0763  2.00567405171824
NAVSTAR 51 (USA 166)    
1 27663U 03005A   23294.60016367  .00000018  00000+0  00000+0 0  9998
2 27663  55.2219 253.5304 0133687  44.9626 123.7378  2.00563188151866
NAVSTAR 52 (USA 168)    
1 27704U 03010A   23294.58462979 -.00000080  00000+0  00000+0 0  9991
2 27704  55.1150   3.4642 0249831 319.7167  57.1439  2.00553190150661
NAVSTAR 54 (USA 177)    
1 28190U 04009A   23294.33764941 -.00000017  00000+0  00000+0 0  9997
2 28190  55.6545 314.5995 0092335 140.6588 355.0570  2.00565765143494
NAVSTAR 56 (USA 180)    
1 28474U 04045A   23293.09141307 -.00000077  00000+0  00000+0 0  9995
2 28474  55.4426   3.8616 0163505 283.6589  86.1397  2.00556329138950
ANIK F1R                
1 28868U 05036A   23294.54546025 -.00000071  00000+0  00000+0 0  9994
2 28868   1.8092  88.4017 0001857  68.8340 321.5971  1.00271445 36733
NAVSTAR 57 (USA 183)    
1 28874U 05038A   23294.60451334 -.00000013  00000+0  00000+0 0  9994
2 28874  55.7047 312.0421 0140394 280.4009  70.7714  2.00572163132385
INMARSAT 4-F2           
1 28899U 05044A   23294.62527509 -.00000331  00000+0  00000+0 0  9991
2 28899   3.9153  41.0891 0003162 189.7046 117.8507  1.00837287 65791
NAVSTAR 58 (USA 190)    
1 29486U 06042A   23294.41813010  .00000013  00000+0  00000+0 0  9991
2 29486  54.6799 189.7901 0104173  33.7465  83.8297  2.00567229124940
NAVSTAR 59 (USA 192)    
1 29601U 06052A   23294.17928569  .00000022  00000+0  00000+0 0  9990
2 29601  55.2444 252.5095 0084100  79.4969 281.4420  2.00551961123959
NAVSTAR 60 (USA 196)    
1 32260U 07047A   23294.49372670  .00000067  00000+0  00000+0 0  9990
2 32260  53.4877 120.1856 0152711  71.8083 289.9033  2.00549173117369
COSMOS 2433             
1 32275U 07052A   23294.42763372 -.00000047  00000+0  00000+0 0  9997
2 32275  66.0089 348.3699 0005088 238.8334 121.1844  2.13104002124397
COSMOS 2432             
1 32276U 07052B   23292.58265347 -.00000046  00000+0  00000+0 0  9991
2 32276  66.0238 348.5408 0009745 312.1291  19.4002  2.13103186124371
NAVSTAR 61 (USA 199)    
1 32384U 07062A   23294.58083458 -.00000014  00000+0  00000+0 0  9990
2 32384  55.8379 312.8712 0024337 152.3119  42.0688  2.00561031116064
COSMOS 2434             
1 32393U 07065A   23293.30243097  .00000029  00000+0  00000+0 0  9994
2 32393  64.3321 224.7452 0001897  68.5899  39.5372  2.13103019123080
COSMOS 2436             
1 32395U 07065C   23294.61860638  .00000015  00000+0  00000+0 0  9992
2 32395  64.3406 224.7626 0016338 358.7109 174.6062  2.13102647123064
NAVSTAR 62 (USA 201)    
1 32711U 08012A   23294.40627059  .00000013  00000+0  00000+0 0  9990
2 32711  54.4480 188.6108 0177815 236.1306 122.2332  2.00558707114301
NAVSTAR 64 (USA 206)    
1 35752U 09043A   23294.44450409 -.00000002  00000+0  00000+0 0  9999
2 35752  55.4745  65.8373 0057457  70.1684 333.7643  2.00555179103917
COSMOS 2456             
1 36111U 09070A   23293.23404174  .00000077  00000+0  00000+0 0  9994
2 36111  64.5104 104.2299 0001245 335.1519 239.0158  2.13099050107735
COSMOS 2457             
1 36112U 09070B   23292.58506861  .00000073  00000+0  00000+0 0  9994
2 36112  64.4944 104.1165 0006567 148.0699  59.3769  2.13101244107763
COSMOS 2460             
1 36402U 10007C   23294.28930109 -.00000046  00000+0  00000+0 0  9994
2 36402  65.8704 347.0819 0002163 237.2563 186.5571  2.13106173106069
NAVSTAR 65 (USA 213)    
1 36585U 10022A   23293.22872353  .00000026  00000+0  00000+0 0  9999
2 36585  54.5454 247.7339 0111072  59.7381 304.1424  2.00564231 98127
BEIDOU-2 IGSO-1         
1 36828U 10036A   23294.62910231 -.00000109  00000+0  00000+0 0  9990
2 36828  54.2328 171.7396 0037808 191.7180 358.2368  1.00296568 48486
QZS-1 (MICHIBIKI-1)     
1 37158U 10045A   23294.60587581  .00000037  00000+0  00000+0 0  9992
2 37158  42.9333 127.1361 0003892 115.7862 249.9826  0.87714850 47891
BEIDOU-2 G4             
1 37210U 10057A   23294.62720198 -.00000109  00000+0  00000+0 0  9990
2 37210   1.2815  62.8707 0007295 165.1493 187.6291  1.00271583 47567
BEIDOU-2 IGSO-2         
1 37256U 10068A   23294.26178767 -.00000180  00000+0  00000+0 0  9990
2 37256  49.3274 283.7375 0031553 214.6914  93.5236  1.00268206 47063
BEIDOU-2 IGSO-3         
1 37384U 11013A   23294.29681656 -.00000176  00000+0  00000+0 0  9997
2 37384  61.0074  49.4427 0028521 178.0520  16.7893  1.00269292 45932
GSAT-8                  
1 37605U 11022A   23294.57232637  .00000086  00000+0  00000+0 0  9994
2 37605   0.0143 261.9072 0007389 344.3026  44.6849  1.00273163 43495
NAVSTAR 66 (USA 232)    
1 37753U 11036A   23294.60362733 -.00000080  00000+0  00000+0 0  9993
2 37753  56.7490   9.6358 0126860  56.3235 306.8212  2.00568853 89833
BEIDOU-2 IGSO-4         
1 37763U 11038A   23294.63056197 -.00000039  00000+0  00000+0 0  9997
2 37763  54.5064 174.2923 0111880 227.4022 309.9222  1.00264139 44920
GSAT0101 (GALILEO-PFM)  
1 37846U 11060A   23294.22355065 -.00000081  00000+0  00000+0 0  9992
2 37846  57.1137   8.0307 0000538 328.2330  31.8150  1.70475728 74582
GSAT0102 (GALILEO-FM2)  
1 37847U 11060B   23290.62005838 -.00000077  00000+0  00000+0 0  9998
2 37847  57.1141   8.1284 0001989 302.5067  52.1836  1.70475373 74646
COSMOS 2476             
1 37867U 11064A   23294.18880046  .00000085  00000+0  00000+0 0  9999
2 37867  64.7899 105.7421 0021463 230.0308 266.2986  2.13101633 93098
COSMOS 2477             
1 37868U 11064B   23293.84608564  .00000083  00000+0  00000+0 0  9993
2 37868  64.7970 105.8236 0018668 230.0630 181.2112  2.13101507 93081
COSMOS 2475             
1 37869U 11064C   23292.70123336  .00000076  00000+0  00000+0 0  9999
2 37869  64.8036 105.8752 0022563 248.5845 322.9295  2.13101809 93069
BEIDOU-2 IGSO-5         
1 37948U 11073A   23294.57989986 -.00000126  00000+0  00000+0 0  9992
2 37948  49.4526 283.4039 0094522 221.2828 188.5754  1.00261315 43418
LUCH-5A                 
1 37951U 11074B   23294.63105420 -.00000043  00000+0  00000+0 0  9995
2 37951   6.2636  88.8824 0004044 101.8589 233.1964  1.00272128 43325
BEIDOU-2 G5             
1 38091U 12008A   23294.58635347  .00000059  00000+0  00000+0 0  9995
2 38091   1.8212  69.1270 0005743 182.6672  47.8488  1.00275196 42649
BEIDOU-2 M3             
1 38250U 12018A   23293.91357670 -.00000056  00000+0  00000+0 0  9997
2 38250  56.4855 337.3291 0025046 258.3582 101.4223  1.86231058 77877
BEIDOU-2 M4             
1 38251U 12018B   23294.38177362 -.00000055  00000+0  00000+0 0  9997
2 38251  56.3954 336.6031 0015938 259.3660 100.5155  1.86231777 77881
SES-5                   
1 38652U 12036A   23294.56231877  .00000036  00000+0  00000+0 0  9992
2 38652   0.0480 298.7815 0001873 263.6437  34.7612  1.00271559 34761
BEIDOU-2 M6             
1 38775U 12050B   23294.09148979  .00000057  00000+0  00000+0 0  9995
2 38775  55.7282  95.2001 0010608 339.0077  20.9649  1.86231072 75240
GSAT-10                 
1 38779U 12051B   23294.60517031 -.00000163  00000+0  00000+0 0  9995
2 38779   0.0383 258.6290 0003687 342.1313  89.9101  1.00271493 40394
NAVSTAR 67 (USA 239)    
1 38833U 12053A   23294.08260675  .00000019  00000+0  00000+0 0  9998
2 38833  53.5098 183.2829 0145060  52.9264 308.4672  2.00567922 79980
GSAT0103 (GALILEO-FM3)  
1 38857U 12055A   23293.67610814  .00000070  00000+0  00000+0 0  9991
2 38857  55.3014 128.2181 0002085 243.0786 116.9687  1.70473594 68461
GSAT0104 (GALILEO-FM4)  
1 38858U 12055B   23292.47233419  .00000072  00000+0  00000+0 0  9993
2 38858  55.3007 128.2527 0001267 143.5374 216.5427  1.70473858 68446
BEIDOU-2 G6             
1 38953U 12059A   23294.60660163 -.00000171  00000+0  00000+0 0  9991
2 38953   1.9448  81.7348 0006844 299.8437 310.5769  1.00268086 40186
LUCH-5B                 
1 38977U 12061A   23294.16229979 -.00000129  00000+0  00000+0 0  9990
2 38977   8.3588  58.7302 0005502 131.6364 241.1484  1.00271894 39894
COSMOS 2485             
1 39155U 13019A   23293.95302634  .00000084  00000+0  00000+0 0  9998
2 39155  64.9497 106.2836 0022008 226.0498 133.8001  2.13101767 81602
NAVSTAR 68 (USA 242)    
1 39166U 13023A   23294.44448406 -.00000008  00000+0  00000+0 0  9995
2 39166  55.3196 308.2256 0115492  41.5346 319.3750  2.00564097 76438
IRNSS-1A                
1 39199U 13034A   23293.99896463  .00000098  00000+0  00000+0 0  9990
2 39199  33.5327  77.9989 0021965 179.3873 186.5192  1.00268407 37646
NAVSTAR 69 (USA 248)    
1 39533U 14008A   23293.94671955  .00000016  00000+0  00000+0 0  9996
2 39533  53.5961 188.8528 0067050 215.4250 144.1971  2.00554245 70226
ASTRA 5B                
1 39617U 14011B   23294.56597372  .00000139  00000+0  00000+0 0  9998
2 39617   0.0715 304.7715 0003409 279.3990  32.8602  1.00269452 34943
COSMOS 2492             
1 39620U 14012A   23294.37782842 -.00000046  00000+0  00000+0 0  9998
2 39620  65.7538 346.6906 0012989 311.0469  48.9090  2.13103040 74570
IRNSS-1B                
1 39635U 14017A   23293.99896463  .00000104  00000+0  00000+0 0  9995
2 39635  28.6142 256.8810 0018635 188.7006 358.2641  1.00270789 35061
LUCH-5V                 
1 39727U 14023A   23294.62687361 -.00000266  00000+0  00000+0 0  9990
2 39727   2.6932  77.0777 0003651 160.2341 112.9475  1.00273185 34631
NAVSTAR 70 (USA 251)    
1 39741U 14026A   23294.22844228 -.00000079  00000+0  00000+0 0  9994
2 39741  56.7008   9.1723 0030565 309.5410  50.2385  2.00553749 69086
COSMOS 2500             
1 40001U 14032A   23294.56049262 -.00000045  00000+0  00000+0 0  9997
2 40001  65.6919 346.5083 0008574 211.5261 148.4901  2.13105833 72792
NAVSTAR 71 (USA 256)    
1 40105U 14045A   23294.31175195  .00000069  00000+0  00000+0 0  9999
2 40105  54.8312 127.1945 0027314 114.6418 245.7061  2.00549946 66620
GSAT0201 (GALILEO 5)    
1 40128U 14050A   23294.23550115 -.00000030  00000+0  00000+0 0  9999
2 40128  49.8936 312.6897 1607265 142.1499 230.3410  1.85519249 60327
GSAT0202 (GALILEO 6)    
1 40129U 14050B   23294.49471486 -.00000028  00000+0  00000+0 0  9998
2 40129  49.9123 311.7517 1605313 142.9709 229.2870  1.85519949 62494
IRNSS-1C                
1 40269U 14061A   23294.57780880 -.00000157  00000+0  00000+0 0  9998
2 40269   4.0768 111.2699 0019175   7.1092 202.3900  1.00269963 32961
NAVSTAR 72 (USA 258)    
1 40294U 14068A   23294.18653996  .00000006  00000+0  00000+0 0  9999
2 40294  56.2187  68.6251 0048978  62.8560 297.6425  2.00574766 65756
COSMOS 2501             
1 40315U 14075A   23292.46464830  .00000034  00000+0  00000+0 0  9998
2 40315  63.6352 224.0879 0019164 209.2103 150.7006  2.13101203 69142
NAVSTAR 73 (USA 260)    
1 40534U 15013A   23294.32666426  .00000014  00000+0  00000+0 0  9994
2 40534  53.4430 244.3432 0082855  26.2152 334.1962  2.00551733 62377
GSAT0203 (GALILEO 7)    
1 40544U 15017A   23294.00289636 -.00000080  00000+0  00000+0 0  9992
2 40544  56.9044   8.0035 0005934 109.7986 250.3168  1.70475965 52662
GSAT0204 (GALILEO 8)    
1 40545U 15017B   23293.67008555 -.00000080  00000+0  00000+0 0  9994
2 40545  56.9149   8.0268 0004550 227.3884 132.6254  1.70475593 15703
IRNSS-1D                
1 40547U 15018A   23292.79179167 -.00000278  00000+0  00000+0 0  9996
2 40547  27.9820 256.8654 0018672 187.1242 340.7333  1.00267161 31242
BEIDOU-3S IGSO-1S       
1 40549U 15019A   23292.68665682 -.00000120  00000+0  00000+0 0  9995
2 40549  51.0203 307.0380 0040495 197.9693 219.9921  1.00247407 31330
NAVSTAR 74 (USA 262)    
1 40730U 15033A   23294.48852640 -.00000008  00000+0  00000+0 0  9990
2 40730  54.8072 306.8151 0087168  14.0581 346.2179  2.00552580 60549
BEIDOU-3S M2S           
1 40748U 15037A   23294.04712370 -.00000054  00000+0  00000+0 0  9991
2 40748  55.6347 335.1847 0012710 248.2687 111.6559  1.86233033 56057
BEIDOU-3S M1S           
1 40749U 15037B   23293.78033921 -.00000054  00000+0  00000+0 0  9990
2 40749  55.6380 335.1800 0005111 296.9515  63.0566  1.86232793 56051
GSAT0205 (GALILEO 9)    
1 40889U 15045A   23294.02470333  .00000015  00000+0  00000+0 0  9990
2 40889  55.3398 248.4073 0004397   9.0693 350.9234  1.70472880 50471
GSAT0206 (GALILEO 10)   
1 40890U 15045B   23293.07219540  .00000018  00000+0  00000+0 0  9990
2 40890  55.3393 248.4290 0002848 347.0983  12.8778  1.70473005 50483
BEIDOU-3S IGSO-2S       
1 40938U 15053A   23294.39493545 -.00000121  00000+0  00000+0 0  9993
2 40938  50.7400 270.1993 0047135 194.9952 163.1545  1.00271922 29620
NAVSTAR 75 (USA 265)    
1 41019U 15062A   23294.04082412  .00000005  00000+0  00000+0 0  9993
2 41019  56.2017  68.4817 0091274 221.4947 137.8112  2.00562114 58371
GSAT-15                 
1 41028U 15065A   23294.62765767 -.00000257  00000+0  00000+0 0  9991
2 41028   0.0736 267.2388 0003622 280.1998 161.8711  1.00272625 29077
GSAT0209 (GALILEO 12)   
1 41174U 15079A   23292.07052751  .00000073  00000+0  00000+0 0  9992
2 41174  55.3186 127.9696 0001985 345.9477  14.1195  1.70474186 48202
GSAT0208 (GALILEO 11)   
1 41175U 15079B   23293.46332443  .00000070  00000+0  00000+0 0  9993
2 41175  55.3178 127.9293 0001419   0.5857 359.4829  1.70474080 48645
IRNSS-1E                
1 41241U 16003A   23293.85953497 -.00000279  00000+0  00000+0 0  9998
2 41241  31.0852  77.0929 0021349 180.5817 192.6757  1.00270195 28356
NAVSTAR 76 (USA 266)    
1 41328U 16007A   23294.12972719  .00000069  00000+0  00000+0 0  9993
2 41328  55.0342 127.9908 0072273 233.5592 125.8357  2.00573392 56389
COSMOS 2514             
1 41330U 16008A   23294.32315802 -.00000045  00000+0  00000+0 0  9998
2 41330  65.4888 346.0858 0012514 215.9081 144.0754  2.13102535 59950
IRNSS-1F                
1 41384U 16015A   23294.56771418  .00000163  00000+0  00000+0 0  9990
2 41384   3.0305 127.5874 0019645 173.9252 325.0323  1.00273684 27942
BEIDOU-2 IGSO-6         
1 41434U 16021A   23294.29870431 -.00000156  00000+0  00000+0 0  9991
2 41434  58.8226  47.7910 0048994 219.3592 326.6438  1.00273220 27752
IRNSS-1G                
1 41469U 16027A   23294.59424568 -.00000331  00000+0  00000+0 0  9999
2 41469   2.9189 129.1424 0000823  13.5947 230.4956  1.00266761 27456
GSAT0211 (GALILEO 14)   
1 41549U 16030A   23294.17106655  .00000014  00000+0  00000+0 0  9997
2 41549  55.4861 248.3841 0004062 326.7251  33.2342  1.70472995 46115
GSAT0210 (GALILEO 13)   
1 41550U 16030B   23293.28935096  .00000018  00000+0  00000+0 0  9993
2 41550  55.4861 248.4094 0003642 289.4516  70.4929  1.70473285 46117
COSMOS 2516             
1 41554U 16032A   23292.55962387  .00000034  00000+0  00000+0 0  9999
2 41554  63.8617 224.4982 0015083 213.2942 146.6286  2.13106335 57529
BEIDOU-2 G7             
1 41586U 16037A   23294.61121919 -.00000351  00000+0  00000+0 0  9999
2 41586   1.9824  69.0081 0007234 341.2655 310.1525  1.00273230 27066
EUTELSAT 117 WEST B     
1 41589U 16038B   23294.33712490 -.00000008  00000+0  00000+0 0  9991
2 41589   0.0093  42.5961 0000315 231.3424 119.9583  1.00271095 26937
GSAT0207 (GALILEO 15)   
1 41859U 16069A   23293.53749865  .00000069  00000+0  00000+0 0  9998
2 41859  54.9824 127.9896 0001751 312.2070  47.8466  1.70474107 42857
GSAT0212 (GALILEO 16)   
1 41860U 16069B   23292.80552309  .00000070  00000+0  00000+0 0  9996
2 41860  54.9800 128.0069 0001824  28.0736 332.0062  1.70474339 43094
GSAT0213 (GALILEO 17)   
1 41861U 16069C   23293.75852583  .00000069  00000+0  00000+0 0  9997
2 41861  54.9825 127.9865 0001810 258.8233 101.2244  1.70472981 42979
GSAT0214 (GALILEO 18)   
1 41862U 16069D   23292.73263327  .00000070  00000+0  00000+0 0  9999
2 41862  54.9800 128.0088 0000861 255.8841 104.1766  1.70472907 43081
SES-15                  
1 42709U 17026A   23294.59867229  .00000062  00000+0  00000+0 0  9992
2 42709   0.0091  55.0640 0000447 110.1657 310.9189  1.00267027 24428
QZS-2 (MICHIBIKI-2)     
1 42738U 17028A   23294.23227229 -.00000175  00000+0  00000+0 0  9993
2 42738  40.9693 257.1989 0745095 270.7170  83.7837  1.00252145 23429
QZS-3 (MICHIBIKI-3)     
1 42917U 17048A   23294.60564772 -.00000346  00000+0  00000+0 0  9992
2 42917   0.0518 188.4358 0001534  17.7046 168.7778  1.00270107 22538
COSMOS 2522             
1 42939U 17055A   23294.16470971  .00000020  00000+0  00000+0 0  9990
2 42939  64.0956 224.9817 0008128 242.1141 117.8205  2.13101964 47301
QZS-4 (MICHIBIKI-4)     
1 42965U 17062A   23293.46830097 -.00000297  00000+0  00000+0 0  9995
2 42965  40.6172 355.8592 0749891 270.1879  70.5334  1.00267871 22072
BEIDOU-3 M1             
1 43001U 17069A   23292.78386317  .00000051  00000+0  00000+0 0  9996
2 43001  55.8784  95.3094 0007189 294.7024  65.2372  1.86231313 40513
BEIDOU-3 M2             
1 43002U 17069B   23294.33154934  .00000059  00000+0  00000+0 0  9996
2 43002  55.8790  95.2933 0005218 330.4662  29.5211  1.86231033 40535
GSAT0215 (GALILEO 19)   
1 43055U 17079A   23293.22107449  .00000018  00000+0  00000+0 0  9996
2 43055  55.4630 248.2354 0003100 285.0926  74.8569  1.70473687 36434
GSAT0216 (GALILEO 20)   
1 43056U 17079B   23294.09954356  .00000015  00000+0  00000+0 0  9997
2 43056  55.4632 248.2111 0004667 286.5307  73.4029  1.70473812 36465
GSAT0217 (GALILEO 21)   
1 43057U 17079C   23294.31991632  .00000014  00000+0  00000+0 0  9990
2 43057  55.4608 248.2041 0004295 299.5525  60.3895  1.70473785 36458
GSAT0218 (GALILEO 22)   
1 43058U 17079D   23293.36679437  .00000017  00000+0  00000+0 0  9994
2 43058  55.4614 248.2278 0005100 281.7941  78.1328  1.70473800 36466
BEIDOU-3 M7             
1 43107U 18003A   23293.54526792 -.00000056  00000+0  00000+0 0  9996
2 43107  55.0916 335.8980 0002631  68.7033 291.3850  1.86232342 39289
BEIDOU-3 M8             
1 43108U 18003B   23294.55765826 -.00000056  00000+0  00000+0 0  9992
2 43108  55.0840 335.8500 0004821 252.6640 107.3427  1.86230791 39300
BEIDOU-3 M4             
1 43207U 18018A   23293.92579308  .00000057  00000+0  00000+0 0  9996
2 43207  55.8380  95.3687 0003737  19.6799 340.3507  1.86231185 38677
BEIDOU-3 M3             
1 43208U 18018B   23294.52940894  .00000060  00000+0  00000+0 0  9990
2 43208  55.8379  95.3529 0004914 311.3005  48.6745  1.86231179 38687
BEIDOU-3 M9             
1 43245U 18029A   23294.21514421 -.00000053  00000+0  00000+0 0  9995
2 43245  54.9840 333.6051 0001937 246.0341 114.0042  1.86232368 37833
BEIDOU-3 M10            
1 43246U 18029B   23294.14510705 -.00000053  00000+0  00000+0 0  9999
2 43246  54.9810 333.6357 0003236 339.8976  20.1483  1.86232780 37811
IRNSS-1I                
1 43286U 18035A   23294.50072977  .00000108  00000+0  00000+0 0  9994
2 43286  29.3603  89.4412 0021548 178.0678 357.5737  1.00276479 20356
COSMOS 2527             
1 43508U 18053A   23294.59266242  .00000089  00000+0  00000+0 0  9998
2 43508  65.1112 106.3644 0007717 212.9405 147.0442  2.13102338 41614
BEIDOU-2 IGSO-7         
1 43539U 18057A   23294.59608671 -.00000119  00000+0  00000+0 0  9997
2 43539  55.1174 171.4452 0063636 229.8092 316.8818  1.00268859 19429
GSAT0221 (GALILEO 25)   
1 43564U 18060A   23294.43976013 -.00000081  00000+0  00000+0 0  9998
2 43564  57.2894   7.9316 0004325 258.1285 101.8741  1.70475986 32633
GSAT0222 (GALILEO 26)   
1 43565U 18060B   23292.89816138 -.00000078  00000+0  00000+0 0  9994
2 43565  57.2926   7.9742 0004474 229.4155 130.5993  1.70475797 32655
GSAT0219 (GALILEO 23)   
1 43566U 18060C   23293.12042882 -.00000078  00000+0  00000+0 0  9999
2 43566  57.2919   7.9703 0003393 262.2810  97.7339  1.70476057 32633
GSAT0220 (GALILEO 24)   
1 43567U 18060D   23294.51403803 -.00000081  00000+0  00000+0 0  9992
2 43567  57.2916   7.9334 0003645 258.2478 101.7622  1.70475778 32647
BEIDOU-3 M5             
1 43581U 18062A   23293.29144061  .00000018  00000+0  00000+0 0  9991
2 43581  54.1673 215.3469 0003778 296.9119  63.0798  1.86231797 35556
BEIDOU-3 M6             
1 43582U 18062B   23294.23178165  .00000007  00000+0  00000+0 0  9997
2 43582  54.1667 215.3044 0005906  14.4612 345.5838  1.86229690 35579
BEIDOU-3 M12            
1 43602U 18067A   23294.16766226  .00000008  00000+0  00000+0 0  9999
2 43602  54.2548 213.9658 0007595  19.4747 340.5848  1.86231372 35055
BEIDOU-3 M11            
1 43603U 18067B   23293.76454567  .00000013  00000+0  00000+0 0  9993
2 43603  54.2519 213.9451 0004490   9.3472 350.6929  1.86231368 35078
BEIDOU-3 M13            
1 43622U 18072A   23293.18656532  .00000052  00000+0  00000+0 0  9995
2 43622  55.8072  94.9315 0004031 287.5747  72.3957  1.86231284 34572
BEIDOU-3 M14            
1 43623U 18072B   23293.05201844  .00000051  00000+0  00000+0 0  9993
2 43623  55.8091  94.9288 0002074 344.7178  15.2902  1.86231323 34561
BEIDOU-3 M16            
1 43647U 18078A   23294.28954141 -.00000053  00000+0  00000+0 0  9999
2 43647  54.8799 333.7208 0006208   0.4175 359.6417  1.86227168 34099
BEIDOU-3 M15            
1 43648U 18078B   23294.41889994 -.00000053  00000+0  00000+0 0  9998
2 43648  54.8755 333.7199 0002960   2.2988 357.7611  1.86232123 34119
BEIDOU-3 G1             
1 43683U 18085A   23294.58920875 -.00000274  00000+0  00000+0 0  9992
2 43683   1.6178 121.2418 0002603   2.9946 257.7584  1.00273098 18332
COSMOS 2529             
1 43687U 18086A   23294.22272215  .00000020  00000+0  00000+0 0  9994
2 43687  64.3109 225.4279 0009809 264.4125  95.4918  2.13101967 38618
BEIDOU-3 M17            
1 43706U 18093A   23293.49283830  .00000016  00000+0  00000+0 0  9992
2 43706  54.2497 215.2607 0008877 286.8191  73.1136  1.86231866 33469
BEIDOU-3 M18            
1 43707U 18093B   23294.43323677  .00000005  00000+0  00000+0 0  9990
2 43707  54.2503 215.2204 0007677 316.9015  43.0660  1.86229698 33477
NAVSTAR 77 (USA 289)    
1 43873U 18109A   23294.27613169  .00000069  00000+0  00000+0 0  9992
2 43873  55.2093 130.5102 0026730 189.7369 170.5162  2.00570233 35624
BEIDOU-3 IGSO-1         
1 44204U 19023A   23294.22661583 -.00000209  00000+0  00000+0 0  9992
2 44204  57.2898  47.7528 0024449 197.1664 345.6948  1.00268035 16613
BEIDOU-2 G8             
1 44231U 19027A   23294.61835817 -.00000244  00000+0  00000+0 0  9991
2 44231   1.3581  70.8219 0004426 150.0433 176.0631  1.00275578 16357
COSMOS 2534             
1 44299U 19030A   23294.28313501  .00000019  00000+0  00000+0 0  9992
2 44299  64.3837 225.3567 0012166 285.3198 255.1831  2.13101744 34255
BEIDOU-3 IGSO-2         
1 44337U 19035A   23294.59010564 -.00000118  00000+0  00000+0 0  9998
2 44337  55.1521 167.3764 0032959 194.7613 358.7261  1.00259595 15942
NAVSTAR 78 (USA 293)    
1 44506U 19056A   23294.41583013 -.00000080  00000+0  00000+0 0  9992
2 44506  55.8265   9.5779 0038224 187.5014 172.3678  2.00566213 30613
BEIDOU-3 M24            
1 44542U 19061A   23293.43067501  .00000017  00000+0  00000+0 0  9997
2 44542  54.4772 215.5015 0008600 352.1754   7.8409  1.86231448 27712
BEIDOU-3 M23            
1 44543U 19061B   23294.38630389  .00000006  00000+0  00000+0 0  9991
2 44543  54.4753 215.4385 0005676 341.6254 211.0464  1.86231712 27735
BEIDOU-3 IGSO-3         
1 44709U 19073A   23294.39401173 -.00000155  00000+0  00000+0 0  9992
2 44709  56.4584 291.2548 0034878 190.8214 169.0981  1.00267763 14735
BEIDOU-3 M22            
1 44793U 19078A   23293.27605345 -.00000054  00000+0  00000+0 0  9991
2 44793  54.7288 333.7173 0004932   7.2446 352.8218  1.86232107 26569
BEIDOU-3 M21            
1 44794U 19078B   23292.86955976 -.00000054  00000+0  00000+0 0  9994
2 44794  54.7028 333.7124 0003077 351.8517   8.2031  1.86232546 26566
COSMOS 2544             
1 44850U 19088A   23294.53644182  .00000088  00000+0  00000+0 0  9994
2 44850  65.0973 106.2082 0011268 247.5583 112.3548  2.13102099 30053
BEIDOU-3 M19            
1 44864U 19090A   23291.99637552  .00000046  00000+0  00000+0 0  9996
2 44864  55.7404  95.1562 0015371 272.6180  55.6882  1.86231629 26127
BEIDOU-3 M20            
1 44865U 19090B   23294.58663684  .00000060  00000+0  00000+0 0  9996
2 44865  55.7444  95.1023 0012999 287.2315  67.4978  1.86231451 26152
BEIDOU-3 G2             
1 45344U 20017A   23294.60035019 -.00000138  00000+0  00000+0 0  9995
2 45344   2.0802  18.6175 0003210 186.7184 120.6224  1.00270322 13539
COSMOS 2545             
1 45358U 20018A   23294.26406229 -.00000047  00000+0  00000+0 0  9997
2 45358  64.8291 346.2946 0011510 243.8341 116.1147  2.13102527 27995
BEIDOU-3 G3             
1 45807U 20040A   23293.29372943 -.00000346  00000+0  00000+0 0  9990
2 45807   0.5885 353.8892 0007864 314.1950 296.6193  1.00264938 12336
NAVSTAR 79 (USA 304)    
1 45854U 20041A   23294.58634722  .00000001  00000+0  00000+0 0  9999
2 45854  55.9234  66.8609 0038110 187.8632 238.0640  2.00562031 24591
GALAXY 30 (G-30)        
1 46114U 20056C   23294.60803076  .00000039  00000+0  00000+0 0  9999
2 46114   0.0174 251.0758 0002714 314.3207 278.3188  1.00271260 11572
COSMOS 2547             
1 46805U 20075A   23292.57578614  .00000035  00000+0  00000+0 0  9994
2 46805  64.6117 224.9839 0007428 243.0997 116.8412  2.13102754 23207
NAVSTAR 80 (USA 309)    
1 46826U 20078A   23294.26793072  .00000018  00000+0  00000+0 0  9996
2 46826  54.2896 250.1586 0036801 194.8950 336.8804  2.00562631 22059
NAVSTAR 81 (USA 319)    
1 48859U 21054A   23294.31683465 -.00000080  00000+0  00000+0 0  9999
2 48859  55.3453  11.3453 0013534 215.9135 174.7824  2.00570738 17306
QZS-1R                  
1 49336U 21096A   23292.79863726 -.00000188  00000+0  00000+0 0  9995
2 49336  35.4476  94.2187 0747006 270.0825  86.3850  1.00277021  7271
GSAT0223 (GALILEO 27)   
1 49809U 21116A   23294.36094722 -.00000081  00000+0  00000+0 0  9992
2 49809  57.2833   7.8331 0003389 197.4097 158.9580  1.70476012 11648
GSAT0224 (GALILEO 28)   
1 49810U 21116B   23294.18217999 -.00000080  00000+0  00000+0 0  9996
2 49810  57.2837   7.8364 0002911 198.2579 160.8778  1.70476013 11668
COSMOS 2557             
1 52984U 22075A   23293.20788893 -.00000049  00000+0  00000+0 0  9990
2 52984  64.7474 348.4858 0013225 275.7901  84.1279  2.13102154 10029
COSMOS 2559             
1 54031U 22130A   23294.55780986 -.00000050  00000+0  00000+0 0  9993
2 54031  64.7185 348.5646 0007874 225.9012 134.1004  2.13101349  8026
COSMOS 2564             
1 54377U 22161A   23294.28140557  .00000020  00000+0  00000+0 0  9990
2 54377  64.7522 224.9881 0009379 222.3184 137.6259  2.13102092  6962
NAVSTAR 82 (USA 343)    
1 55268U 23009A   23294.47908873  .00000015  00000+0  00000+0 0  9990
2 55268  55.0861 186.5668 0005089  89.1615  97.2550  2.00552365  5792
BEIDOU-3 G4             
1 56564U 23066A   23294.62704966 -.00000113  00000+0  00000+0 0  9997
2 56564   2.7284 288.6309 0005958 224.0745 262.8949  1.00270871  1678
IRNSS-1J (NVS-01)       
1 56759U 23076A   23293.36917806 -.00000335  00000+0  00000+0 0  9999
2 56759   4.6232 271.2045 0007262 348.2831  31.4296  1.00264198  1386
