NAVSTAR 43 (USA 132)    
1 24876U 97035A   23280.00414276  .00000005  00000+0  00000+0 0  9993
2 24876  55.5952 137.0679 0073907  53.0358 307.7210  2.00564404192213
NAVSTAR 47 (USA 150)    
1 26360U 00025A   23279.99426486 -.00000040  00000+0  00000+0 0  9998
2 26360  54.4610  59.2658 0041764 201.0744 242.2150  2.00568594171536
NAVSTAR 51 (USA 166)    
1 27663U 03005A   23280.53583340  .00000009  00000+0  00000+0 0  9995
2 27663  55.2295 254.0893 0133046  44.8583  48.6606  2.00564147151583
NAVSTAR 52 (USA 168)    
1 27704U 03010A   23280.59586534 -.00000115  00000+0  00000+0 0  9990
2 27704  55.1153   4.0289 0249727 319.5148  36.8156  2.00576646150378
NAVSTAR 54 (USA 177)    
1 28190U 04009A   23280.40616937 -.00000048  00000+0  00000+0 0  9995
2 28190  55.6649 315.1538 0092512 140.1566  16.2324  2.00566407143214
NAVSTAR 56 (USA 180)    
1 28474U 04045A   23280.60591046 -.00000115  00000+0  00000+0 0  9990
2 28474  55.4426   4.3614 0163061 283.2468  71.7553  2.00556030138697
ANIK F1R                
1 28868U 05036A   23280.58474192 -.00000082  00000+0  00000+0 0  9990
2 28868   1.7737  88.5822 0001803  75.5837 315.0257  1.00273160 36595
NAVSTAR 57 (USA 183)    
1 28874U 05038A   23280.23226517 -.00000043  00000+0  00000+0 0  9994
2 28874  55.7157 312.6136 0140226 280.0823 133.1556  2.00573349132105
INMARSAT 4-F2           
1 28899U 05044A   23278.94424344 -.00000024  00000+0  00000+0 0  9990
2 28899   3.8913  40.9277 0006145  43.1630 334.3200  1.00395805 65629
NAVSTAR 58 (USA 190)    
1 29486U 06042A   23280.45466233 -.00000039  00000+0  00000+0 0  9990
2 29486  54.6812 190.3436 0103866  33.2284  81.7672  2.00567997124664
NAVSTAR 59 (USA 192)    
1 29601U 06052A   23280.21822429  .00000011  00000+0  00000+0 0  9996
2 29601  55.2516 253.0634 0083742  79.4781 281.4524  2.00551321123671
NAVSTAR 60 (USA 196)    
1 32260U 07047A   23280.53265662  .00000020  00000+0  00000+0 0  9991
2 32260  53.4804 120.7641 0152439  71.4704 290.2541  2.00550004117083
COSMOS 2433             
1 32275U 07052A   23280.34986302 -.00000088  00000+0  00000+0 0  9998
2 32275  66.0126 348.8382 0004746 232.8428 127.1701  2.13104193124097
COSMOS 2432             
1 32276U 07052B   23280.42552698 -.00000088  00000+0  00000+0 0  9995
2 32276  66.0270 348.9449 0009243 313.3313  51.6858  2.13103322124129
NAVSTAR 61 (USA 199)    
1 32384U 07062A   23280.58616081 -.00000043  00000+0  00000+0 0  9991
2 32384  55.8483 313.4256 0024542 152.0101  17.6860  2.00560534115848
COSMOS 2434             
1 32393U 07065A   23279.72266508  .00000006  00000+0  00000+0 0  9991
2 32393  64.3339 225.2058 0001289  68.1996  61.9290  2.13103090122790
COSMOS 2436             
1 32395U 07065C   23280.54388113 -.00000003  00000+0  00000+0 0  9990
2 32395  64.3425 225.2399 0016130 356.5061 179.1132  2.13102755122765
NAVSTAR 62 (USA 201)    
1 32711U 08012A   23279.94712288 -.00000037  00000+0  00000+0 0  9998
2 32711  54.4491 189.1871 0177726 236.0519 122.2819  2.00558300114019
NAVSTAR 64 (USA 206)    
1 35752U 09043A   23280.43480832 -.00000021  00000+0  00000+0 0  9997
2 35752  55.4628  66.3959 0057820  69.9001 298.7361  2.00556174103638
COSMOS 2456             
1 36111U 09070A   23280.06962699  .00000049  00000+0  00000+0 0  9991
2 36111  64.5044 104.6819 0001422 340.7186 214.2929  2.13099234107453
COSMOS 2457             
1 36112U 09070B   23280.57877991  .00000055  00000+0  00000+0 0  9995
2 36112  64.4890 104.5289 0006451 146.9001 209.7585  2.13101416107465
COSMOS 2460             
1 36402U 10007C   23280.60254358 -.00000085  00000+0  00000+0 0  9993
2 36402  65.8743 347.5395 0001898 222.1119 141.5573  2.13106363105771
NAVSTAR 65 (USA 213)    
1 36585U 10022A   23280.54751795  .00000003  00000+0  00000+0 0  9991
2 36585  54.5515 248.2454 0110455  59.7047 147.6442  2.00563706 97868
BEIDOU-2 IGSO-1         
1 36828U 10036A   23280.35640493 -.00000133  00000+0  00000+0 0  9992
2 36828  54.2338 171.8738 0036568 187.1871 249.1014  1.00244294 48346
QZS-1 (MICHIBIKI-1)     
1 37158U 10045A   23280.34771519 -.00000003  00000+0  00000+0 0  9998
2 37158  42.9137 127.2947 0003650 101.8791  81.3227  0.87715992 47760
BEIDOU-2 G4             
1 37210U 10057A   23280.60270878 -.00000119  00000+0  00000+0 0  9999
2 37210   1.2503  62.3189 0007229 163.3078 167.3415  1.00273023 47425
BEIDOU-2 IGSO-2         
1 37256U 10068A   23280.30860135 -.00000174  00000+0  00000+0 0  9990
2 37256  49.3504 283.9035 0032099 213.4329  97.9015  1.00273533 46923
BEIDOU-2 IGSO-3         
1 37384U 11013A   23280.31085946 -.00000171  00000+0  00000+0 0  9990
2 37384  60.9892  49.5756 0028210 176.6528   9.5585  1.00273625 45798
GSAT-8                  
1 37605U 11022A   23280.52948635  .00000076  00000+0  00000+0 0  9995
2 37605   0.0376  50.5728 0007017 201.9059   9.1391  1.00271986 45373
NAVSTAR 66 (USA 232)    
1 37753U 11036A   23280.60968824 -.00000113  00000+0  00000+0 0  9998
2 37753  56.7475  10.1783 0126860  56.3597 282.2726  2.00568949 89547
BEIDOU-2 IGSO-4         
1 37763U 11038A   23280.54570219 -.00000125  00000+0  00000+0 0  9994
2 37763  54.5072 174.4178 0111923 227.7228 265.4368  1.00267491 44787
GSAT0101 (GALILEO-PFM)  
1 37846U 11060A   23278.97232852 -.00000111  00000+0  00000+0 0  9998
2 37846  57.1124   8.4435 0000502  54.3424 305.6913  1.70475964 74329
GSAT0102 (GALILEO-FM2)  
1 37847U 11060B   23277.76000083 -.00000111  00000+0  00000+0 0  9994
2 37847  57.1130   8.4766 0001722 306.1584  76.0509  1.70475330 74310
COSMOS 2476             
1 37867U 11064A   23280.17271598  .00000051  00000+0  00000+0 0  9992
2 37867  64.7836 106.2180 0021272 230.3779 313.3107  2.13101810 92792
COSMOS 2477             
1 37868U 11064B   23280.31487719  .00000052  00000+0  00000+0 0  9994
2 37868  64.7912 106.2830 0018469 230.5074 240.1127  2.13101688 92796
COSMOS 2475             
1 37869U 11064C   23280.61345444  .00000056  00000+0  00000+0 0  9990
2 37869  64.7983 106.2854 0022425 249.0392  49.1553  2.13102007 92804
BEIDOU-2 IGSO-5         
1 37948U 11073A   23280.46622090 -.00000122  00000+0  00000+0 0  9991
2 37948  49.4760 283.5712 0094924 220.8222 134.6048  1.00265317 43263
LUCH-5A                 
1 37951U 11074B   23280.60675814 -.00000053  00000+0  00000+0 0  9997
2 37951   6.2280  89.1187 0004247  95.7785 216.4502  1.00271746 43181
BEIDOU-2 G5             
1 38091U 12008A   23280.53018253  .00000050  00000+0  00000+0 0  9997
2 38091   1.7884  68.9309 0005592 180.3451  16.1882  1.00271930 42509
BEIDOU-2 M3             
1 38250U 12018A   23278.87880627 -.00000103  00000+0  00000+0 0  9991
2 38250  56.4935 337.8284 0024648 257.1638 102.6175  1.86231238 77597
BEIDOU-2 M4             
1 38251U 12018B   23279.88402127 -.00000098  00000+0  00000+0 0  9992
2 38251  56.4034 337.0857 0015560 257.7048 102.1787  1.86231990 77612
SES-5                   
1 38652U 12036A   23280.30453288  .00000025  00000+0  00000+0 0  9999
2 38652   0.0504 300.3986 0001956 264.2557 285.6562  1.00271918 34624
BEIDOU-2 M6             
1 38775U 12050B   23280.13076246  .00000023  00000+0  00000+0 0  9995
2 38775  55.7168  95.6675 0010838 340.1653  19.8321  1.86231306 74986
GSAT-10                 
1 38779U 12051B   23280.61234834 -.00000174  00000+0  00000+0 0  9990
2 38779   0.0367 102.6662 0003346 149.2718  67.5276  1.00272997 40254
NAVSTAR 67 (USA 239)    
1 38833U 12053A   23280.12272768 -.00000038  00000+0  00000+0 0  9996
2 38833  53.5104 183.8535 0144154  52.6139 308.7323  2.00567817 79708
GSAT0103 (GALILEO-FM3)  
1 38857U 12055A   23280.18468427  .00000027  00000+0  00000+0 0  9996
2 38857  55.2953 128.5891 0002121 249.7672 110.2941  1.70473798 68232
GSAT0104 (GALILEO-FM4)  
1 38858U 12055B   23278.98092086  .00000019  00000+0  00000+0 0  9997
2 38858  55.2945 128.6236 0000969 142.2701 217.8188  1.70474018 68217
BEIDOU-2 G6             
1 38953U 12059A   23280.56854911 -.00000183  00000+0  00000+0 0  9990
2 38953   1.9098  81.7974 0006765 301.7768 281.1319  1.00271579 40044
LUCH-5B                 
1 38977U 12061A   23280.22864914 -.00000140  00000+0  00000+0 0  9999
2 38977   8.3287  58.8465 0005745 129.6707 253.1245  1.00271565 39756
COSMOS 2485             
1 39155U 13019A   23279.87523960  .00000047  00000+0  00000+0 0  9999
2 39155  64.9435 106.7589 0021820 226.4077 133.4646  2.13101951 81305
NAVSTAR 68 (USA 242)    
1 39166U 13023A   23280.48428365 -.00000035  00000+0  00000+0 0  9996
2 39166  55.3305 308.7861 0114977  41.5849 319.3353  2.00564327 76156
IRNSS-1A                
1 39199U 13034A   23280.52939934  .00000093  00000+0  00000+0 0  9991
2 39199  33.5014  78.1978 0021233 180.1085   3.2567  1.00276155 37508
NAVSTAR 69 (USA 248)    
1 39533U 14008A   23279.98587766 -.00000038  00000+0  00000+0 0  9995
2 39533  53.5970 189.4213 0067092 215.5575 144.0282  2.00553567 69948
ASTRA 5B                
1 39617U 14011B   23280.52322073  .00000128  00000+0  00000+0 0  9991
2 39617   0.0823 301.3927 0003486 276.6547   9.7220  1.00270596 34809
COSMOS 2492             
1 39620U 14012A   23280.30000749 -.00000086  00000+0  00000+0 0  9999
2 39620  65.7578 347.1634 0012416 311.9235  48.0284  2.13103222 74278
IRNSS-1B                
1 39635U 14017A   23280.52939934  .00000098  00000+0  00000+0 0  9993
2 39635  28.6411 257.1082 0018819 190.9092 173.5335  1.00275336 34935
LUCH-5V                 
1 39727U 14023A   23280.53740542 -.00000275  00000+0  00000+0 0  9996
2 39727   2.6575  77.1389 0004146 155.4603  71.5230  1.00269809 34492
NAVSTAR 70 (USA 251)    
1 39741U 14026A   23280.26742078 -.00000113  00000+0  00000+0 0  9992
2 39741  56.6995   9.7135 0030047 309.7521  50.0135  2.00554921 68806
COSMOS 2500             
1 40001U 14032A   23280.01360691 -.00000087  00000+0  00000+0 0  9990
2 40001  65.6960 346.9979 0008508 207.3286 152.6839  2.13105964 72481
NAVSTAR 71 (USA 256)    
1 40105U 14045A   23279.85198705  .00000010  00000+0  00000+0 0  9999
2 40105  54.8251 127.7723 0026982 114.1727 246.1862  2.00549194 66337
GSAT0201 (GALILEO 5)    
1 40128U 14050A   23279.68265073 -.00000064  00000+0  00000+0 0  9994
2 40128  49.9064 313.2721 1607808 141.6024 231.0293  1.85519484 60052
GSAT0202 (GALILEO 6)    
1 40129U 14050B   23279.40292671 -.00000063  00000+0  00000+0 0  9998
2 40129  49.9256 312.3555 1605707 142.4025 230.0026  1.85520143 62214
IRNSS-1C                
1 40269U 14061A   23280.46343618 -.00000168  00000+0  00000+0 0  9997
2 40269   4.0418 111.6989 0019840   6.0098 148.0071  1.00272226 32828
NAVSTAR 72 (USA 258)    
1 40294U 14068A   23280.22700750 -.00000014  00000+0  00000+0 0  9990
2 40294  56.2070  69.1713 0049101  62.6839 297.8234  2.00574021 65475
COSMOS 2501             
1 40315U 14075A   23279.79460134  .00000003  00000+0  00000+0 0  9998
2 40315  63.6370 224.5288 0019436 210.0052 149.8767  2.13101301 68877
NAVSTAR 73 (USA 260)    
1 40534U 15013A   23280.36572852 -.00000001  00000+0  00000+0 0  9999
2 40534  53.4499 244.9213 0082030  25.8719 334.5182  2.00552725 62093
GSAT0203 (GALILEO 7)    
1 40544U 15017A   23272.29929207 -.00000102  00000+0  00000+0 0  9999
2 40544  56.9059   8.5936 0003937 234.5687 125.4158  1.70476049 52956
GSAT0204 (GALILEO 8)    
1 40545U 15017B   23277.24568794 -.00000111  00000+0  00000+0 0  9990
2 40545  56.9135   8.4737 0004250 221.0043 138.9926  1.70475700 15422
IRNSS-1D                
1 40547U 15018A   23279.87284925 -.00000287  00000+0  00000+0 0  9999
2 40547  28.0089 257.0856 0019060 187.7997 356.3986  1.00273187 31111
BEIDOU-3S IGSO-1S       
1 40549U 15019A   23280.47701939 -.00000124  00000+0  00000+0 0  9999
2 40549  51.0399 307.1799 0040873 197.1862 134.2946  1.00250181 31206
NAVSTAR 74 (USA 262)    
1 40730U 15033A   23280.02897310 -.00000036  00000+0  00000+0 0  9999
2 40730  54.8187 307.4026 0086466  13.9619 346.3240  2.00553542 60251
BEIDOU-3S M2S           
1 40748U 15037A   23279.54950580 -.00000098  00000+0  00000+0 0  9994
2 40748  55.6430 335.6762 0012398 245.7128 114.2147  1.86233263 55781
BEIDOU-3S M1S           
1 40749U 15037B   23279.81965366 -.00000097  00000+0  00000+0 0  9992
2 40749  55.6459 335.6534 0004539 295.4350  64.5754  1.86233008 55796
GSAT0205 (GALILEO 9)    
1 40889U 15045A   23279.94658390  .00000004  00000+0  00000+0 0  9993
2 40889  55.3476 248.7954 0004105   4.8574 355.1216  1.70473155 50234
GSAT0206 (GALILEO 10)   
1 40890U 15045B   23279.58067315  .00000006  00000+0  00000+0 0  9998
2 40890  55.3468 248.8010 0002654 338.9041  21.0598  1.70473193 50254
BEIDOU-3S IGSO-2S       
1 40938U 15053A   23280.36696819 -.00000112  00000+0  00000+0 0  9994
2 40938  50.7604 270.3590 0047747 194.6158 139.4991  1.00275901 29481
NAVSTAR 75 (USA 265)    
1 41019U 15062A   23280.08045558 -.00000015  00000+0  00000+0 0  9994
2 41019  56.1901  69.0278 0090597 221.2698 138.0516  2.00562325 58092
GSAT-15                 
1 41028U 15065A   23280.53714434 -.00000267  00000+0  00000+0 0  9992
2 41028   0.0347 100.7426 0002362  90.8156 111.2541  1.00273287 28930
GSAT0209 (GALILEO 12)   
1 41174U 15079A   23279.16571778  .00000020  00000+0  00000+0 0  9994
2 41174  55.3127 128.3243 0002239 343.2744  16.8002  1.70474236 47987
GSAT0208 (GALILEO 11)   
1 41175U 15079B   23279.38534981  .00000021  00000+0  00000+0 0  9995
2 41175  55.3111 128.3163 0001755 354.9595   5.1210  1.70474137 48407
IRNSS-1E                
1 41241U 16003A   23279.87082030 -.00000288  00000+0  00000+0 0  9990
2 41241  31.0523  77.3032 0020986 179.6919 183.6273  1.00276769 28218
NAVSTAR 76 (USA 266)    
1 41328U 16007A   23280.17026260  .00000014  00000+0  00000+0 0  9994
2 41328  55.0284 128.5453 0071897 233.5995 125.8119  2.00574277 56103
COSMOS 2514             
1 41330U 16008A   23280.24531966 -.00000086  00000+0  00000+0 0  9990
2 41330  65.4929 346.5632 0012383 213.0034 146.9770  2.13102552 59657
IRNSS-1F                
1 41384U 16015A   23280.52496118  .00000152  00000+0  00000+0 0  9990
2 41384   3.0007 128.2479 0019032 173.3855 295.7800  1.00265997 27809
BEIDOU-2 IGSO-6         
1 41434U 16021A   23280.33352994 -.00000152  00000+0  00000+0 0  9996
2 41434  58.8042  47.9304 0048328 218.9472 325.7401  1.00276790 27610
IRNSS-1G                
1 41469U 16027A   23280.54428020 -.00000341  00000+0  00000+0 0  9997
2 41469   2.8895 129.8351 0001338 356.7519 214.8737  1.00274019 27317
GSAT0211 (GALILEO 14)   
1 41549U 16030A   23280.09294749  .00000004  00000+0  00000+0 0  9994
2 41549  55.4939 248.7707 0004021 318.9495  40.9953  1.70473231 45895
GSAT0210 (GALILEO 13)   
1 41550U 16030B   23279.21125362  .00000007  00000+0  00000+0 0  9995
2 41550  55.4937 248.7961 0003807 285.6305  74.3020  1.70473699 45870
COSMOS 2516             
1 41554U 16032A   23280.35912262 -.00000003  00000+0  00000+0 0  9998
2 41554  63.8634 224.9193 0015243 213.8061 146.0891  2.13106430 57266
BEIDOU-2 G7             
1 41586U 16037A   23279.93368465 -.00000362  00000+0  00000+0 0  9998
2 41586   1.9480  68.8465 0006712 337.7668  55.3993  1.00269579 26923
EUTELSAT 117 WEST B     
1 41589U 16038B   23279.99365566 -.00000020  00000+0  00000+0 0  9998
2 41589   0.0112  55.9853 0000162  71.6622 128.4619  1.00272112 26792
GSAT0207 (GALILEO 15)   
1 41859U 16069A   23280.04612449  .00000025  00000+0  00000+0 0  9999
2 41859  54.9762 128.3638 0002017 314.6373  45.4298  1.70474216 42628
GSAT0212 (GALILEO 16)   
1 41860U 16069B   23276.96783936  .00000014  00000+0  00000+0 0  9995
2 41860  54.9723 128.4461 0001957  19.1169 340.9759  1.70474298 42821
GSAT0213 (GALILEO 17)   
1 41861U 16069C   23279.09388813  .00000019  00000+0  00000+0 0  9993
2 41861  54.9755 128.3931 0001936 267.1568  92.9029  1.70473057 42728
GSAT0214 (GALILEO 18)   
1 41862U 16069D   23279.82774618  .00000023  00000+0  00000+0 0  9992
2 41862  54.9739 128.3667 0000959 270.5828  89.4892  1.70472944 42866
SES-15                  
1 42709U 17026A   23280.05850437  .00000051  00000+0  00000+0 0  9999
2 42709   0.0299  25.2546 0001129 170.6141  71.5043  1.00271292 24270
QZS-2 (MICHIBIKI-2)     
1 42738U 17028A   23280.26136965 -.00000198  00000+0  00000+0 0  9992
2 42738  40.9924 257.3980 0747400 270.5304  81.4516  1.00256106 23282
QZS-3 (MICHIBIKI-3)     
1 42917U 17048A   23279.94588132 -.00000357  00000+0  00000+0 0  9990
2 42917   0.0796 136.6592 0002083  82.4973 263.6599  1.00266918 22394
COSMOS 2522             
1 42939U 17055A   23280.08690976  .00000002  00000+0  00000+0 0  9995
2 42939  64.0976 225.4634 0008733 242.7859 117.1174  2.13102012 47000
QZS-4 (MICHIBIKI-4)     
1 42965U 17062A   23280.52549446 -.00000343  00000+0  00000+0 0  9995
2 42965  40.6220 356.0230 0750017 269.9453  78.6772  1.00272105 21940
BEIDOU-3 M1             
1 43001U 17069A   23279.89706384  .00000021  00000+0  00000+0 0  9990
2 43001  55.8682  95.7381 0007162 298.7838  61.1834  1.86231684 40273
BEIDOU-3 M2             
1 43002U 17069B   23279.83385617  .00000020  00000+0  00000+0 0  9996
2 43002  55.8674  95.7769 0005427 333.5159  26.4954  1.86231259 40265
GSAT0215 (GALILEO 19)   
1 43055U 17079A   23279.72960230  .00000005  00000+0  00000+0 0  9996
2 43055  55.4705 248.6061 0003372 277.8111  82.1256  1.70473928 36200
GSAT0216 (GALILEO 20)   
1 43056U 17079B   23278.26173872  .00000009  00000+0  00000+0 0  9997
2 43056  55.4718 248.6463 0004971 281.4744  78.4421  1.70474054 36191
GSAT0217 (GALILEO 21)   
1 43057U 17079C   23279.06869399  .00000007  00000+0  00000+0 0  9991
2 43057  55.4692 248.6232 0004441 293.6073  66.3202  1.70474031 36197
GSAT0218 (GALILEO 22)   
1 43058U 17079D   23279.87533076  .00000005  00000+0  00000+0 0  9999
2 43058  55.4689 248.5986 0005359 278.2882  81.6260  1.70474026 36238
BEIDOU-3 M7             
1 43107U 18003A   23279.58456727 -.00000100  00000+0  00000+0 0  9994
2 43107  55.0994 336.3774 0002806  73.6284 286.4587  1.86232553 39016
BEIDOU-3 M8             
1 43108U 18003B   23279.52293531 -.00000100  00000+0  00000+0 0  9991
2 43108  55.0925 336.3664 0004630 249.2747 110.7320  1.86231023 39027
BEIDOU-3 M4             
1 43207U 18018A   23280.50203782  .00000027  00000+0  00000+0 0  9993
2 43207  55.8274  95.8157 0004286  20.7675 339.2908  1.86231632 38424
BEIDOU-3 M3             
1 43208U 18018B   23280.56869965  .00000028  00000+0  00000+0 0  9992
2 43208  55.8268  95.8180 0005055 317.3407  42.6610  1.86231607 38424
BEIDOU-3 M9             
1 43245U 18029A   23279.71752317 -.00000095  00000+0  00000+0 0  9997
2 43245  54.9922 334.1035 0001860 236.7656 123.2736  1.86232835 37563
BEIDOU-3 M10            
1 43246U 18029B   23280.18444986 -.00000093  00000+0  00000+0 0  9999
2 43246  54.9893 334.1164 0002983 342.6781  17.3694  1.86233026 37555
IRNSS-1I                
1 43286U 18035A   23280.07549483  .00000098  00000+0  00000+0 0  9990
2 43286  29.3271  89.6667 0021136 176.5538 191.4610  1.00272814 20211
COSMOS 2527             
1 43508U 18053A   23280.04564541  .00000050  00000+0  00000+0 0  9994
2 43508  65.1049 106.8523 0007522 213.4742 146.5325  2.13102510 41300
BEIDOU-2 IGSO-7         
1 43539U 18057A   23280.32038413 -.00000152  00000+0  00000+0 0  9991
2 43539  55.1177 171.5702 0063867 230.4111 202.9488  1.00273785 19283
GSAT0221 (GALILEO 25)   
1 43564U 18060A   23273.32270937 -.00000104  00000+0  00000+0 0  9991
2 43564  57.2877   8.5008 0003568 254.1728 105.8116  1.70476119 32274
GSAT0222 (GALILEO 26)   
1 43565U 18060B   23277.64693084 -.00000111  00000+0  00000+0 0  9991
2 43565  57.2917   8.3852 0004153 222.8064 137.1905  1.70475954 32394
GSAT0219 (GALILEO 23)   
1 43566U 18060C   23276.10946754 -.00000110  00000+0  00000+0 0  9996
2 43566  57.2907   8.4289 0003079 258.3568 101.6372  1.70476034 32347
GSAT0220 (GALILEO 24)   
1 43567U 18060D   23279.26282748 -.00000111  00000+0  00000+0 0  9994
2 43567  57.2907   8.3437 0003304 255.3398 104.6528  1.70476293 32388
BEIDOU-3 M5             
1 43581U 18062A   23279.86771093 -.00000023  00000+0  00000+0 0  9996
2 43581  54.1709 215.8036 0004278 290.2683  69.6789  1.86232017 35301
BEIDOU-3 M6             
1 43582U 18062B   23280.27095056 -.00000028  00000+0  00000+0 0  9997
2 43582  54.1704 215.7795 0005580   8.2251 351.7766  1.86229923 35316
BEIDOU-3 M12            
1 43602U 18067A   23280.20694927 -.00000028  00000+0  00000+0 0  9990
2 43602  54.2580 214.4400 0007389  16.9898 343.0292  1.86231528 34796
BEIDOU-3 M11            
1 43603U 18067B   23279.26688402 -.00000017  00000+0  00000+0 0  9994
2 43603  54.2554 214.4378 0004348   4.7864 355.2133  1.86231479 34808
BEIDOU-3 M13            
1 43622U 18072A   23279.76280444  .00000019  00000+0  00000+0 0  9991
2 43622  55.7964  95.3800 0003977 291.7831  68.2128  1.86231584 34324
BEIDOU-3 M14            
1 43623U 18072B   23280.16521347  .00000023  00000+0  00000+0 0  9993
2 43623  55.7987  95.3593 0002305 349.8559  10.1787  1.86231569 34325
BEIDOU-3 M16            
1 43647U 18078A   23279.79150339 -.00000095  00000+0  00000+0 0  9991
2 43647  54.8886 334.2211 0006016   2.5717 357.4885  1.86227392 33822
BEIDOU-3 M15            
1 43648U 18078B   23279.92124878 -.00000095  00000+0  00000+0 0  9996
2 43648  54.8842 334.2203 0002780   7.3940 352.6672  1.86232373 33849
BEIDOU-3 G1             
1 43683U 18085A   23280.53104885 -.00000287  00000+0  00000+0 0  9991
2 43683   1.5867 122.1279 0001972   8.1556 216.8000  1.00267391 18196
COSMOS 2529             
1 43687U 18086A   23280.14491235  .00000002  00000+0  00000+0 0  9995
2 43687  64.3130 225.9058 0010431 263.6844  96.1888  2.13102065 38315
BEIDOU-3 M17            
1 43706U 18093A   23280.06911124 -.00000025  00000+0  00000+0 0  9996
2 43706  54.2534 215.7164 0009405 284.4344  75.4543  1.86232104 33212
BEIDOU-3 M18            
1 43707U 18093B   23279.39849997 -.00000017  00000+0  00000+0 0  9990
2 43707  54.2544 215.7309 0007991 312.2769  47.6492  1.86229919 33195
NAVSTAR 77 (USA 289)    
1 43873U 18109A   23280.07782788  .00000011  00000+0  00000+0 0  9996
2 43873  55.2033 131.0707 0026254 189.9931 358.0033  2.00570132 35339
BEIDOU-3 IGSO-1         
1 44204U 19023A   23280.25580021 -.00000205  00000+0  00000+0 0  9993
2 44204  57.2709  47.8969 0024024 196.3026 343.4233  1.00272992 16470
BEIDOU-2 G8             
1 44231U 19027A   23280.52549446 -.00000254  00000+0  00000+0 0  9997
2 44231   2.0397  80.9863 0006966 135.7637 132.8895  1.00274013 16214
COSMOS 2534             
1 44299U 19030A   23280.59928316 -.00000003  00000+0  00000+0 0  9991
2 44299  64.3858 225.8198 0012713 283.7554 198.9567  2.13101980 33968
BEIDOU-3 IGSO-2         
1 44337U 19035A   23280.31685287 -.00000150  00000+0  00000+0 0  9999
2 44337  55.1518 167.5020 0032846 195.6867 245.8280  1.00264594 15808
NAVSTAR 78 (USA 293)    
1 44506U 19056A   23280.39915979 -.00000114  00000+0  00000+0 0  9992
2 44506  55.8252  10.1322 0037918 187.0019 132.0356  2.00566373 30332
BEIDOU-3 M24            
1 44542U 19061A   23280.00689883 -.00000024  00000+0  00000+0 0  9998
2 44542  54.4805 215.9551 0008530 347.8127  12.1594  1.86231549 27463
BEIDOU-3 M23            
1 44543U 19061B   23280.40545867 -.00000029  00000+0  00000+0 0  9991
2 44543  54.4793 215.9106 0005738 334.6047 204.5140  1.86231953 27472
BEIDOU-3 IGSO-3         
1 44709U 19073A   23280.43196131 -.00000148  00000+0  00000+0 0  9999
2 44709  56.4808 291.4026 0034975 190.8571 169.0936  1.00272047 14596
BEIDOU-3 M22            
1 44793U 19078A   23279.85230438 -.00000095  00000+0  00000+0 0  9991
2 44793  54.7368 334.1822 0004783  10.2986 349.7682  1.86232327 26318
BEIDOU-3 M21            
1 44794U 19078B   23277.83499715 -.00000102  00000+0  00000+0 0  9992
2 44794  54.7118 334.2336 0002852 355.7733   4.2803  1.86232677 26287
COSMOS 2544             
1 44850U 19088A   23279.52014778  .00000043  00000+0  00000+0 0  9999
2 44850  65.0908 106.7122 0011130 248.5263 111.4077  2.13102265 29730
BEIDOU-3 M19            
1 44864U 19090A   23279.46643662  .00000015  00000+0  00000+0 0  9999
2 44864  55.7307  95.5745 0015157 274.0798 293.4960  1.86231902 25895
BEIDOU-3 M20            
1 44865U 19090B   23280.32360866  .00000025  00000+0  00000+0 0  9990
2 44865  55.7331  95.5786 0012879 289.3424 222.7067  1.86231889 25898
BEIDOU-3 G2             
1 45344U 20017A   23279.96128325 -.00000149  00000+0  00000+0 0  9992
2 45344   2.0697  17.8925 0003273 185.3324 238.2414  1.00272702 13390
COSMOS 2545             
1 45358U 20018A   23280.18624830 -.00000087  00000+0  00000+0 0  9997
2 45358  64.8332 346.7835 0011128 241.4559 118.4892  2.13102641 27699
BEIDOU-3 G3             
1 45807U 20040A   23280.58394080 -.00000363  00000+0  00000+0 0  9993
2 45807   0.5939 351.0308 0007825 316.2739  29.4743  1.00272536 12205
NAVSTAR 79 (USA 304)    
1 45854U 20041A   23280.47326953 -.00000018  00000+0  00000+0 0  9995
2 45854  55.9122  67.4159 0037434 187.1398 128.5203  2.00562837 24305
GALAXY 30 (G-30)        
1 46114U 20056C   23280.57407899  .00000029  00000+0  00000+0 0  9992
2 46114   0.0178 198.4179 0002623   7.6441 251.5616  1.00270352 11422
COSMOS 2547             
1 46805U 20075A   23280.37504704 -.00000001  00000+0  00000+0 0  9992
2 46805  64.6132 225.3933 0007815 243.5465 116.3654  2.13102849 22947
NAVSTAR 80 (USA 309)    
1 46826U 20078A   23279.78816965  .00000010  00000+0  00000+0 0  9995
2 46826  54.2971 250.7454 0036656 194.9154 321.7201  2.00562885 21760
NAVSTAR 81 (USA 319)    
1 48859U 21054A   23279.88494212 -.00000114  00000+0  00000+0 0  9992
2 48859  55.3436  11.9228 0013247 214.8469 194.9215  2.00571962 17018
QZS-1R                  
1 49336U 21096A   23278.82742184 -.00000253  00000+0  00000+0 0  9990
2 49336  35.4186  94.4299 0745375 269.8706  82.6466  1.00282357  7131
GSAT0223 (GALILEO 27)   
1 49809U 21116A   23277.29379497 -.00000111  00000+0  00000+0 0  9994
2 49809  57.2820   8.2923 0003651 199.0596 122.7870  1.70476230 11351
GSAT0224 (GALILEO 28)   
1 49810U 21116B   23279.50556902 -.00000111  00000+0  00000+0 0  9990
2 49810  57.2829   8.2311 0002917 191.6737 160.0776  1.70476466 11410
COSMOS 2557             
1 52984U 22075A   23280.06856994 -.00000090  00000+0  00000+0 0  9994
2 52984  64.7510 348.9434 0012844 275.2842  84.6246  2.13102357  9741
COSMOS 2559             
1 54031U 22130A   23280.47992315 -.00000089  00000+0  00000+0 0  9992
2 54031  64.7221 349.0554 0007717 222.9835 137.0116  2.13101555  7717
COSMOS 2564             
1 54377U 22161A   23280.20358330  .00000001  00000+0  00000+0 0  9996
2 54377  64.7540 225.4580 0009927 224.1255 135.7876  2.13102210  6665
NAVSTAR 82 (USA 343)    
1 55268U 23009A   23275.90277778  .00000007  00000+0  00000+0 0  9991
2 55268  55.0856 187.2999 0003759  90.8584   3.1568  2.00557648  5410
BEIDOU-3 G4             
1 56564U 23066A   23280.60254733 -.00000123  00000+0  00000+0 0  9993
2 56564   2.7626 288.6774 0006034 223.6989 240.5743  1.00272265  1534
IRNSS-1J (NVS-01)       
1 56759U 23076A   23280.47266058 -.00000351  00000+0  00000+0 0  9991
2 56759   4.6554 271.4424 0007305 347.5911  56.5931  1.00271404  1253
