NAVSTAR 43 (USA 132)    
1 24876U 97035A   23295.46004769  .00000074  00000+0  00000+0 0  9997
2 24876  55.6000 136.4640 0074403  53.3018 307.4558  2.00564353192526
NAVSTAR 47 (USA 150)    
1 26360U 00025A   23295.83472591 -.00000024  00000+0  00000+0 0  9999
2 26360  54.4738  58.6182 0041852 202.2162 158.9600  2.00567285171851
NAVSTAR 51 (USA 166)    
1 27663U 03005A   23296.43354757 -.00000004  00000+0  00000+0 0  9995
2 27663  55.2209 253.4574 0133778  44.9850   7.5111  2.00563068151897
NAVSTAR 52 (USA 168)    
1 27704U 03010A   23295.59377522 -.00000083  00000+0  00000+0 0  9995
2 27704  55.1150   3.4234 0249875 319.7425  65.7327  2.00553225150685
NAVSTAR 54 (USA 177)    
1 28190U 04009A   23295.88354722 -.00000019  00000+0  00000+0 0  9992
2 28190  55.6533 314.5379 0092315 140.7116  31.2295  2.00565696143527
NAVSTAR 56 (USA 180)    
1 28474U 04045A   23295.60353681 -.00000083  00000+0  00000+0 0  9991
2 28474  55.4426   3.7609 0163599 283.7448  99.8623  2.00556368139002
ANIK F1R                
1 28868U 05036A   23295.93104812 -.00000075  00000+0  00000+0 0  9996
2 28868   1.8131  88.3891 0001759  73.3678  97.2515  1.00271322 36748
NAVSTAR 57 (USA 183)    
1 28874U 05038A   23296.11491486 -.00000016  00000+0  00000+0 0  9997
2 28874  55.7034 311.9820 0140409 280.4353  81.3668  2.00572042132417
INMARSAT 4-F2           
1 28899U 05044A   23296.37176292 -.00000347  00000+0  00000+0 0  9991
2 28899   3.9182  41.1153 0003324 192.4219  29.1177  1.00836448 65794
NAVSTAR 58 (USA 190)    
1 29486U 06042A   23295.75573507  .00000006  00000+0  00000+0 0  9995
2 29486  54.6799 189.7371 0104196  33.7945 329.6225  2.00567155124972
NAVSTAR 59 (USA 192)    
1 29601U 06052A   23296.17371214 -.00000001  00000+0  00000+0 0  9999
2 29601  55.2433 252.4304 0084154  79.5091 281.4261  2.00552048124035
NAVSTAR 60 (USA 196)    
1 32260U 07047A   23295.98956500  .00000077  00000+0  00000+0 0  9996
2 32260  53.4885 120.1236 0152739  71.8403 289.8744  2.00549078117414
COSMOS 2433             
1 32275U 07052A   23296.30466763 -.00000048  00000+0  00000+0 0  9991
2 32275  66.0085 348.3073 0005131 239.6033 120.4131  2.13103978124474
COSMOS 2432             
1 32276U 07052B   23295.54703916 -.00000048  00000+0  00000+0 0  9991
2 32276  66.0230 348.4422 0009869 311.9300 133.7694  2.13103135124442
NAVSTAR 61 (USA 199)    
1 32384U 07062A   23295.48947686 -.00000015  00000+0  00000+0 0  9993
2 32384  55.8372 312.8352 0024324 152.3318 338.1239  2.00561055116083
COSMOS 2434             
1 32393U 07065A   23295.91781363 -.00000001  00000+0  00000+0 0  9997
2 32393  64.3318 224.6565 0002020  68.7572 245.8147  2.13103004123164
COSMOS 2436             
1 32395U 07065C   23295.59747476  .00000002  00000+0  00000+0 0  9990
2 32395  64.3404 224.7295 0016351 358.8614 205.4134  2.13102632123080
NAVSTAR 62 (USA 201)    
1 32711U 08012A   23295.40344432  .00000008  00000+0  00000+0 0  9996
2 32711  54.4480 188.5710 0177829 236.1341 122.2267  2.00558747114326
NAVSTAR 64 (USA 206)    
1 35752U 09043A   23295.85926917 -.00000006  00000+0  00000+0 0  9991
2 35752  55.4756  65.7808 0057420  70.1867 275.2337  2.00555078103912
COSMOS 2456             
1 36111U 09070A   23294.80537626  .00000087  00000+0  00000+0 0  9998
2 36111  64.5112 104.1760 0001232 334.1722   5.4535  2.13099030107807
COSMOS 2457             
1 36112U 09070B   23296.24206976  .00000091  00000+0  00000+0 0  9995
2 36112  64.4960 103.9908 0006587 148.4469 344.5174  2.13101199107841
COSMOS 2460             
1 36402U 10007C   23296.51619448 -.00000046  00000+0  00000+0 0  9992
2 36402  65.8698 347.0073 0002212 239.3481  92.8829  2.13106146106199
NAVSTAR 65 (USA 213)    
1 36585U 10022A   23295.92840201 -.00000002  00000+0  00000+0 0  9990
2 36585  54.5440 247.6249 0111221  59.7548  93.4466  2.00564339 98170
BEIDOU-2 IGSO-1         
1 36828U 10036A   23295.73271781 -.00000114  00000+0  00000+0 0  9999
2 36828  54.2330 171.7295 0037840 191.6529  36.7913  1.00296189 48493
QZS-1 (MICHIBIKI-1)     
1 37158U 10045A   23296.31785263  .00000028  00000+0  00000+0 0  9999
2 37158  42.9359 127.1166 0003896 117.6304  68.7579  0.87714983 47910
BEIDOU-2 G4             
1 37210U 10057A   23296.38429417 -.00000114  00000+0  00000+0 0  9991
2 37210   1.2855  62.9543 0007401 165.9786 100.9995  1.00271345 47589
BEIDOU-2 IGSO-2         
1 37256U 10068A   23296.26597420 -.00000187  00000+0  00000+0 0  9990
2 37256  49.3233 283.7131 0031552 214.5728  97.0995  1.00267461 47084
BEIDOU-2 IGSO-3         
1 37384U 11013A   23295.91447601 -.00000181  00000+0  00000+0 0  9993
2 37384  61.0098  49.4266 0028471 178.0825 240.6845  1.00268775 45964
GSAT-8                  
1 37605U 11022A   23295.90588213  .00000081  00000+0  00000+0 0  9991
2 37605   0.0156 253.8971 0007517 353.0268 165.3735  1.00273507 43504
NAVSTAR 66 (USA 232)    
1 37753U 11036A   23295.59499714 -.00000083  00000+0  00000+0 0  9995
2 37753  56.7491   9.5973 0126861  56.3186 302.6580  2.00568845 89846
BEIDOU-2 IGSO-4         
1 37763U 11038A   23295.74526588 -.00000043  00000+0  00000+0 0  9991
2 37763  54.5065 174.2823 0111901 227.3737 352.3137  1.00263846 44938
GSAT0101 (GALILEO-PFM)  
1 37846U 11060A   23295.39671629 -.00000084  00000+0  00000+0 0  9991
2 37846  57.1137   7.9989 0000426 346.0255  14.0225  1.70475754 74604
GSAT0102 (GALILEO-FM2)  
1 37847U 11060B   23295.31561841 -.00000084  00000+0  00000+0 0  9998
2 37847  57.1142   8.0011 0002255 300.1433  56.3050  1.70475176 74603
COSMOS 2476             
1 37867U 11064A   23296.43633047  .00000094  00000+0  00000+0 0  9996
2 37867  64.7909 105.6657 0021497 230.0082 190.5456  2.13101612 93195
COSMOS 2477             
1 37868U 11064B   23295.40795785  .00000092  00000+0  00000+0 0  9999
2 37868  64.7977 105.7705 0018691 230.0321 299.4537  2.13101488 93116
COSMOS 2475             
1 37869U 11064C   23296.36345905  .00000095  00000+0  00000+0 0  9994
2 37869  64.8052 105.7508 0022607 248.5006 252.5433  2.13101762 93153
BEIDOU-2 IGSO-5         
1 37948U 11073A   23295.96102299 -.00000131  00000+0  00000+0 0  9996
2 37948  49.4498 283.3871 0094517 221.2552 327.1183  1.00260969 43429
LUCH-5A                 
1 37951U 11074B   23295.74086628 -.00000045  00000+0  00000+0 0  9998
2 37951   6.2667  88.8645 0004053 103.5517 272.1495  1.00272094 43346
BEIDOU-2 G5             
1 38091U 12008A   23296.14920178  .00000054  00000+0  00000+0 0  9993
2 38091   1.8252  69.1557 0005882 183.2669 251.4068  1.00275503 42771
BEIDOU-2 M3             
1 38250U 12018A   23295.52444460 -.00000056  00000+0  00000+0 0  9990
2 38250  56.4847 337.2756 0025077 258.4489 101.3307  1.86231039 77909
BEIDOU-2 M4             
1 38251U 12018B   23296.52958915 -.00000056  00000+0  00000+0 0  9997
2 38251  56.3942 336.5315 0015996 259.6070 100.2741  1.86231751 78278
SES-5                   
1 38652U 12036A   23296.28173722  .00000031  00000+0  00000+0 0  9992
2 38652   0.0484 298.3570 0002111 267.9324 291.5817  1.00272362 41364
BEIDOU-2 M6             
1 38775U 12050B   23295.16539762  .00000062  00000+0  00000+0 0  9994
2 38775  55.7291  95.1641 0010598 338.9220  21.0523  1.86231059 75265
GSAT-10                 
1 38779U 12051B   23295.85817346 -.00000168  00000+0  00000+0 0  9990
2 38779   0.0347 257.0183 0003770 344.6400 181.3286  1.00271454 40405
NAVSTAR 67 (USA 239)    
1 38833U 12053A   23295.57829615  .00000013  00000+0  00000+0 0  9992
2 38833  53.5098 183.2217 0145150  52.9578 308.4328  2.00567933 80015
GSAT0103 (GALILEO-FM3)  
1 38857U 12055A   23295.43586575  .00000073  00000+0  00000+0 0  9996
2 38857  55.3022 128.1697 0002075 242.2734 117.7754  1.70473571 68496
GSAT0104 (GALILEO-FM4)  
1 38858U 12055B   23294.81866630  .00000071  00000+0  00000+0 0  9999
2 38858  55.3019 128.1881 0001297 143.4630 216.6147  1.70473816 68598
BEIDOU-2 G6             
1 38953U 12059A   23296.08254247 -.00000175  00000+0  00000+0 0  9991
2 38953   1.9489  81.7344 0006810 298.6651 124.5290  1.00267664 40346
LUCH-5B                 
1 38977U 12061A   23295.63278417 -.00000133  00000+0  00000+0 0  9999
2 38977   8.3623  58.7195 0005537 133.0164  50.6014  1.00271579 39900
COSMOS 2485             
1 39155U 13019A   23295.36081118  .00000092  00000+0  00000+0 0  9995
2 39155  64.9503 106.2361 0022026 226.0374 133.8146  2.13101747 81637
NAVSTAR 68 (USA 242)    
1 39166U 13023A   23295.44164385 -.00000010  00000+0  00000+0 0  9990
2 39166  55.3188 308.1855 0115530  41.5326 319.3779  2.00564082 76440
IRNSS-1A                
1 39199U 13034A   23296.02202184  .00000100  00000+0  00000+0 0  9992
2 39199  33.5376  77.9692 0021985 179.5635 196.6326  1.00269010 37946
NAVSTAR 69 (USA 248)    
1 39533U 14008A   23295.94110648  .00000006  00000+0  00000+0 0  9994
2 39533  53.5960 188.7715 0067054 215.4131 144.2035  2.00554338 70814
ASTRA 5B                
1 39617U 14011B   23295.87697881  .00000134  00000+0  00000+0 0  9994
2 39617   0.0685 306.4227 0003485 279.6683 144.1846  1.00269942 35168
COSMOS 2492             
1 39620U 14012A   23295.78560851 -.00000046  00000+0  00000+0 0  9998
2 39620  65.7534 346.6432 0013056 310.9632  48.9913  2.13103021 74603
IRNSS-1B                
1 39635U 14017A   23294.95730032  .00000099  00000+0  00000+0 0  9994
2 39635  28.6123 256.8650 0018596 188.6751 344.2456  1.00271093 35073
LUCH-5V                 
1 39727U 14023A   23296.08471802 -.00000270  00000+0  00000+0 0  9998
2 39727   2.6971  77.0772 0003773 161.7894 277.6598  1.00272487552806
NAVSTAR 70 (USA 251)    
1 39741U 14026A   23295.72426493 -.00000084  00000+0  00000+0 0  9996
2 39741  56.7009   9.1142 0030640 309.5162  50.2604  2.00553585 69116
COSMOS 2500             
1 40001U 14032A   23295.96825237 -.00000045  00000+0  00000+0 0  9996
2 40001  65.6915 346.4609 0008581 212.1227 147.8922  2.13105863 72821
NAVSTAR 71 (USA 256)    
1 40105U 14045A   23295.30897792  .00000076  00000+0  00000+0 0  9991
2 40105  54.8316 127.1546 0027339 114.6836 245.6657  2.00550000 66647
GSAT0201 (GALILEO 5)    
1 40128U 14050A   23295.31348702 -.00000031  00000+0  00000+0 0  9997
2 40128  49.8926 312.6464 1607282 142.1923 230.2868  1.85519251 60348
GSAT0202 (GALILEO 6)    
1 40129U 14050B   23295.57269791 -.00000030  00000+0  00000+0 0  9995
2 40129  49.9113 311.7086 1605279 143.0118 229.2340  1.85519928 62513
IRNSS-1C                
1 40269U 14061A   23296.08236841 -.00000160  00000+0  00000+0 0  9993
2 40269   4.0805 111.2249 0019119   7.1581  25.5014  1.00269718 33123
NAVSTAR 72 (USA 258)    
1 40294U 14068A   23295.18364922  .00000005  00000+0  00000+0 0  9997
2 40294  56.2195  68.5860 0048968  62.8617 297.6372  2.00574799 65771
COSMOS 2501             
1 40315U 14075A   23295.74946142  .00000000  00000+0  00000+0 0  9996
2 40315  63.6347 223.9737 0019093 208.9737 150.9339  2.13101167 69215
NAVSTAR 73 (USA 260)    
1 40534U 15013A   23296.32107831 -.00000011  00000+0  00000+0 0  9994
2 40534  53.4419 244.2606 0082955  26.2701 334.1366  2.00551590 62837
GSAT0203 (GALILEO 7)    
1 40544U 15017A   23294.00289636 -.00000080  00000+0  00000+0 0  9992
2 40544  56.9044   8.0035 0005934 109.7986 250.3168  1.70475965 53326
GSAT0204 (GALILEO 8)    
1 40545U 15017B   23296.01641739 -.00000087  00000+0  00000+0 0  9999
2 40545  56.9151   7.9628 0004642 229.2859 130.7221  1.70475540 53368
IRNSS-1D                
1 40547U 15018A   23296.30310208 -.00000298  00000+0  00000+0 0  9992
2 40547  27.9747 256.8067 0018930 184.9288 170.6154  1.00277179 31533
BEIDOU-3S IGSO-1S       
1 40549U 15019A   23295.51086544 -.00000127  00000+0  00000+0 0  9991
2 40549  51.0168 307.0052 0037138 195.8464 162.0053  1.00300807 31348
NAVSTAR 74 (USA 262)    
1 40730U 15033A   23295.48574207 -.00000009  00000+0  00000+0 0  9992
2 40730  54.8064 306.7745 0087222  14.0644 346.2126  2.00552500 60565
BEIDOU-3S M2S           
1 40748U 15037A   23295.65797125 -.00000054  00000+0  00000+0 0  9990
2 40748  55.6338 335.1300 0012748 248.5377 111.3861  1.86232946 56089
BEIDOU-3S M1S           
1 40749U 15037B   23295.39118736 -.00000054  00000+0  00000+0 0  9997
2 40749  55.6370 335.1254 0005156 297.0761  62.9311  1.86232775 56086
GSAT0205 (GALILEO 9)    
1 40889U 15045A   23295.78446084  .00000002  00000+0  00000+0 0  9996
2 40889  55.3387 248.3587 0004431   9.9321 350.0576  1.70472856 50501
GSAT0206 (GALILEO 10)   
1 40890U 15045B   23295.41854737  .00000005  00000+0  00000+0 0  9999
2 40890  55.3379 248.3643 0002888 349.4053  10.5710  1.70472908 50523
BEIDOU-3S IGSO-2S       
1 40938U 15053A   23295.86506139 -.00000128  00000+0  00000+0 0  9997
2 40938  50.7376 270.1821 0047174 194.9098 333.9369  1.00271508 29649
NAVSTAR 75 (USA 265)    
1 41019U 15062A   23295.53657943  .00000003  00000+0  00000+0 0  9993
2 41019  56.2029  68.4232 0091336 221.5276 137.7777  2.00562112 58408
GSAT-15                 
1 41028U 15065A   23296.44268635 -.00000262  00000+0  00000+0 0  9991
2 41028   0.0685 266.5443 0003635 283.5517  94.4165  1.00271810 29150
GSAT0209 (GALILEO 12)   
1 41174U 15079A   23295.00343453  .00000071  00000+0  00000+0 0  9998
2 41174  55.3201 127.8889 0001975 345.9248  14.1384  1.70474167 48252
GSAT0208 (GALILEO 11)   
1 41175U 15079B   23295.22307543  .00000072  00000+0  00000+0 0  9994
2 41175  55.3185 127.8809 0001370   1.8276 358.2420  1.70474054 48836
IRNSS-1E                
1 41241U 16003A   23295.87065748 -.00000278  00000+0  00000+0 0  9994
2 41241  31.0898  77.0628 0021387 180.7843 198.4638  1.00269240 28491
NAVSTAR 76 (USA 266)    
1 41328U 16007A   23296.12394581  .00000082  00000+0  00000+0 0  9995
2 41328  55.0352 127.9115 0072327 233.5569 125.8401  2.00573325 56469
COSMOS 2514             
1 41330U 16008A   23296.20020251 -.00000045  00000+0  00000+0 0  9998
2 41330  65.4882 346.0221 0012526 216.3593 143.6227  2.13102483 59990
IRNSS-1F                
1 41384U 16015A   23295.86232622  .00000159  00000+0  00000+0 0  9998
2 41384   3.0333 127.5276 0019699 173.9488  72.4169  1.00274316 27943
BEIDOU-2 IGSO-6         
1 41434U 16021A   23295.86139529 -.00000160  00000+0  00000+0 0  9996
2 41434  58.8249  47.7747 0048980 219.4090 170.7011  1.00272794 27765
IRNSS-1G                
1 41469U 16027A   23295.92340906 -.00000335  00000+0  00000+0 0  9994
2 41469   2.9214 129.0804 0000759  15.2219 348.7152  1.00266073 27463
GSAT0211 (GALILEO 14)   
1 41549U 16030A   23295.34423903  .00000006  00000+0  00000+0 0  9996
2 41549  55.4854 248.3519 0004068 327.5139  32.4437  1.70472977 46159
GSAT0210 (GALILEO 13)   
1 41550U 16030B   23295.04911192  .00000009  00000+0  00000+0 0  9990
2 41550  55.4850 248.3611 0003588 290.8988  69.0463  1.70473229 46145
COSMOS 2516             
1 41554U 16032A   23294.43662055  .00000017  00000+0  00000+0 0  9998
2 41554  63.8614 224.4334 0015044 213.1460 146.7768  2.13106250 57564
BEIDOU-2 G7             
1 41586U 16037A   23295.94725626 -.00000356  00000+0  00000+0 0  9996
2 41586   1.9858  69.0341 0007141 340.5067  73.1809  1.00272375 27080
EUTELSAT 117 WEST B     
1 41589U 16038B   23295.93660546 -.00000014  00000+0  00000+0 0  9999
2 41589   0.0126  87.8213 0000178 175.5287 347.9433  1.00272409 26958
GSAT0207 (GALILEO 15)   
1 41859U 16069A   23295.29724783  .00000071  00000+0  00000+0 0  9998
2 41859  54.9835 127.9409 0001715 311.7985  48.2561  1.70474084 43102
GSAT0212 (GALILEO 16)   
1 41860U 16069B   23295.15184864  .00000071  00000+0  00000+0 0  9995
2 41860  54.9812 127.9418 0001805  29.3641 330.7150  1.70474322 43131
GSAT0213 (GALILEO 17)   
1 41861U 16069C   23294.93169962  .00000070  00000+0  00000+0 0  9992
2 41861  54.9831 127.9539 0001808 258.5805 101.4678  1.70472971 42997
GSAT0214 (GALILEO 18)   
1 41862U 16069D   23295.07897945  .00000071  00000+0  00000+0 0  9999
2 41862  54.9813 127.9438 0000845 252.1903 107.8693  1.70472848 43121
SES-15                  
1 42709U 17026A   23296.52219802  .00000056  00000+0  00000+0 0  9998
2 42709   0.0071  56.4666 0000381 129.3876 264.6612  1.00266269 24480
QZS-2 (MICHIBIKI-2)     
1 42738U 17028A   23295.73033774 -.00000192  00000+0  00000+0 0  9998
2 42738  40.9670 257.1778 0744887 270.7363 264.4495  1.00251708 23435
QZS-3 (MICHIBIKI-3)     
1 42917U 17048A   23296.55432825 -.00000352  00000+0  00000+0 0  9998
2 42917   0.0524 182.6408 0001597  28.9447 146.7631  1.00268922 22665
COSMOS 2522             
1 42939U 17055A   23296.04174009 -.00000003  00000+0  00000+0 0  9994
2 42939  64.0954 224.9174 0008045 241.9958 117.9341  2.13101895 47345
QZS-4 (MICHIBIKI-4)     
1 42965U 17062A   23295.59695810 -.00000306  00000+0  00000+0 0  9994
2 42965  40.6165 355.8320 0749963 270.2211 118.8836  1.00267074 22106
BEIDOU-3 M1             
1 43001U 17069A   23295.46863109  .00000063  00000+0  00000+0 0  9996
2 43001  55.8806  95.2197 0007215 294.1552  65.7878  1.86231192 40567
BEIDOU-3 M2             
1 43002U 17069B   23295.94241209  .00000064  00000+0  00000+0 0  9992
2 43002  55.8803  95.2395 0005201 330.0913  29.8977  1.86230982 40566
GSAT0215 (GALILEO 19)   
1 43055U 17079A   23295.56741279  .00000004  00000+0  00000+0 0  9995
2 43055  55.4614 248.1709 0003026 286.3348  73.6138  1.70473662 36474
GSAT0216 (GALILEO 20)   
1 43056U 17079B   23294.09954356  .00000015  00000+0  00000+0 0  9997
2 43056  55.4632 248.2111 0004667 286.5307  73.4029  1.70473812 36465
GSAT0217 (GALILEO 21)   
1 43057U 17079C   23295.49308122  .00000005  00000+0  00000+0 0  9996
2 43057  55.4601 248.1718 0004279 299.4316  60.5079  1.70473775 36477
GSAT0218 (GALILEO 22)   
1 43058U 17079D   23295.71313048  .00000003  00000+0  00000+0 0  9993
2 43058  55.4602 248.1633 0005028 282.5328  77.3923  1.70473752 36473
BEIDOU-3 M7             
1 43107U 18003A   23295.69306606 -.00000057  00000+0  00000+0 0  9995
2 43107  55.0904 335.8241 0002595  67.7826 292.3045  1.86232307 39316
BEIDOU-3 M8             
1 43108U 18003B   23295.63156703 -.00000057  00000+0  00000+0 0  9991
2 43108  55.0834 335.8131 0004839 252.8912 107.1153  1.86230772 39321
BEIDOU-3 M4             
1 43207U 18018A   23296.07360726  .00000064  00000+0  00000+0 0  9995
2 43207  55.8396  95.2967 0003708  19.2896 340.7433  1.86231121 38713
BEIDOU-3 M3             
1 43208U 18018B   23295.60331603  .00000064  00000+0  00000+0 0  9996
2 43208  55.8388  95.3170 0004926 311.1499  48.8263  1.86231143 38708
BEIDOU-3 M9             
1 43245U 18029A   23295.82599303 -.00000053  00000+0  00000+0 0  9995
2 43245  54.9829 333.5495 0001985 247.6997 112.3380  1.86232277 37866
BEIDOU-3 M10            
1 43246U 18029B   23295.75595293 -.00000053  00000+0  00000+0 0  9992
2 43246  54.9800 333.5802 0003270 339.5696  20.4760  1.86232736 37854
IRNSS-1I                
1 43286U 18035A   23295.89926476  .00000109  00000+0  00000+0 0  9990
2 43286  29.3637  89.4189 0021628 178.0987 142.4349  1.00276798 20361
COSMOS 2527             
1 43508U 18053A   23296.00044372  .00000095  00000+0  00000+0 0  9991
2 43508  65.1118 106.3172 0007739 212.9219 147.0645  2.13102321 41643
BEIDOU-2 IGSO-7         
1 43539U 18057A   23295.61991000 -.00000124  00000+0  00000+0 0  9998
2 43539  55.1175 171.4361 0063642 229.7626 326.5041  1.00268473 19448
GSAT0221 (GALILEO 25)   
1 43564U 18060A   23295.02634225 -.00000083  00000+0  00000+0 0  9992
2 43564  57.2894   7.9156 0004506 259.9422 100.0570  1.70475870 32642
GSAT0222 (GALILEO 26)   
1 43565U 18060B   23294.07132733 -.00000080  00000+0  00000+0 0  9991
2 43565  57.2927   7.9426 0004494 229.7964 130.2160  1.70475760 32673
GSAT0219 (GALILEO 23)   
1 43566U 18060C   23295.46675739 -.00000084  00000+0  00000+0 0  9998
2 43566  57.2922   7.9070 0003450 262.7813  97.2288  1.70476016 32673
GSAT0220 (GALILEO 24)   
1 43567U 18060D   23294.51403803 -.00000081  00000+0  00000+0 0  9992
2 43567  57.2916   7.9334 0003645 258.2478 101.7622  1.70475778 32636
BEIDOU-3 M5             
1 43581U 18062A   23295.43922070 -.00000007  00000+0  00000+0 0  9992
2 43581  54.1668 215.2735 0003689 297.6803  62.3060  1.86231743 35593
BEIDOU-3 M6             
1 43582U 18062B   23295.30568312 -.00000006  00000+0  00000+0 0  9993
2 43582  54.1664 215.2677 0005922  15.0766 344.9652  1.86229660 35598
BEIDOU-3 M12            
1 43602U 18067A   23295.24155203 -.00000005  00000+0  00000+0 0  9994
2 43602  54.2545 213.9293 0007604  19.7043 340.3517  1.86231397 35070
BEIDOU-3 M11            
1 43603U 18067B   23295.37538248 -.00000006  00000+0  00000+0 0  9994
2 43603  54.2516 213.8904 0004500   9.8333 350.2016  1.86231360 35109
BEIDOU-3 M13            
1 43622U 18072A   23295.87133085  .00000063  00000+0  00000+0 0  9998
2 43622  55.8094  94.8417 0004051 286.7424  73.2314  1.86231266 34626
BEIDOU-3 M14            
1 43623U 18072B   23296.27373730  .00000063  00000+0  00000+0 0  9997
2 43623  55.8116  94.8210 0002044 343.4354  16.5761  1.86231270 34627
BEIDOU-3 M16            
1 43647U 18078A   23295.90043477 -.00000054  00000+0  00000+0 0  9991
2 43647  54.8789 333.6651 0006236   0.0814 359.9776  1.86227131 34132
BEIDOU-3 M15            
1 43648U 18078B   23294.41889994 -.00000053  00000+0  00000+0 0  9998
2 43648  54.8755 333.7199 0002960   2.2988 357.7611  1.86232123 34119
BEIDOU-3 G1             
1 43683U 18085A   23296.52218522 -.00000280  00000+0  00000+0 0  9994
2 43683   1.6226 121.1177 0002464   4.8385 233.8222  1.00272190 18347
COSMOS 2529             
1 43687U 18086A   23296.09975169 -.00000003  00000+0  00000+0 0  9991
2 43687  64.3107 225.3641 0009728 264.4932  95.4063  2.13101959 38650
BEIDOU-3 M17            
1 43706U 18093A   23295.64061739 -.00000009  00000+0  00000+0 0  9996
2 43706  54.2493 215.1875 0008787 286.9383  72.9884  1.86231825 33489
BEIDOU-3 M18            
1 43707U 18093B   23295.50713841 -.00000008  00000+0  00000+0 0  9999
2 43707  54.2501 215.1838 0007638 317.2831  42.6811  1.86229669 33497
NAVSTAR 77 (USA 289)    
1 43873U 18109A   23295.01453226  .00000074  00000+0  00000+0 0  9997
2 43873  55.2095 130.4809 0026742 189.7624 343.6722  2.00570235 35634
BEIDOU-3 IGSO-1         
1 44204U 19023A   23295.89434439 -.00000213  00000+0  00000+0 0  9999
2 44204  57.2922  47.7348 0024427 197.1918 227.6629  1.00267421 16634
BEIDOU-2 G8             
1 44231U 19027A   23295.95131235 -.00000248  00000+0  00000+0 0  9996
2 44231   1.3614  70.8622 0004503 151.3303 295.9302  1.00275005 16360
COSMOS 2534             
1 44299U 19030A   23295.71717441  .00000001  00000+0  00000+0 0  9993
2 44299  64.3835 225.3081 0012115 285.4917 275.1570  2.13101722 34289
BEIDOU-3 IGSO-2         
1 44337U 19035A   23295.61414882 -.00000121  00000+0  00000+0 0  9997
2 44337  55.1523 167.3674 0032988 194.7125   8.3957  1.00259205 15986
NAVSTAR 78 (USA 293)    
1 44506U 19056A   23295.41346692 -.00000083  00000+0  00000+0 0  9996
2 44506  55.8266   9.5383 0038249 187.5670 172.6520  2.00566186 30641
BEIDOU-3 M24            
1 44542U 19061A   23296.11540481 -.00000014  00000+0  00000+0 0  9996
2 44542  54.4766 215.4106 0008608 352.9314   7.0772  1.86231448 27763
BEIDOU-3 M23            
1 44543U 19061B   23296.35984741 -.00000016  00000+0  00000+0 0  9996
2 44543  54.4749 215.3716 0005634 342.4329  93.4135  1.86231669 27764
BEIDOU-3 IGSO-3         
1 44709U 19073A   23295.39133166 -.00000156  00000+0  00000+0 0  9998
2 44709  56.4568 291.2444 0034823 190.8477 169.0731  1.00267456 14746
BEIDOU-3 M22            
1 44793U 19078A   23294.88690253 -.00000053  00000+0  00000+0 0  9990
2 44793  54.7278 333.6614 0004972   6.5728 353.4921  1.86232028 26599
BEIDOU-3 M21            
1 44794U 19078B   23295.55430104 -.00000054  00000+0  00000+0 0  9994
2 44794  54.7012 333.6193 0003112 351.0841   8.9688  1.86232506 26613
COSMOS 2544             
1 44850U 19088A   23295.94422503  .00000095  00000+0  00000+0 0  9999
2 44850  65.0979 106.1609 0011287 247.4765 112.4384  2.13102068 30061
BEIDOU-3 M19            
1 44864U 19090A   23295.80717753  .00000063  00000+0  00000+0 0  9991
2 44864  55.7434  95.0284 0015440 272.4853  90.7790  1.86231440 26200
BEIDOU-3 M20            
1 44865U 19090B   23295.35045677  .00000062  00000+0  00000+0 0  9990
2 44865  55.7450  95.0767 0013012 287.1962 219.6373  1.86231416 26170
BEIDOU-3 G2             
1 45344U 20017A   23296.15346590 -.00000143  00000+0  00000+0 0  9992
2 45344   2.0814  18.7073 0003268 188.9113 318.9834  1.00270009 13563
COSMOS 2545             
1 45358U 20018A   23295.67184323 -.00000047  00000+0  00000+0 0  9991
2 45358  64.8287 346.2457 0011544 244.0610 115.8866  2.13102460 28021
BEIDOU-3 G3             
1 45807U 20040A   23296.53753664 -.00000359  00000+0  00000+0 0  9997
2 45807   0.5871 354.6835 0008891 314.2619  26.8043  1.00276257 12380
NAVSTAR 79 (USA 304)    
1 45854U 20041A   23295.93379562 -.00000003  00000+0  00000+0 0  9990
2 45854  55.9246  66.8075 0038150 187.9227 130.9195  2.00561954 24617
GALAXY 30 (G-30)        
1 46114U 20056C   23296.16086476  .00000034  00000+0  00000+0 0  9994
2 46114   0.0151 227.6655 0002842 343.6682 112.9029  1.00270373 11690
COSMOS 2547             
1 46805U 20075A   23295.57672547  .00000003  00000+0  00000+0 0  9992
2 46805  64.6110 224.8822 0007760 243.3632 258.8111  2.13102931 23265
NAVSTAR 80 (USA 309)    
1 46826U 20078A   23296.26990215 -.00000006  00000+0  00000+0 0  9994
2 46826  54.2884 250.0772 0036873 194.8442 342.4571  2.00562591 22089
NAVSTAR 81 (USA 319)    
1 48859U 21054A   23295.72073552 -.00000085  00000+0  00000+0 0  9990
2 48859  55.3455  11.2889 0013577 216.1136 108.3019  2.00570591 17329
QZS-1R                  
1 49336U 21096A   23296.30623488 -.00000190  00000+0  00000+0 0  9998
2 49336  35.4554  94.1650 0747414 270.1379 272.6117  1.00275468  7291
GSAT0223 (GALILEO 27)   
1 49809U 21116A   23296.13083405 -.00000087  00000+0  00000+0 0  9991
2 49809  57.2833   7.7852 0003672 203.0466 159.5359  1.70475915 11679
GSAT0224 (GALILEO 28)   
1 49810U 21116B   23295.37276008 -.00000084  00000+0  00000+0 0  9998
2 49810  57.2838   7.8041 0002946 198.6865 171.1350  1.70475955 11699
COSMOS 2557             
1 52984U 22075A   23296.49271253 -.00000050  00000+0  00000+0 0  9993
2 52984  64.7466 348.3712 0013318 275.9356  83.9790  2.13102091 10077
COSMOS 2559             
1 54031U 22130A   23296.43485912 -.00000051  00000+0  00000+0 0  9994
2 54031  64.7180 348.4991 0007895 226.2756 133.7251  2.13101341  8060
COSMOS 2564             
1 54377U 22161A   23295.68917873  .00000002  00000+0  00000+0 0  9998
2 54377  64.7520 224.9411 0009321 222.0857 137.8553  2.13102104  6996
NAVSTAR 82 (USA 343)    
1 55268U 23009A   23295.47248383  .00000010  00000+0  00000+0 0  9999
2 55268  55.0861 186.5278 0005093  89.2355  94.4244  2.00552266  5818
BEIDOU-3 G4             
1 56564U 23066A   23296.20674236 -.00000119  00000+0  00000+0 0  9995
2 56564   2.7241 288.6240 0005902 224.9948 112.2224  1.00270684  1696
IRNSS-1J (NVS-01)       
1 56759U 23076A   23295.87671069 -.00000345  00000+0  00000+0 0  9996
2 56759   4.6167 271.1581 0006872 342.3501 222.6426  1.00276870  1404
