NAVSTAR 43 (USA 132)    
1 24876U 97035A   23264.04964915  .00000023  00000+0  00000+0 0  9999
2 24876  55.5908 137.6917 0073284  52.7157 308.0398  2.00564134191890
NAVSTAR 47 (USA 150)    
1 26360U 00025A   23264.43056866 -.00000010  00000+0  00000+0 0  9999
2 26360  54.4476  59.9027 0041651 200.1025 165.0829  2.00569545171228
NAVSTAR 51 (USA 166)    
1 27663U 03005A   23264.01673779  .00000060  00000+0  00000+0 0  9993
2 27663  55.2381 254.7464 0132393  44.7427   1.0746  2.00565020151253
NAVSTAR 52 (USA 168)    
1 27704U 03010A   23264.62696208 -.00000079  00000+0  00000+0 0  9995
2 27704  55.1154   4.6738 0249155 319.1354  26.1500  2.00575686150057
NAVSTAR 54 (USA 177)    
1 28190U 04009A   23264.31971728 -.00000030  00000+0  00000+0 0  9990
2 28190  55.6772 315.7943 0092704 139.4725 281.5521  2.00566761142890
NAVSTAR 56 (USA 180)    
1 28474U 04045A   23264.15228846 -.00000078  00000+0  00000+0 0  9995
2 28474  55.4428   5.0201 0162434 282.7481  72.4284  2.00555243138369
ANIK F1R                
1 28868U 05036A   23264.62060604 -.00000070  00000+0  00000+0 0  9993
2 28868   1.7300  88.7879 0002161  58.5284 329.0437  1.00272017 36438
NAVSTAR 57 (USA 183)    
1 28874U 05038A   23264.28525014 -.00000025  00000+0  00000+0 0  9995
2 28874  55.7284 313.2481 0139944 279.7812 138.3557  2.00574296131787
INMARSAT 4-F2           
1 28899U 05044A   23264.55269689  .00000015  00000+0  00000+0 0  9990
2 28899   3.8732  40.7690 0002750 146.5563  75.7387  1.00273117 65494
NAVSTAR 58 (USA 190)    
1 29486U 06042A   23264.60247368  .00000022  00000+0  00000+0 0  9996
2 29486  54.6829 190.9717 0103523  32.6631 155.9263  2.00568750124342
NAVSTAR 59 (USA 192)    
1 29601U 06052A   23264.26268864  .00000062  00000+0  00000+0 0  9996
2 29601  55.2594 253.6970 0083423  79.4246 281.5178  2.00550460123352
NAVSTAR 60 (USA 196)    
1 32260U 07047A   23264.07858264  .00000024  00000+0  00000+0 0  9992
2 32260  53.4722 121.4466 0151950  71.0609 290.6696  2.00550605116757
COSMOS 2433             
1 32275U 07052A   23263.45655051 -.00000059  00000+0  00000+0 0  9993
2 32275  66.0173 349.4001 0004246 225.6319 134.3866  2.13104099123735
COSMOS 2432             
1 32276U 07052B   23264.53295094 -.00000060  00000+0  00000+0 0  9993
2 32276  66.0314 349.4733 0008657 316.2255  96.5797  2.13103197123786
NAVSTAR 61 (USA 199)    
1 32384U 07062A   23264.61748991 -.00000026  00000+0  00000+0 0  9994
2 32384  55.8604 314.0586 0024718 151.3231   8.4334  2.00559584115462
COSMOS 2434             
1 32393U 07065A   23263.36243434  .00000067  00000+0  00000+0 0  9994
2 32393  64.3358 225.7611 0000654  69.0395 110.0015  2.13103056122444
COSMOS 2436             
1 32395U 07065C   23263.54531417  .00000067  00000+0  00000+0 0  9997
2 32395  64.3444 225.8166 0015915 354.1986 100.6415  2.13102735122417
NAVSTAR 62 (USA 201)    
1 32711U 08012A   23263.99218453  .00000026  00000+0  00000+0 0  9998
2 32711  54.4506 189.8231 0177634 235.9606 122.3616  2.00557732113693
NAVSTAR 64 (USA 206)    
1 35752U 09043A   23264.49417206  .00000003  00000+0  00000+0 0  9999
2 35752  55.4489  67.0323 0058127  69.5323 309.5794  2.00556938103314
COSMOS 2456             
1 36111U 09070A   23263.39197802  .00000048  00000+0  00000+0 0  9993
2 36111  64.4969 105.2549 0001732 338.7237  21.9321  2.13099178107101
COSMOS 2457             
1 36112U 09070B   23263.42279241  .00000048  00000+0  00000+0 0  9996
2 36112  64.4809 105.1187 0006132 146.7303   8.4773  2.13101355107104
COSMOS 2460             
1 36402U 10007C   23264.13757894 -.00000059  00000+0  00000+0 0  9997
2 36402  65.8792 348.0902 0001613 199.3710 132.7837  2.13106252105415
NAVSTAR 65 (USA 213)    
1 36585U 10022A   23264.49526069  .00000061  00000+0  00000+0 0  9995
2 36585  54.5589 248.8937 0109766  59.6620  77.1132  2.00562798 97537
BEIDOU-2 IGSO-1         
1 36828U 10036A   23264.34427715 -.00000120  00000+0  00000+0 0  9999
2 36828  54.2344 172.0193 0036608 187.9044 229.6811  1.00248466 48181
QZS-1 (MICHIBIKI-1)     
1 37158U 10045A   23264.41030089 -.00000009  00000+0  00000+0 0  9994
2 37158  42.8915 127.4783 0002931 103.1673  87.1937  0.87715737 47622
BEIDOU-2 G4             
1 37210U 10057A   23264.58542387 -.00000108  00000+0  00000+0 0  9993
2 37210   1.2127  61.5813 0006386 154.0824 155.2434  1.00273049 47268
BEIDOU-2 IGSO-2         
1 37256U 10068A   23264.48994076 -.00000165  00000+0  00000+0 0  9993
2 37256  49.3798 284.0980 0032258 213.7228 147.0590  1.00278266 46773
BEIDOU-2 IGSO-3         
1 37384U 11013A   23264.34624855 -.00000159  00000+0  00000+0 0  9999
2 37384  60.9646  49.7322 0028468 175.5509   7.5769  1.00277258 45639
GSAT-8                  
1 37605U 11022A   23264.59701035  .00000089  00000+0  00000+0 0  9999
2 37605   0.0410  89.4286 0005625 156.0587  24.7344  1.00272156 43190
NAVSTAR 66 (USA 232)    
1 37753U 11036A   23264.20846920 -.00000074  00000+0  00000+0 0  9994
2 37753  56.7459  10.8141 0126963  56.3754 319.5457  2.00568666 89229
BEIDOU-2 IGSO-4         
1 37763U 11038A   23264.22340973 -.00000067  00000+0  00000+0 0  9998
2 37763  54.5081 174.5641 0111873 227.8974 133.2938  1.00270546 44629
GSAT0101 (GALILEO-PFM)  
1 37846U 11060A   23264.30771728 -.00000078  00000+0  00000+0 0  9992
2 37846  57.1111   8.8408 0001178  75.3836 284.6539  1.70475880 74078
GSAT0102 (GALILEO-FM2)  
1 37847U 11060B   23262.59751560 -.00000079  00000+0  00000+0 0  9995
2 37847  57.1117   8.8871 0001306 321.5110 115.1776  1.70475346 74059
COSMOS 2476             
1 37867U 11064A   23263.49723340  .00000049  00000+0  00000+0 0  9992
2 37867  64.7764 106.7846 0021203 231.2675 119.5843  2.13101725 92434
COSMOS 2477             
1 37868U 11064B   23264.36831880  .00000052  00000+0  00000+0 0  9993
2 37868  64.7841 106.8246 0018415 231.4141 245.5816  2.13101602 92453
COSMOS 2475             
1 37869U 11064C   23263.77716289  .00000050  00000+0  00000+0 0  9991
2 37869  64.7910 106.8571 0022455 249.9222  92.0580  2.13101961 92445
BEIDOU-2 IGSO-5         
1 37948U 11073A   23264.51091226 -.00000116  00000+0  00000+0 0  9993
2 37948  49.5053 283.7665 0095065 220.8892 135.1727  1.00268519 43108
LUCH-5A                 
1 37951U 11074B   23264.56472565 -.00000043  00000+0  00000+0 0  9991
2 37951   6.1844  89.3942 0004451  75.2837 205.8101  1.00269675 43023
BEIDOU-2 G5             
1 38091U 12008A   23264.59556490  .00000061  00000+0  00000+0 0  9997
2 38091   1.7484  68.6592 0004344 172.5214  32.2814  1.00266590 42342
BEIDOU-2 M3             
1 38250U 12018A   23263.30709046 -.00000072  00000+0  00000+0 0  9993
2 38250  56.5022 338.3458 0024041 256.1368 103.6572  1.86231132 77304
BEIDOU-2 M4             
1 38251U 12018B   23262.70150989 -.00000072  00000+0  00000+0 0  9993
2 38251  56.4131 337.6578 0014889 256.0269 103.8702  1.86231862 77293
SES-5                   
1 38652U 12036A   23264.32598906  .00000039  00000+0  00000+0 0  9995
2 38652   0.0533 306.8988 0001884 224.0439 311.3484  1.00270271 34465
BEIDOU-2 M6             
1 38775U 12050B   23264.02222794  .00000031  00000+0  00000+0 0  9995
2 38775  55.7038  96.2076 0011204 340.2073  19.8156  1.86231201 74686
GSAT-10                 
1 38779U 12051B   23264.56886682 -.00000161  00000+0  00000+0 0  9996
2 38779   0.0139 226.6475 0002186  17.2764  44.0815  1.00272144 40091
NAVSTAR 67 (USA 239)    
1 38833U 12053A   23264.16859161  .00000020  00000+0  00000+0 0  9990
2 38833  53.5115 184.5054 0143108  52.2758 309.0398  2.00567455 79383
GSAT0103 (GALILEO-FM3)  
1 38857U 12055A   23263.76033023  .00000036  00000+0  00000+0 0  9991
2 38857  55.2880 129.0411 0002447 259.2291 100.8430  1.70473681 67956
GSAT0104 (GALILEO-FM4)  
1 38858U 12055B   23263.72976503  .00000036  00000+0  00000+0 0  9997
2 38858  55.2883 129.0435 0000588 151.3590 208.7440  1.70473929 67958
BEIDOU-2 G6             
1 38953U 12059A   23264.59893997 -.00000172  00000+0  00000+0 0  9990
2 38953   1.8670  81.8501 0007357 311.6579 266.3643  1.00273913 39883
LUCH-5B                 
1 38977U 12061A   23264.24702082 -.00000128  00000+0  00000+0 0  9996
2 38977   8.2912  58.9743 0005772 114.2822 259.2825  1.00272120 39599
COSMOS 2485             
1 39155U 13019A   23264.38967135  .00000052  00000+0  00000+0 0  9991
2 39155  64.9370 107.2816 0021735 227.1631 132.7305  2.13101891 80970
NAVSTAR 68 (USA 242)    
1 39166U 13023A   23263.53261013 -.00000022  00000+0  00000+0 0  9994
2 39166  55.3440 309.4671 0114525  41.6313 319.3015  2.00564210 75817
IRNSS-1A                
1 39199U 13034A   23264.55113047  .00000093  00000+0  00000+0 0  9995
2 39199  33.4642  78.4338 0020782 179.1527 356.0366  1.00271352 37346
NAVSTAR 69 (USA 248)    
1 39533U 14008A   23264.03059628  .00000025  00000+0  00000+0 0  9991
2 39533  53.5985 190.0710 0067142 215.6696 143.9000  2.00552592 69623
ASTRA 5B                
1 39617U 14011B   23264.54469081  .00000142  00000+0  00000+0 0  9992
2 39617   0.0958 297.8722 0003932 262.4965  19.4209  1.00274753 34649
COSMOS 2492             
1 39620U 14012A   23262.93737318 -.00000058  00000+0  00000+0 0  9996
2 39620  65.7631 347.7464 0011772 314.0761  45.8827  2.13103122 73903
IRNSS-1B                
1 39635U 14017A   23264.55104347  .00000122  00000+0  00000+0 0  9998
2 39635  28.6726 257.3746 0019291 190.6265 165.5518  1.00270825 34760
LUCH-5V                 
1 39727U 14023A   23264.60743937 -.00000265  00000+0  00000+0 0  9996
2 39727   2.6156  77.1845 0003172 137.2032  99.2281  1.00275123 34338
NAVSTAR 70 (USA 251)    
1 39741U 14026A   23264.31207356 -.00000075  00000+0  00000+0 0  9992
2 39741  56.6981  10.3322 0029461 310.2665  49.5023  2.00555918 68481
COSMOS 2500             
1 40001U 14032A   23264.52821560 -.00000059  00000+0  00000+0 0  9994
2 40001  65.7007 347.5192 0008303 202.7798 157.2375  2.13105893 72159
NAVSTAR 71 (USA 256)    
1 40105U 14045A   23264.39491870  .00000025  00000+0  00000+0 0  9997
2 40105  54.8187 128.3902 0026494 113.8367 246.5301  2.00548082 66028
GSAT0201 (GALILEO 5)    
1 40128U 14050A   23264.05182052 -.00000041  00000+0  00000+0 0  9999
2 40128  49.9204 313.8983 1608270 141.0100 231.7832  1.85519208 59763
GSAT0202 (GALILEO 6)    
1 40129U 14050B   23262.69416895 -.00000045  00000+0  00000+0 0  9997
2 40129  49.9408 313.0244 1606306 141.7682 230.8116  1.85519832 61909
IRNSS-1C                
1 40269U 14061A   23264.56866837 -.00000155  00000+0  00000+0 0  9999
2 40269   4.0038 112.1867 0020688   3.7306 171.9178  1.00266382 32666
NAVSTAR 72 (USA 258)    
1 40294U 14068A   23263.77463117  .00000006  00000+0  00000+0 0  9994
2 40294  56.1923  69.8160 0049127  62.3763 298.1504  2.00572842 65120
COSMOS 2501             
1 40315U 14075A   23264.30902775  .00000066  00000+0  00000+0 0  9990
2 40315  63.6390 225.0680 0019743 210.8267 149.0501  2.13101270 68545
NAVSTAR 73 (USA 260)    
1 40534U 15013A   23263.41327703  .00000055  00000+0  00000+0 0  9997
2 40534  53.4579 245.6237 0081171  25.5069 334.8823  2.00553673 61756
GSAT0203 (GALILEO 7)    
1 40544U 15017A   23263.50055756 -.00000078  00000+0  00000+0 0  9994
2 40544  56.9065   8.8333 0003505 229.0751 130.9190  1.70476277 52803
GSAT0204 (GALILEO 8)    
1 40545U 15017B   23263.16764989 -.00000078  00000+0  00000+0 0  9992
2 40545  56.9127   8.8568 0003932 215.0847 144.9135  1.70475744 52800
IRNSS-1D                
1 40547U 15018A   23264.41884331 -.00000265  00000+0  00000+0 0  9996
2 40547  28.0399 257.3450 0019468 190.0348 175.1520  1.00268273 30960
BEIDOU-3S IGSO-1S       
1 40549U 15019A   23263.60396500 -.00000135  00000+0  00000+0 0  9991
2 40549  51.0714 307.3815 0040760 196.7796 165.0503  1.00252925 31045
NAVSTAR 74 (USA 262)    
1 40730U 15033A   23264.57227185 -.00000015  00000+0  00000+0 0  9995
2 40730  54.8313 308.0312 0085794  13.9393 346.3608  2.00554318 59943
BEIDOU-3S M2S           
1 40748U 15037A   23263.97800183 -.00000069  00000+0  00000+0 0  9995
2 40748  55.6523 336.2044 0011874 243.1558 116.7843  1.86233123 55494
BEIDOU-3S M1S           
1 40749U 15037B   23262.10033346 -.00000072  00000+0  00000+0 0  9993
2 40749  55.6565 336.2542 0003734 297.0112  63.0145  1.86232905 55467
GSAT0205 (GALILEO 9)    
1 40889U 15045A   23262.93556866  .00000046  00000+0  00000+0 0  9995
2 40889  55.3565 249.2650 0003695 359.5669   0.4185  1.70473230 49945
GSAT0206 (GALILEO 10)   
1 40890U 15045B   23263.74284360  .00000049  00000+0  00000+0 0  9997
2 40890  55.3548 249.2383 0002503 328.8869  31.0869  1.70473235 49987
BEIDOU-3S IGSO-2S       
1 40938U 15053A   23264.60557934 -.00000095  00000+0  00000+0 0  9997
2 40938  50.7852 270.5445 0047583 195.0435 209.0921  1.00279132 29339
NAVSTAR 75 (USA 265)    
1 41019U 15062A   23264.12576154  .00000007  00000+0  00000+0 0  9992
2 41019  56.1760  69.6526 0089866 221.0888 138.2604  2.00562237 57779
GSAT-15                 
1 41028U 15065A   23264.60743937 -.00000254  00000+0  00000+0 0  9998
2 41028   0.0165 237.1324 0002266 282.5365 152.7481  1.00272758 28772
GSAT0209 (GALILEO 12)   
1 41174U 15079A   23262.15483442  .00000040  00000+0  00000+0 0  9997
2 41174  55.3052 128.7924 0002681 336.1748  23.9195  1.70474077 47693
GSAT0208 (GALILEO 11)   
1 41175U 15079B   23264.13420369  .00000035  00000+0  00000+0 0  9991
2 41175  55.3044 128.7360 0001953 350.0792  10.0152  1.70473888 48144
IRNSS-1E                
1 41241U 16003A   23264.41884331 -.00000284  00000+0  00000+0 0  9994
2 41241  31.0161  77.5357 0020881 176.2519   8.8280  1.00268531 28057
NAVSTAR 76 (USA 266)    
1 41328U 16007A   23264.21663688  .00000025  00000+0  00000+0 0  9994
2 41328  55.0223 129.1796 0071609 233.7068 125.7181  2.00574858 55783
COSMOS 2514             
1 41330U 16008A   23264.29043408 -.00000059  00000+0  00000+0 0  9996
2 41330  65.4980 347.1043 0012104 210.0714 149.9140  2.13102609 59310
IRNSS-1F                
1 41384U 16015A   23264.54643126  .00000164  00000+0  00000+0 0  9990
2 41384   2.9678 129.0041 0018979 176.7445 283.3972  1.00276748 27647
BEIDOU-2 IGSO-6         
1 41434U 16021A   23264.34112438 -.00000139  00000+0  00000+0 0  9991
2 41434  58.7792  48.0949 0048032 218.1491 313.2552  1.00279514 27451
IRNSS-1G                
1 41469U 16027A   23264.60743682 -.00000330  00000+0  00000+0 0  9998
2 41469   2.8574 130.6263 0002300   4.0174 213.7923  1.00270472 27159
GSAT0211 (GALILEO 14)   
1 41549U 16030A   23263.08193665  .00000047  00000+0  00000+0 0  9996
2 41549  55.5027 249.2387 0004020 312.5582  47.3941  1.70473329 45605
GSAT0210 (GALILEO 13)   
1 41550U 16030B   23264.54662674  .00000051  00000+0  00000+0 0  9996
2 41550  55.5015 249.1995 0004122 279.0453  80.8994  1.70473431 45621
COSMOS 2516             
1 41554U 16032A   23263.46616687  .00000066  00000+0  00000+0 0  9991
2 41554  63.8655 225.5027 0015302 214.1592 145.7326  2.13106346 56906
BEIDOU-2 G7             
1 41586U 16037A   23264.60136397 -.00000350  00000+0  00000+0 0  9990
2 41586   1.9095  68.6294 0007714 345.1812 273.3837  1.00277333 26768
EUTELSAT 117 WEST B     
1 41589U 16038B   23264.61430437 -.00000007  00000+0  00000+0 0  9996
2 41589   0.0327  31.3505 0000253 232.6324 200.4042  1.00272174 26644
GSAT0207 (GALILEO 15)   
1 41859U 16069A   23261.86209507  .00000039  00000+0  00000+0 0  9990
2 41859  54.9676 128.8686 0002365 314.4900  45.5984  1.70473987 42313
GSAT0212 (GALILEO 16)   
1 41860U 16069B   23264.06304420  .00000035  00000+0  00000+0 0  9993
2 41860  54.9662 128.8045 0002074   8.7204 351.3816  1.70474221 42602
GSAT0213 (GALILEO 17)   
1 41861U 16069C   23263.84265921  .00000035  00000+0  00000+0 0  9991
2 41861  54.9686 128.8165 0002177 273.3770  86.6973  1.70472885 42464
GSAT0214 (GALILEO 18)   
1 41862U 16069D   23263.40333768  .00000037  00000+0  00000+0 0  9991
2 41862  54.9665 128.8227 0001094 280.5846  79.5041  1.70472713 42582
SES-15                  
1 42709U 17026A   23264.60629949  .00000064  00000+0  00000+0 0  9998
2 42709   0.0386  13.4985 0000441 139.0099 296.8503  1.00268993 24110
QZS-2 (MICHIBIKI-2)     
1 42738U 17028A   23264.27892029 -.00000122  00000+0  00000+0 0  9992
2 42738  41.0178 257.6237 0749680 270.3075  72.8843  1.00260500 23110
QZS-3 (MICHIBIKI-3)     
1 42917U 17048A   23264.60743682 -.00000344  00000+0  00000+0 0  9996
2 42917   0.0549 166.9437 0001714  15.8359 163.1596  1.00274387 22235
COSMOS 2522             
1 42939U 17055A   23264.13210294  .00000067  00000+0  00000+0 0  9995
2 42939  64.0995 226.0098 0009352 243.2707 116.6258  2.13101942 46667
QZS-4 (MICHIBIKI-4)     
1 42965U 17062A   23262.52752684 -.00000298  00000+0  00000+0 0  9994
2 42965  40.6298 356.2539 0749488 269.5553  61.9043  1.00276796 21762
BEIDOU-3 M1             
1 43001U 17069A   23261.64074682  .00000028  00000+0  00000+0 0  9990
2 43001  55.8530  96.3488 0007422 300.2700  59.7301  1.86231653 39935
BEIDOU-3 M2             
1 43002U 17069B   23264.26226320  .00000032  00000+0  00000+0 0  9995
2 43002  55.8546  96.2967 0005766 334.5030  25.5349  1.86231145 39972
GSAT0215 (GALILEO 19)   
1 43055U 17079A   23264.47842474  .00000051  00000+0  00000+0 0  9992
2 43055  55.4784 249.0258 0003619 273.2589  86.6906  1.70473948 35946
GSAT0216 (GALILEO 20)   
1 43056U 17079B   23264.18374461  .00000050  00000+0  00000+0 0  9996
2 43056  55.4795 249.0338 0005187 278.8467  81.0845  1.70474094 35951
GSAT0217 (GALILEO 21)   
1 43057U 17079C   23263.81752149  .00000049  00000+0  00000+0 0  9997
2 43057  55.4772 249.0429 0004617 290.1488  69.7902  1.70474026 35935
GSAT0218 (GALILEO 22)   
1 43058U 17079D   23263.45098590  .00000048  00000+0  00000+0 0  9990
2 43058  55.4776 249.0506 0005658 274.7229  85.1998  1.70474054 35920
BEIDOU-3 M7             
1 43107U 18003A   23263.47607859 -.00000072  00000+0  00000+0 0  9997
2 43107  55.1089 336.9309 0003159  76.9522 283.1441  1.86232444 38713
BEIDOU-3 M8             
1 43108U 18003B   23263.95126775 -.00000071  00000+0  00000+0 0  9993
2 43108  55.1017 336.9014 0004337 246.0572 113.9579  1.86230868 38734
BEIDOU-3 M4             
1 43207U 18018A   23262.78265946  .00000028  00000+0  00000+0 0  9994
2 43207  55.8125  96.4090 0004509  17.6063 342.4787  1.86231512 38097
BEIDOU-3 M3             
1 43208U 18018B   23262.84931814  .00000028  00000+0  00000+0 0  9996
2 43208  55.8122  96.4114 0005365 318.1607  41.8675  1.86231429 38099
BEIDOU-3 M9             
1 43245U 18029A   23261.99820443 -.00000071  00000+0  00000+0 0  9998
2 43245  55.0037 334.7148 0001503 223.5609 136.4919  1.86232696 37237
BEIDOU-3 M10            
1 43246U 18029B   23263.00211392 -.00000070  00000+0  00000+0 0  9999
2 43246  55.0001 334.7082 0002777 349.7266  10.3312  1.86232893 37236
IRNSS-1I                
1 43286U 18035A   23264.08729987  .00000100  00000+0  00000+0 0  9996
2 43286  29.2874  89.9248 0019876 176.9401 179.4465  1.00277190 20045
COSMOS 2527             
1 43508U 18053A   23263.62158961  .00000050  00000+0  00000+0 0  9994
2 43508  65.0979 107.4034 0007405 215.7862 144.2420  2.13102424 40958
BEIDOU-2 IGSO-7         
1 43539U 18057A   23264.57450074 -.00000136  00000+0  00000+0 0  9993
2 43539  55.1185 171.7089 0064039 230.7418 278.3258  1.00278326 19128
GSAT0221 (GALILEO 25)   
1 43564U 18060A   23259.83127371 -.00000085  00000+0  00000+0 0  9992
2 43564  57.2861   8.8642 0002955 251.6027 108.3809  1.70476287 32045
GSAT0222 (GALILEO 26)   
1 43565U 18060B   23262.39572637 -.00000079  00000+0  00000+0 0  9990
2 43565  57.2906   8.7965 0003780 215.9830 144.0147  1.70475919 32138
GSAT0219 (GALILEO 23)   
1 43566U 18060C   23262.03145064 -.00000079  00000+0  00000+0 0  9992
2 43566  57.2895   8.8085 0002292 255.5390 104.4578  1.70476196 32101
GSAT0220 (GALILEO 24)   
1 43567U 18060D   23263.42504255 -.00000078  00000+0  00000+0 0  9997
2 43567  57.2896   8.7718 0002906 252.8548 107.1378  1.70475951 32119
BEIDOU-3 M5             
1 43581U 18062A   23263.22232755  .00000051  00000+0  00000+0 0  9996
2 43581  54.1747 216.3714 0004858 285.4479  74.4812  1.86231883 34990
BEIDOU-3 M6             
1 43582U 18062B   23263.62538286  .00000051  00000+0  00000+0 0  9999
2 43582  54.1743 216.3472 0005349   1.1998 358.7857  1.86229723 35003
BEIDOU-3 M12            
1 43602U 18067A   23263.02458340  .00000050  00000+0  00000+0 0  9992
2 43602  54.2621 215.0241 0007169  14.1084 345.8944  1.86231499 34471
BEIDOU-3 M11            
1 43603U 18067B   23263.15841126  .00000050  00000+0  00000+0 0  9995
2 43603  54.2592 214.9852 0004234 359.9473   0.0361  1.86231464 34506
BEIDOU-3 M13            
1 43622U 18072A   23263.11734455  .00000029  00000+0  00000+0 0  9990
2 43622  55.7827  95.9370 0004162 295.8735  64.1512  1.86231540 34015
BEIDOU-3 M14            
1 43623U 18072B   23264.05670124  .00000031  00000+0  00000+0 0  9990
2 43623  55.7854  95.8982 0002654 349.9720  10.0886  1.86231509 34023
BEIDOU-3 M16            
1 43647U 18078A   23263.68257980 -.00000069  00000+0  00000+0 0  9993
2 43647  54.8985 334.7772 0005915   6.1701 353.8996  1.86227245 33526
BEIDOU-3 M15            
1 43648U 18078B   23262.73885855 -.00000070  00000+0  00000+0 0  9999
2 43648  54.8947 334.8137 0002743  16.2499 343.8226  1.86232268 33529
BEIDOU-3 G1             
1 43683U 18085A   23264.49620639 -.00000273  00000+0  00000+0 0  9993
2 43683   1.5491 123.2285 0003033 353.1822 202.4389  1.00272855 18032
COSMOS 2529             
1 43687U 18086A   23262.78231359  .00000065  00000+0  00000+0 0  9993
2 43687  64.3150 226.4957 0011070 262.8842  96.9776  2.13102030 37944
BEIDOU-3 M17            
1 43706U 18093A   23264.49763163  .00000048  00000+0  00000+0 0  9997
2 43706  54.2569 216.2465 0009921 282.5286  77.3467  1.86231910 32924
BEIDOU-3 M18            
1 43707U 18093B   23263.82683488  .00000051  00000+0  00000+0 0  9999
2 43707  54.2578 216.2609 0008342 308.6722  51.2380  1.86229765 32904
NAVSTAR 77 (USA 289)    
1 43873U 18109A   23264.08486991  .00000024  00000+0  00000+0 0  9990
2 43873  55.1978 131.7036 0025993 190.4239 329.4739  2.00569448 35013
BEIDOU-3 IGSO-1         
1 44204U 19023A   23263.80882647 -.00000194  00000+0  00000+0 0  9991
2 44204  57.2448  48.0718 0024045 195.0945 167.4125  1.00277507 16318
BEIDOU-2 G8             
1 44231U 19027A   23264.55105237 -.00000245  00000+0  00000+0 0  9998
2 44231   1.9970  81.0396 0006663 132.3173 129.5857  1.00266294 16059
COSMOS 2534             
1 44299U 19030A   23264.47984613  .00000068  00000+0  00000+0 0  9992
2 44299  64.3874 226.3661 0013205 282.4530  73.9747  2.13101851 33615
BEIDOU-3 IGSO-2         
1 44337U 19035A   23264.41149730 -.00000136  00000+0  00000+0 0  9994
2 44337  55.1518 167.6429 0032909 196.1669 264.0096  1.00269278 15642
NAVSTAR 78 (USA 293)    
1 44506U 19056A   23264.50620192 -.00000076  00000+0  00000+0 0  9994
2 44506  55.8230  10.7625 0037463 185.8281 177.6224  2.00565811 30023
BEIDOU-3 M24            
1 44542U 19061A   23263.89841918  .00000051  00000+0  00000+0 0  9994
2 44542  54.4844 216.4995 0008472 342.9249  17.0315  1.86231471 27166
BEIDOU-3 M23            
1 44543U 19061B   23263.10952410  .00000052  00000+0  00000+0 0  9990
2 44543  54.4830 216.4958 0005882 327.8325 135.1174  1.86231813 27154
BEIDOU-3 IGSO-3         
1 44709U 19073A   23263.47887629 -.00000150  00000+0  00000+0 0  9996
2 44709  56.5073 291.5810 0035261 190.2749 169.7196  1.00277258 14429
BEIDOU-3 M22            
1 44793U 19078A   23261.59602101 -.00000072  00000+0  00000+0 0  9998
2 44793  54.7482 334.8148 0004756  15.7495 344.3300  1.86232289 25974
BEIDOU-3 M21            
1 44794U 19078B   23264.41129069 -.00000068  00000+0  00000+0 0  9995
2 44794  54.7202 334.6990 0002761   1.7448 358.3174  1.86232609 26033
COSMOS 2544             
1 44850U 19088A   23263.09607776  .00000049  00000+0  00000+0 0  9996
2 44850  65.0837 107.2636 0011188 250.2477 109.7106  2.13102172 29388
BEIDOU-3 M19            
1 44864U 19090A   23264.36560468  .00000032  00000+0  00000+0 0  9993
2 44864  55.7180  96.0817 0015283 274.3575 248.8334  1.86231728 25611
BEIDOU-3 M20            
1 44865U 19090B   23262.91678747  .00000028  00000+0  00000+0 0  9998
2 44865  55.7185  96.1630 0013066 289.9285  71.6816  1.86231769 25575
BEIDOU-3 G2             
1 45344U 20017A   23264.48428431 -.00000136  00000+0  00000+0 0  9990
2 45344   2.0588  17.0287 0003207 160.8327  76.6288  1.00271051 13232
COSMOS 2545             
1 45358U 20018A   23263.76213996 -.00000060  00000+0  00000+0 0  9990
2 45358  64.8384 347.3539 0010540 239.0506 120.9008  2.13102533 27345
BEIDOU-3 G3             
1 45807U 20040A   23264.58778157 -.00000349  00000+0  00000+0 0  9990
2 45807   0.6039 347.2340 0005923 327.1800   7.9004  1.00266507 12041
NAVSTAR 79 (USA 304)    
1 45854U 20041A   23264.51880277  .00000006  00000+0  00000+0 0  9992
2 45854  55.8977  68.0463 0036924 186.6383 129.1741  2.00563024 23984
GALAXY 30 (G-30)        
1 46114U 20056C   23264.53088230  .00000041  00000+0  00000+0 0  9998
2 46114   0.0152 224.3805 0002286 310.1107 251.7902  1.00271185 11262
COSMOS 2547             
1 46805U 20075A   23263.01249977  .00000066  00000+0  00000+0 0  9992
2 46805  64.6150 225.9765 0008261 243.9735 115.9301  2.13102856 22577
NAVSTAR 80 (USA 309)    
1 46826U 20078A   23264.34578562  .00000060  00000+0  00000+0 0  9994
2 46826  54.3050 251.3736 0036195 195.0474 331.3900  2.00562672 21457
NAVSTAR 81 (USA 319)    
1 48859U 21054A   23264.38432376 -.00000075  00000+0  00000+0 0  9990
2 48859  55.3411  12.5450 0012687 212.4110 164.6949  2.00572598 16708
QZS-1R                  
1 49336U 21096A   23264.42162803 -.00000215  00000+0  00000+0 0  9993
2 49336  35.3865  94.6536 0744332 269.6055 281.8334  1.00287130  6980
GSAT0223 (GALILEO 27)   
1 49809U 21116A   23263.29562010 -.00000078  00000+0  00000+0 0  9996
2 49809  57.2807   8.6712 0003442 185.4216 185.4326  1.70476195 11129
GSAT0224 (GALILEO 28)   
1 49810U 21116B   23260.16048331 -.00000084  00000+0  00000+0 0  9993
2 49810  57.2808   8.7537 0002873 176.7344 182.4953  1.70476406 11083
COSMOS 2557             
1 52984U 22075A   23262.23665830 -.00000061  00000+0  00000+0 0  9998
2 52984  64.7560 349.5644 0012264 275.2278  84.6854  2.13102318  9365
COSMOS 2559             
1 54031U 22130A   23263.58647062 -.00000061  00000+0  00000+0 0  9991
2 54031  64.7269 349.6445 0007421 219.6454 140.3527  2.13101514  7365
COSMOS 2564             
1 54377U 22161A   23264.24875393  .00000068  00000+0  00000+0 0  9998
2 54377  64.7557 225.9910 0010469 225.5897 134.3173  2.13102145  6320
NAVSTAR 82 (USA 343)    
1 55268U 23009A   23262.59589436  .00000032  00000+0  00000+0 0  9997
2 55268  55.0881 187.8164 0004614  91.7836 114.4272  2.00554732  5159
BEIDOU-3 G4             
1 56564U 23066A   23264.50020941 -.00000108  00000+0  00000+0 0  9999
2 56564   2.8048 288.7335 0006795 214.9256 196.5706  1.00272267  1374
IRNSS-1J (NVS-01)       
1 56759U 23076A   23264.49411785 -.00000334  00000+0  00000+0 0  9995
2 56759   4.6987 271.7520 0006235 343.6159  52.0592  1.00278763  1096
