NAVSTAR 43 (USA 132)    
1 24876U 97035A   23216.18596613  .00000015  00000+0  00000+0 0  9998
2 24876  55.5820 139.5620 0071077  51.6339 309.0081  2.00563828190734
NAVSTAR 47 (USA 150)    
1 26360U 00025A   23218.29164882 -.00000063  00000+0  00000+0 0  9998
2 26360  54.4065  61.7918 0041177 198.3977 330.8168  2.00572675170280
NAVSTAR 51 (USA 166)    
1 27663U 03005A   23216.08947942  .00000025  00000+0  00000+0 0  9994
2 27663  55.2604 256.6544 0131303  44.6151 314.7449  2.00567747150288
NAVSTAR 52 (USA 168)    
1 27704U 03010A   23215.78379569 -.00000088  00000+0  00000+0 0  9996
2 27704  55.1145   6.6432 0248177 318.0324  38.1802  2.00573272149075
NAVSTAR 54 (USA 177)    
1 28190U 04009A   23218.10591134 -.00000083  00000+0  00000+0 0  9993
2 28190  55.7136 317.6314 0093128 137.1507  34.6299  2.00568046141999
NAVSTAR 56 (USA 180)    
1 28474U 04045A   23216.80675197 -.00000090  00000+0  00000+0 0  9993
2 28474  55.4415   6.9129 0161515 281.8026  86.0968  2.00578715137412
ANIK F1R                
1 28868U 05036A   23218.46323818 -.00000084  00000+0  00000+0 0  9998
2 28868   1.6148  89.4367 0002720  32.7289 252.0100  1.00271565 65674
NAVSTAR 57 (USA 183)    
1 28874U 05038A   23218.38609006 -.00000083  00000+0  00000+0 0  9993
2 28874  55.7652 315.0715 0138777 279.1939 115.5029  2.00577319130850
INMARSAT 4-F2           
1 28899U 05044A   23218.18708578  .00000000  00000+0  00000+0 0  9997
2 28899   3.8456  40.6256 0002875 107.4932 297.5753  1.00272435 65019
NAVSTAR 58 (USA 190)    
1 29486U 06042A   23217.12260257  .00000055  00000+0  00000+0 0  9999
2 29486  54.6877 192.8526 0102474  31.0945  73.3525  2.00571544123549
NAVSTAR 59 (USA 192)    
1 29601U 06052A   23218.39380878  .00000019  00000+0  00000+0 0  9991
2 29601  55.2795 255.5201 0084257  79.2556 281.7523  2.00576074122478
NAVSTAR 60 (USA 196)    
1 32260U 07047A   23217.20961180 -.00000004  00000+0  00000+0 0  9996
2 32260  53.4528 123.3906 0150119  69.8477 291.7972  2.00552865115832
COSMOS 2433             
1 32275U 07052A   23216.53063682 -.00000068  00000+0  00000+0 0  9993
2 32275  66.0307 350.9578 0002639 202.6877 157.3028  2.13104022122772
COSMOS 2432             
1 32276U 07052B   23218.47968675 -.00000074  00000+0  00000+0 0  9992
2 32276  66.0444 351.0013 0007838 329.5042  32.8887  2.13103203122815
NAVSTAR 61 (USA 199)    
1 32384U 07062A   23217.02708375 -.00000073  00000+0  00000+0 0  9991
2 32384  55.8976 315.9420 0024977 147.8551 210.2340  2.00557111114578
COSMOS 2434             
1 32393U 07065A   23217.37885407  .00000064  00000+0  00000+0 0  9993
2 32393  64.3382 227.3242 0000319 197.7637 344.0210  2.13103084121496
COSMOS 2436             
1 32395U 07065C   23216.97028597  .00000062  00000+0  00000+0 0  9997
2 32395  64.3469 227.3996 0015434 351.2272  12.6660  2.13102844121429
NAVSTAR 62 (USA 201)    
1 32711U 08012A   23218.12152453  .00000061  00000+0  00000+0 0  9999
2 32711  54.4546 191.6509 0177196 235.6086 122.6795  2.00556386112771
NAVSTAR 64 (USA 206)    
1 35752U 09043A   23218.34741328 -.00000056  00000+0  00000+0 0  9996
2 35752  55.4077  68.8755 0058504  67.8725 111.8630  2.00559505102361
COSMOS 2456             
1 36111U 09070A   23217.18325514 -.00000002  00000+0  00000+0 0  9993
2 36111  64.4783 106.8425 0003273 323.1339 228.2140  2.13099185106151
COSMOS 2457             
1 36112U 09070B   23217.42334792 -.00000005  00000+0  00000+0 0  9992
2 36112  64.4625 106.7002 0004638 154.2479 351.8402  2.13101348106161
COSMOS 2460             
1 36402U 10007C   23217.94910552 -.00000073  00000+0  00000+0 0  9992
2 36402  65.8934 349.6313 0001785 126.5367  50.9528  2.13106230104521
NAVSTAR 65 (USA 213)    
1 36585U 10022A   23217.59583241  .00000024  00000+0  00000+0 0  9998
2 36585  54.5779 250.7887 0108625  59.6976  53.4945  2.00560387 96597
BEIDOU-2 IGSO-1         
1 36828U 10036A   23218.35174054 -.00000118  00000+0  00000+0 0  9991
2 36828  54.2383 172.4334 0037088 190.6020 186.9850  1.00261688 47743
QZS-1 (MICHIBIKI-1)     
1 37158U 10045A   23207.91293981  .00000017  00000+0  00000+0 0  9996
2 37158  42.7673 127.8413 0408044 269.8132 316.8783  0.93974245    12
BEIDOU-2 G4             
1 37210U 10057A   23217.77620604 -.00000124  00000+0  00000+0 0  9999
2 37210   1.1127  59.4160 0004819 144.0995 189.8818  1.00269570 46795
BEIDOU-2 IGSO-2         
1 37256U 10068A   23217.21820807 -.00000192  00000+0  00000+0 0  9992
2 37256  49.4610 284.6705 0032244 210.5038   3.3346  1.00293489 46280
BEIDOU-2 IGSO-3         
1 37384U 11013A   23217.76672954 -.00000178  00000+0  00000+0 0  9997
2 37384  60.8950  50.1794 0027212 173.2041 113.7284  1.00289031 45170
GSAT-8                  
1 37605U 11022A   23218.19771522  .00000075  00000+0  00000+0 0  9997
2 37605   0.0077 117.4196 0003341 135.1283 188.1615  1.00270297 44758
NAVSTAR 66 (USA 232)    
1 37753U 11036A   23216.06792984 -.00000083  00000+0  00000+0 0  9995
2 37753  56.7387  12.6780 0127338  56.0541 119.4150  2.00568151 88243
BEIDOU-2 IGSO-4         
1 37763U 11038A   23218.19556824 -.00000042  00000+0  00000+0 0  9990
2 37763  54.5124 174.9728 0112326 228.4472  76.6649  1.00279821 44153
GSAT0101 (GALILEO-PFM)  
1 37846U 11060A   23216.79436601 -.00000089  00000+0  00000+0 0  9992
2 37846  57.1053  10.1244 0002842  67.3316 292.6967  1.70475823 73395
GSAT0102 (GALILEO-FM2)  
1 37847U 11060B   23210.85747266 -.00000067  00000+0  00000+0 0  9992
2 37847  57.1054  10.2851 0002137  21.9041 340.8720  1.70475266 73293
COSMOS 2476             
1 37867U 11064A   23218.22584979 -.00000014  00000+0  00000+0 0  9999
2 37867  64.7594 108.3228 0021623 235.4672 304.7815  2.13101706 91521
COSMOS 2477             
1 37868U 11064B   23217.55649594 -.00000005  00000+0  00000+0 0  9990
2 37868  64.7664 108.4147 0018878 236.3710 328.2696  2.13101632 91461
COSMOS 2475             
1 37869U 11064C   23214.31710066  .00000012  00000+0  00000+0 0  9992
2 37869  64.7727 108.5367 0023428 253.7367 304.1883  2.13101997 91404
BEIDOU-2 IGSO-5         
1 37948U 11073A   23218.10387389 -.00000153  00000+0  00000+0 0  9996
2 37948  49.5840 284.3262 0094695 219.7443 303.5723  1.00279332 42919
LUCH-5A                 
1 37951U 11074B   23217.44639373 -.00000061  00000+0  00000+0 0  9998
2 37951   6.0675  90.2191 0005272  39.6739 151.4536  1.00271066 42695
BEIDOU-2 G5             
1 38091U 12008A   23217.73938375  .00000046  00000+0  00000+0 0  9990
2 38091   1.6411  67.9258 0001002 187.9030  23.0264  1.00273559 41985
BEIDOU-2 M3             
1 38250U 12018A   23217.12880037 -.00000097  00000+0  00000+0 0  9999
2 38250  56.5284 339.8761 0022115 255.0346 104.7304  1.86231024 76787
BEIDOU-2 M4             
1 38251U 12018B   23216.52340791 -.00000094  00000+0  00000+0 0  9998
2 38251  56.4398 339.1915 0012957 254.5857 105.2808  1.86231728 76776
SES-5                   
1 38652U 12036A   23217.67373229  .00000023  00000+0  00000+0 0  9993
2 38652   0.0501 285.7307 0002077 202.7314  72.9947  1.00270718 40579
BEIDOU-2 M6             
1 38775U 12050B   23216.23348371 -.00000015  00000+0  00000+0 0  9998
2 38775  55.6672  97.8110 0012762 336.9664  23.0530  1.86231177 74149
GSAT-10                 
1 38779U 12051B   23218.39493782 -.00000174  00000+0  00000+0 0  9995
2 38779   0.0160  93.4166 0001095 157.5197 288.9143  1.00270378 39805
NAVSTAR 67 (USA 239)    
1 38833U 12053A   23216.30603562  .00000045  00000+0  00000+0 0  9992
2 38833  53.5153 186.4602 0139987  51.3676 309.8413  2.00566616 79311
GSAT0103 (GALILEO-FM3)  
1 38857U 12055A   23218.00659040 -.00000013  00000+0  00000+0 0  9997
2 38857  55.2723 130.3001 0003802 272.8477  87.1335  1.70473621 67310
GSAT0104 (GALILEO-FM4)  
1 38858U 12055B   23217.38950445 -.00000010  00000+0  00000+0 0  9998
2 38858  55.2724 130.3186 0001273 276.1236  83.8861  1.70473874 67278
BEIDOU-2 G6             
1 38953U 12059A   23218.04910461 -.00000186  00000+0  00000+0 0  9990
2 38953   1.9569  82.2732 0008494 321.5742  12.1865  1.00270748 39557
LUCH-5B                 
1 38977U 12061A   23216.94807451 -.00000148  00000+0  00000+0 0  9998
2 38977   8.1885  59.3888 0005886  91.1333 127.7207  1.00270824 39679
COSMOS 2485             
1 39155U 13019A   23216.05583439  .00000009  00000+0  00000+0 0  9995
2 39155  64.9193 108.9134 0022099 231.5550 128.3146  2.13101901 79948
NAVSTAR 68 (USA 242)    
1 39166U 13023A   23217.16472876 -.00000069  00000+0  00000+0 0  9994
2 39166  55.3817 311.3276 0114049  41.8031 319.1076  2.00564227 74876
IRNSS-1A                
1 39199U 13034A   23217.68375624  .00000062  00000+0  00000+0 0  9994
2 39199  33.3551  79.1345 0019192 176.7153 359.2963  1.00270620 37155
NAVSTAR 69 (USA 248)    
1 39533U 14008A   23218.15877135  .00000060  00000+0  00000+0 0  9993
2 39533  53.6026 191.9383 0067281 215.7446 143.7787  2.00550059 69259
ASTRA 5B                
1 39617U 14011B   23217.67739321  .00000126  00000+0  00000+0 0  9993
2 39617   0.0524 311.0899 0002780 209.4695  60.7270  1.00272027 34372
COSMOS 2492             
1 39620U 14012A   23218.35758310 -.00000075  00000+0  00000+0 0  9997
2 39620  65.7770 349.2403 0010845 323.2057  36.7254  2.13103065 72950
IRNSS-1B                
1 39635U 14017A   23217.68375624  .00000109  00000+0  00000+0 0  9993
2 39635  28.7639 258.1646 0020803 191.2565 165.7579  1.00272763 34293
LUCH-5V                 
1 39727U 14023A   23218.21800340 -.00000280  00000+0  00000+0 0  9991
2 39727   2.5019  77.4137 0002872 104.9452 305.3486  1.00272380552026
NAVSTAR 70 (USA 251)    
1 39741U 14026A   23218.44094811 -.00000090  00000+0  00000+0 0  9992
2 39741  56.6929  12.1085 0028537 312.3746  47.3905  2.00559193 67556
COSMOS 2500             
1 40001U 14032A   23217.60274877 -.00000072  00000+0  00000+0 0  9999
2 40001  65.7157 349.0953 0007262 189.3957 170.5959  2.13105877 71154
NAVSTAR 71 (USA 256)    
1 40105U 14045A   23217.53068431  .00000002  00000+0  00000+0 0  9999
2 40105  54.8036 130.2639 0023643 112.9710 247.3053  2.00575663 65976
GSAT0201 (GALILEO 5)    
1 40128U 14050A   23218.23725283 -.00000104  00000+0  00000+0 0  9997
2 40128  49.9615 315.7317 1610143 139.2673 233.9791  1.85518998 60852
GSAT0202 (GALILEO 6)    
1 40129U 14050B   23214.72379917 -.00000074  00000+0  00000+0 0  9993
2 40129  49.9843 314.9432 1608019 139.9466 233.1190  1.85519576 60983
IRNSS-1C                
1 40269U 14061A   23217.83250859 -.00000173  00000+0  00000+0 0  9998
2 40269   3.8943 113.6303 0020866  13.5079 209.6903  1.00270704 32335
NAVSTAR 72 (USA 258)    
1 40294U 14068A   23215.91266125 -.00000031  00000+0  00000+0 0  9996
2 40294  56.1490  71.6927 0048702  60.6271 299.9379  2.00569581 64162
COSMOS 2501             
1 40315U 14075A   23216.44460976  .00000061  00000+0  00000+0 0  9999
2 40315  63.6419 226.7372 0020239 211.6768 148.2322  2.13101360 67529
NAVSTAR 73 (USA 260)    
1 40534U 15013A   23216.04668250  .00000032  00000+0  00000+0 0  9994
2 40534  53.4773 247.5879 0079150  25.0246 335.4180  2.00556532 61223
GSAT0203 (GALILEO 7)    
1 40544U 15017A   23216.57389112 -.00000089  00000+0  00000+0 0  9997
2 40544  56.9007  10.1076 0002064 216.6162 143.3682  1.70475911 52006
GSAT0204 (GALILEO 8)    
1 40545U 15017B   23216.82743276 -.00000089  00000+0  00000+0 0  9991
2 40545  56.9071  10.1148 0002543 194.4086 165.5826  1.70475527 52018
IRNSS-1D                
1 40547U 15018A   23215.52198882 -.00000270  00000+0  00000+0 0  9999
2 40547  28.1351 258.1761 0021579 191.1849 162.0965  1.00266847 30724
BEIDOU-3S IGSO-1S       
1 40549U 15019A   23217.22011549 -.00000184  00000+0  00000+0 0  9999
2 40549  51.1537 307.9264 0040592 194.4902 345.8438  1.00262309 30580
NAVSTAR 74 (USA 262)    
1 40730U 15033A   23216.20809122 -.00000060  00000+0  00000+0 0  9999
2 40730  54.8715 309.9953 0084516  14.0926 346.1907  2.00556768 58990
BEIDOU-3S M2S           
1 40748U 15037A   23217.80035486 -.00000102  00000+0  00000+0 0  9990
2 40748  55.6804 337.7669 0009965 238.3347 121.5806  1.86233005 54632
BEIDOU-3S M1S           
1 40749U 15037B   23217.53346175 -.00000100  00000+0  00000+0 0  9999
2 40749  55.6837 337.7621 0002389 325.0664  34.9301  1.86232802 54626
GSAT0205 (GALILEO 9)    
1 40889U 15045A   23215.42225049  .00000046  00000+0  00000+0 0  9993
2 40889  55.3786 250.5790 0003095   0.5672 359.5084  1.70473594 49131
GSAT0206 (GALILEO 10)   
1 40890U 15045B   23216.22951824  .00000040  00000+0  00000+0 0  9995
2 40890  55.3774 250.5520 0001968 321.0700  38.9845  1.70473575 49177
BEIDOU-3S IGSO-2S       
1 40938U 15053A   23217.62379488 -.00000116  00000+0  00000+0 0  9997
2 40938  50.8523 271.0902 0047959 193.4880 168.6103  1.00289694 28854
NAVSTAR 75 (USA 265)    
1 41019U 15062A   23217.25883695 -.00000044  00000+0  00000+0 0  9997
2 41019  56.1341  71.4892 0087950 221.1490 138.2556  2.00562115 56830
GSAT-15                 
1 41028U 15065A   23218.10608454 -.00000268  00000+0  00000+0 0  9991
2 41028   0.0117 283.1413 0002528 188.5980 334.3408  1.00269366 28372
GSAT0209 (GALILEO 12)   
1 41174U 15079A   23218.16089980 -.00000015  00000+0  00000+0 0  9991
2 41174  55.2901 130.0024 0003871 320.6237  39.3734  1.70473840 47524
GSAT0208 (GALILEO 11)   
1 41175U 15079B   23217.20733518 -.00000009  00000+0  00000+0 0  9992
2 41175  55.2879 130.0269 0003153 323.1389  36.8639  1.70473730 47501
IRNSS-1E                
1 41241U 16003A   23214.54164067 -.00000314  00000+0  00000+0 0  9994
2 41241  30.9009  78.2955 0018497 184.5628 354.7169  1.00280366 27677
NAVSTAR 76 (USA 266)    
1 41328U 16007A   23213.36163870 -.00000004  00000+0  00000+0 0  9990
2 41328  55.0081 131.2009 0071563 234.8286 124.5069  2.00551651 54809
COSMOS 2514             
1 41330U 16008A   23217.83353377 -.00000073  00000+0  00000+0 0  9999
2 41330  65.5129 348.6763 0010798 202.2272 157.7318  2.13102459 58327
IRNSS-1F                
1 41384U 16015A   23218.25252226  .00000149  00000+0  00000+0 0  9997
2 41384   2.8749 131.2359 0017853 181.0401 125.6610  1.00276694 27178
BEIDOU-2 IGSO-6         
1 41434U 16021A   23218.34835282 -.00000156  00000+0  00000+0 0  9998
2 41434  58.7090  48.5578 0046221 217.8688 269.0010  1.00288410 26997
IRNSS-1G                
1 41469U 16027A   23217.87827019 -.00000345  00000+0  00000+0 0  9998
2 41469   2.7681 133.0014 0004156 344.9791 281.7910  1.00278433 26683
GSAT0211 (GALILEO 14)   
1 41549U 16030A   23217.32835225  .00000036  00000+0  00000+0 0  9995
2 41549  55.5242 250.4987 0003425 305.9128  54.1171  1.70473751 44805
GSAT0210 (GALILEO 13)   
1 41550U 16030B   23217.61989755  .00000035  00000+0  00000+0 0  9996
2 41550  55.5231 250.4918 0004034 269.6724  90.3415  1.70473754 44800
COSMOS 2516             
1 41554U 16032A   23217.94909773  .00000066  00000+0  00000+0 0  9994
2 41554  63.8682 227.0772 0015540 214.8207 145.1054  2.13106426 55937
BEIDOU-2 G7             
1 41586U 16037A   23217.76635642 -.00000365  00000+0  00000+0 0  9998
2 41586   1.8020  68.0321 0007683 350.4405 282.0063  1.00273002 26297
EUTELSAT 117 WEST B     
1 41589U 16038B   23218.48830660 -.00000021  00000+0  00000+0 0  9998
2 41589   0.0128 202.8794 0000072 217.2257 313.4389  1.00269562 26221
GSAT0207 (GALILEO 15)   
1 41859U 16069A   23217.28159758 -.00000010  00000+0  00000+0 0  9999
2 41859  54.9525 130.1059 0004014 304.6598  55.3266  1.70473761 41774
GSAT0212 (GALILEO 16)   
1 41860U 16069B   23217.13629325 -.00000009  00000+0  00000+0 0  9995
2 41860  54.9500 130.1069 0002973 335.9560  24.0540  1.70473958 41808
GSAT0213 (GALILEO 17)   
1 41861U 16069C   23216.32894774 -.00000007  00000+0  00000+0 0  9996
2 41861  54.9521 130.1353 0003901 281.4512  78.5264  1.70472652 41786
GSAT0214 (GALILEO 18)   
1 41862U 16069D   23217.06274432 -.00000009  00000+0  00000+0 0  9994
2 41862  54.9505 130.1090 0003171 287.1339  72.8551  1.70472536 41794
SES-15                  
1 42709U 17026A   23218.29563376  .00000050  00000+0  00000+0 0  9998
2 42709   0.0162  42.1770 0001046 128.8874 120.7733  1.00272011 23690
QZS-2 (MICHIBIKI-2)     
1 42738U 17028A   23218.43013177 -.00000144  00000+0  00000+0 0  9992
2 42738  41.0888 258.2795 0755440 269.7124  83.2168  1.00272508 22657
QZS-3 (MICHIBIKI-3)     
1 42917U 17048A   23218.44493847 -.00000358  00000+0  00000+0 0  9997
2 42917   0.0594 181.2659 0002567 328.5037  92.0531  1.00276694 21887
COSMOS 2522             
1 42939U 17055A   23217.67552298  .00000065  00000+0  00000+0 0  9993
2 42939  64.1023 227.6034 0010228 242.7850 117.1399  2.13101942 45676
QZS-4 (MICHIBIKI-4)     
1 42965U 17062A   23217.70466141 -.00000347  00000+0  00000+0 0  9999
2 42965  40.6474 356.8214 0746584 268.7673  80.4857  1.00288710 21311
BEIDOU-3 M1             
1 43001U 17069A   23218.14766735 -.00000036  00000+0  00000+0 0  9994
2 43001  55.8202  97.8014 0008951 303.2246  56.7609  1.86231514 39123
BEIDOU-3 M2             
1 43002U 17069B   23218.08432665 -.00000036  00000+0  00000+0 0  9990
2 43002  55.8194  97.8399 0007425 330.7447  29.2852  1.86231087 39112
GSAT0215 (GALILEO 19)   
1 43055U 17079A   23215.20554664  .00000048  00000+0  00000+0 0  9996
2 43055  55.5014 250.3838 0003415 260.5009  99.5373  1.70474347 35105
GSAT0216 (GALILEO 20)   
1 43056U 17079B   23213.73775815  .00000061  00000+0  00000+0 0  9991
2 43056  55.5022 250.4242 0005025 270.2614  89.7689  1.70474489 35067
GSAT0217 (GALILEO 21)   
1 43057U 17079C   23217.47755296  .00000036  00000+0  00000+0 0  9990
2 43057  55.4988 250.3201 0004818 281.1063  78.9001  1.70474327 35148
GSAT0218 (GALILEO 22)   
1 43058U 17079D   23212.41841644  .00000069  00000+0  00000+0 0  9999
2 43058  55.5014 250.4573 0006091 269.2394  90.7849  1.70474318 35054
BEIDOU-3 M7             
1 43107U 18003A   23217.83527758 -.00000103  00000+0  00000+0 0  9990
2 43107  55.1362 338.4951 0004263  77.6695 282.3899  1.86232357 37870
BEIDOU-3 M8             
1 43108U 18003B   23217.77313456 -.00000103  00000+0  00000+0 0  9992
2 43108  55.1292 338.4844 0003261 239.2508 120.7289  1.86230839 37871
BEIDOU-3 M4             
1 43207U 18018A   23218.21567197 -.00000037  00000+0  00000+0 0  9997
2 43207  55.7792  97.8991 0005611   2.4851 357.5887  1.86231438 37266
BEIDOU-3 M3             
1 43208U 18018B   23216.13450479 -.00000014  00000+0  00000+0 0  9996
2 43208  55.7771  97.9736 0007087 317.7363  42.2856  1.86231208 37226
BEIDOU-3 M9             
1 43245U 18029A   23216.35746141 -.00000094  00000+0  00000+0 0  9995
2 43245  55.0325 336.2821 0000975 179.5626 180.4504  1.86232303 36382
BEIDOU-3 M10            
1 43246U 18029B   23218.43534053 -.00000106  00000+0  00000+0 0  9998
2 43246  55.0284 336.2398 0002911  10.5904 349.4297  1.86232860 36419
IRNSS-1I                
1 43286U 18035A   23217.74493811  .00000071  00000+0  00000+0 0  9998
2 43286  29.1829  90.6669 0019086 178.0520   8.5067  1.00272556 19575
COSMOS 2527             
1 43508U 18053A   23218.10338797 -.00000012  00000+0  00000+0 0  9993
2 43508  65.0812 108.9307 0007601 228.1257 131.8748  2.13102387 39981
BEIDOU-2 IGSO-7         
1 43539U 18057A   23216.80118934 -.00000131  00000+0  00000+0 0  9997
2 43539  55.1228 172.1260 0065076 231.8324 309.2768  1.00292617 18658
GSAT0221 (GALILEO 25)   
1 43564U 18060A   23215.25086817 -.00000083  00000+0  00000+0 0  9997
2 43564  57.2814  10.0636 0001700 260.5700  99.4099  1.70475793 31293
GSAT0222 (GALILEO 26)   
1 43565U 18060B   23215.46890897 -.00000084  00000+0  00000+0 0  9993
2 43565  57.2845  10.0585 0002360 197.8834 162.1072  1.70475551 31330
GSAT0219 (GALILEO 23)   
1 43566U 18060C   23215.10470083 -.00000083  00000+0  00000+0 0  9995
2 43566  57.2843  10.0706 0000785 282.9440  77.0466  1.70475805 31302
GSAT0220 (GALILEO 24)   
1 43567U 18060D   23215.91168186 -.00000086  00000+0  00000+0 0  9996
2 43567  57.2837  10.0488 0000990 263.1261  96.8611  1.70475453 31291
BEIDOU-3 M5             
1 43581U 18062A   23218.11881403  .00000066  00000+0  00000+0 0  9990
2 43581  54.1829 217.9087 0005736 273.8105  86.1257  1.86231764 34153
BEIDOU-3 M6             
1 43582U 18062B   23217.44743327  .00000060  00000+0  00000+0 0  9992
2 43582  54.1826 217.9210 0004568 347.0073  12.9825  1.86229484 34142
BEIDOU-3 M12            
1 43602U 18067A   23217.38401864  .00000061  00000+0  00000+0 0  9991
2 43602  54.2700 216.5759 0006673   9.2540 350.7576  1.86231549 33628
BEIDOU-3 M11            
1 43603U 18067B   23217.51783508  .00000062  00000+0  00000+0 0  9996
2 43603  54.2672 216.5372 0003902 350.8106   9.1815  1.86231485 33656
BEIDOU-3 M13            
1 43622U 18072A   23218.01343432 -.00000035  00000+0  00000+0 0  9998
2 43622  55.7482  97.4473 0005613 302.1822  57.8353  1.86231645 33178
BEIDOU-3 M14            
1 43623U 18072B   23217.34194400 -.00000027  00000+0  00000+0 0  9994
2 43623  55.7495  97.4624 0004124 338.3384  21.7184  1.86231636 33162
BEIDOU-3 M16            
1 43647U 18078A   23217.50357765 -.00000101  00000+0  00000+0 0  9992
2 43647  54.9278 336.3680 0006278  15.7429 344.2903  1.86227172 32670
BEIDOU-3 M15            
1 43648U 18078B   23217.09804298 -.00000098  00000+0  00000+0 0  9990
2 43648  54.9237 336.3860 0003389  33.9143 326.1209  1.86232174 32688
BEIDOU-3 G1             
1 43683U 18085A   23218.05984267 -.00000290  00000+0  00000+0 0  9993
2 43683   1.4528 126.4434 0003152 348.6049   0.7743  1.00266325 17560
COSMOS 2529             
1 43687U 18086A   23217.73350112  .00000065  00000+0  00000+0 0  9997
2 43687  64.3176 228.0288 0011831 261.2439  98.6520  2.13102075 36985
BEIDOU-3 M17            
1 43706U 18093A   23218.32022757  .00000068  00000+0  00000+0 0  9997
2 43706  54.2654 217.8169 0010777 276.7699  83.1094  1.86231857 32045
BEIDOU-3 M18            
1 43707U 18093B   23218.18584427  .00000066  00000+0  00000+0 0  9997
2 43707  54.2661 217.8130 0008733 299.9530  59.9620  1.86229661 32059
NAVSTAR 77 (USA 289)    
1 43873U 18109A   23216.22956529  .00000010  00000+0  00000+0 0  9997
2 43873  55.1851 133.5950 0025146 192.6370 332.3696  2.00567314 34001
BEIDOU-3 IGSO-1         
1 44204U 19023A   23217.47875527 -.00000213  00000+0  00000+0 0  9994
2 44204  57.1734  48.5549 0022819 193.5612   2.5524  1.00291174 15860
BEIDOU-2 G8             
1 44231U 19027A   23217.91438303 -.00000258  00000+0  00000+0 0  9993
2 44231   1.8827  81.2467 0005824 124.1556 222.4863  1.00270342 15588
COSMOS 2534             
1 44299U 19030A   23217.72532448  .00000065  00000+0  00000+0 0  9990
2 44299  64.3900 227.9528 0013847 279.9419 207.9807  2.13101937 32635
BEIDOU-3 IGSO-2         
1 44337U 19035A   23217.76783823 -.00000133  00000+0  00000+0 0  9994
2 44337  55.1551 168.0522 0033367 198.3602 343.2346  1.00283600 15203
NAVSTAR 78 (USA 293)    
1 44506U 19056A   23218.42980876 -.00000091  00000+0  00000+0 0  9999
2 44506  55.8166  12.5835 0035699 183.6740  30.1518  2.00564973 29080
BEIDOU-3 M24            
1 44542U 19061A   23218.25779219  .00000067  00000+0  00000+0 0  9995
2 44542  54.4928 218.0433 0008210 333.7701  26.1906  1.86231349 26312
BEIDOU-3 M23            
1 44543U 19061B   23217.63539816  .00000062  00000+0  00000+0 0  9999
2 44543  54.4910 218.0333 0005878 314.8927 259.6341  1.86231577 26296
BEIDOU-3 IGSO-3         
1 44709U 19073A   23216.61293682 -.00000181  00000+0  00000+0 0  9994
2 44709  56.5844 292.0765 0034984 188.1664 171.8818  1.00291581 13938
BEIDOU-3 M22            
1 44793U 19078A   23217.56606768 -.00000101  00000+0  00000+0 0  9992
2 44793  54.7764 336.3367 0005253  25.3038 334.7357  1.86232138 25169
BEIDOU-3 M21            
1 44794U 19078B   23218.23365588 -.00000106  00000+0  00000+0 0  9995
2 44794  54.7496 336.2964 0003069  21.7248 338.3022  1.86232580 25171
COSMOS 2544             
1 44850U 19088A   23218.04708732 -.00000011  00000+0  00000+0 0  9995
2 44850  65.0672 108.7762 0012144 256.6770 103.2533  2.13102141 28401
BEIDOU-3 M19            
1 44864U 19090A   23218.23874083 -.00000038  00000+0  00000+0 0  9996
2 44864  55.6829  97.6277 0016266 277.8031 279.4973  1.86231741 24741
BEIDOU-3 M20            
1 44865U 19090B   23217.45391385 -.00000028  00000+0  00000+0 0  9998
2 44865  55.6843  97.6870 0014362 292.4309 188.4702  1.86231641 24718
BEIDOU-3 G2             
1 45344U 20017A   23218.04910461 -.00000151  00000+0  00000+0 0  9997
2 45344   2.0315  14.6878 0003245 133.5235 263.8121  1.00272541 12786
COSMOS 2545             
1 45358U 20018A   23217.77458812 -.00000074  00000+0  00000+0 0  9993
2 45358  64.8532 348.9475 0008591 235.0520 124.8730  2.13102498 26367
BEIDOU-3 G3             
1 45807U 20040A   23217.40804405 -.00000364  00000+0  00000+0 0  9992
2 45807   0.6442 337.9172 0004876   0.3554 232.7779  1.00276749 11584
NAVSTAR 79 (USA 304)    
1 45854U 20041A   23216.71399279 -.00000040  00000+0  00000+0 0  9997
2 45854  55.8554  69.9322 0034727 185.7410 172.6567  2.00564172 23028
GALAXY 30 (G-30)        
1 46114U 20056C   23218.48486362  .00000027  00000+0  00000+0 0  9993
2 46114   0.0189  85.2554 0002298  65.7015 213.3428  1.00272477 10914
COSMOS 2547             
1 46805U 20075A   23216.55605759  .00000062  00000+0  00000+0 0  9999
2 46805  64.6172 227.5395 0008841 243.7180 116.2237  2.13102979 21582
NAVSTAR 80 (USA 309)    
1 46826U 20078A   23218.31807275  .00000021  00000+0  00000+0 0  9993
2 46826  54.3250 253.2437 0035121 194.0520 217.9975  2.00562615 20522
NAVSTAR 81 (USA 319)    
1 48859U 21054A   23218.24031068 -.00000091  00000+0  00000+0 0  9995
2 48859  55.3331  14.3907 0011045 208.8110 328.3710  2.00575173 15764
QZS-1R                  
1 49336U 21096A   23217.56182338 -.00000306  00000+0  00000+0 0  9992
2 49336  35.2903  95.3733 0759585 272.2550 279.0764  1.00239338  6517
GSAT0223 (GALILEO 27)   
1 49809U 21116A   23218.08660493 -.00000092  00000+0  00000+0 0  9993
2 49809  57.2757   9.8861 0002975 158.0225 187.0193  1.70475742 10347
GSAT0224 (GALILEO 28)   
1 49810U 21116B   23216.75604831 -.00000089  00000+0  00000+0 0  9997
2 49810  57.2762   9.9204 0002608 150.0120 210.9157  1.70475642 10341
COSMOS 2557             
1 52984U 22075A   23217.65682951 -.00000074  00000+0  00000+0 0  9991
2 52984  64.7688 351.1140 0010943 277.9800  81.9002  2.13102141  8399
COSMOS 2559             
1 54031U 22130A   23217.59869652 -.00000074  00000+0  00000+0 0  9996
2 54031  64.7399 351.2445 0006315 212.0508 147.9152  2.13101382  6387
COSMOS 2564             
1 54377U 22161A   23217.32284987  .00000064  00000+0  00000+0 0  9994
2 54377  64.7579 227.5612 0011316 226.6758 133.2600  2.13102128  5324
NAVSTAR 82 (USA 343)    
1 55268U 23009A   23216.93729976  .00000053  00000+0  00000+0 0  9992
2 55268  55.0934 189.6052 0004088  95.6586 263.8384  2.00557491  4230
BEIDOU-3 G4             
1 56564U 23066A   23217.77620604 -.00000122  00000+0  00000+0 0  9994
2 56564   2.9165 288.9345 0007283 203.4366 261.0197  1.00269734   912
IRNSS-1J (NVS-01)       
1 56759U 23076A   23218.05674424 -.00000345  00000+0  00000+0 0  9999
2 56759   4.8133 272.6122 0005195 340.7721 210.8580  1.00275643   719
