NAVSTAR 43 (USA 132)    
1 24876U 97035A   23272.02692037  .00000051  00000+0  00000+0 0  9990
2 24876  55.5930 137.3798 0073596  52.8829 307.8895  2.00564167192056
NAVSTAR 47 (USA 150)    
1 26360U 00025A   23272.51207404 -.00000043  00000+0  00000+0 0  9999
2 26360  54.4545  59.5719 0041715 200.5779 240.0410  2.00568924171376
NAVSTAR 51 (USA 166)    
1 27663U 03005A   23271.99653043 -.00000003  00000+0  00000+0 0  9998
2 27663  55.2339 254.4289 0132694  44.7984   2.8779  2.00564507151412
NAVSTAR 52 (USA 168)    
1 27704U 03010A   23272.58081274 -.00000101  00000+0  00000+0 0  9996
2 27704  55.1154   4.3526 0249425 319.3201   9.3848  2.00576007150216
NAVSTAR 54 (USA 177)    
1 28190U 04009A   23272.22798288 -.00000047  00000+0  00000+0 0  9995
2 28190  55.6712 315.4795 0092614 139.8204 231.4401  2.00566447143053
NAVSTAR 56 (USA 180)    
1 28474U 04045A   23272.59031934 -.00000101  00000+0  00000+0 0  9999
2 28474  55.4427   4.6823 0162748 282.9960  44.5927  2.00555481138532
ANIK F1R                
1 28868U 05036A   23272.51784059 -.00000086  00000+0  00000+0 0  9994
2 28868   1.7522  88.6940 0001861  88.7931 269.6639  1.00271754 66211
NAVSTAR 57 (USA 183)    
1 28874U 05038A   23272.25710775 -.00000043  00000+0  00000+0 0  9991
2 28874  55.7220 312.9310 0140103 279.9246 134.5787  2.00573686131949
INMARSAT 4-F2           
1 28899U 05044A   23272.50623281 -.00000001  00000+0  00000+0 0  9992
2 28899   3.8829  40.8535 0002986 161.1401  52.1810  1.00271573 65578
NAVSTAR 58 (USA 190)    
1 29486U 06042A   23272.48393042  .00000005  00000+0  00000+0 0  9993
2 29486  54.6821 190.6594 0103690  32.9456  86.6211  2.00568290124507
NAVSTAR 59 (USA 192)    
1 29601U 06052A   23272.24043980 -.00000004  00000+0  00000+0 0  9990
2 29601  55.2554 253.3801 0083581  79.4584 281.4601  2.00550822123518
NAVSTAR 60 (USA 196)    
1 32260U 07047A   23272.05633033  .00000048  00000+0  00000+0 0  9990
2 32260  53.4761 121.1158 0152212  71.2671 290.4763  2.00550212116913
COSMOS 2433             
1 32275U 07052A   23271.90320883 -.00000067  00000+0  00000+0 0  9993
2 32275  66.0150 349.1191 0004507 229.5189 130.4984  2.13104005123910
COSMOS 2432             
1 32276U 07052B   23272.40714113 -.00000069  00000+0  00000+0 0  9995
2 32276  66.0293 349.2115 0008942 314.6468  18.9530  2.13103120123946
NAVSTAR 61 (USA 199)    
1 32384U 07062A   23272.37733826 -.00000045  00000+0  00000+0 0  9998
2 32384  55.8545 313.7510 0024629 151.7340 210.8988  2.00559923115624
COSMOS 2434             
1 32393U 07065A   23271.22971267  .00000001  00000+0  00000+0 0  9998
2 32393  64.3349 225.4940 0000946  68.3586  26.2269  2.13102994122645
COSMOS 2436             
1 32395U 07065C   23272.10615532  .00000002  00000+0  00000+0 0  9999
2 32395  64.3434 225.5261 0016017 355.3083 187.1466  2.13102667122582
NAVSTAR 62 (USA 201)    
1 32711U 08012A   23271.96964791  .00000002  00000+0  00000+0 0  9991
2 32711  54.4499 189.5051 0177666 236.0025 122.3173  2.00557919113856
NAVSTAR 64 (USA 206)    
1 35752U 09043A   23272.44007920 -.00000026  00000+0  00000+0 0  9997
2 35752  55.4558  66.7150 0057988  69.7330 286.5218  2.00556430103467
COSMOS 2456             
1 36111U 09070A   23270.60900751  .00000076  00000+0  00000+0 0  9991
2 36111  64.5002 105.0069 0001564 340.2564 156.9859  2.13099098107251
COSMOS 2457             
1 36112U 09070B   23272.38823515  .00000058  00000+0  00000+0 0  9991
2 36112  64.4847 104.8105 0006327 146.6747  46.4951  2.13101287107293
COSMOS 2460             
1 36402U 10007C   23272.20297244 -.00000067  00000+0  00000+0 0  9991
2 36402  65.8768 347.8204 0001734 211.1083 188.6170  2.13106163105590
NAVSTAR 65 (USA 213)    
1 36585U 10022A   23272.34032984 -.00000006  00000+0  00000+0 0  9996
2 36585  54.5552 248.5768 0110089  59.6825 341.6389  2.00563159 97707
BEIDOU-2 IGSO-1         
1 36828U 10036A   23271.72066566 -.00000136  00000+0  00000+0 0  9999
2 36828  54.2343 171.9521 0036766 187.5742  12.1448  1.00246056 48251
QZS-1 (MICHIBIKI-1)     
1 37158U 10045A   23272.36348119  .00000011  00000+0  00000+0 0  9995
2 37158  42.9031 127.3863 0003249 109.6338  72.2392  0.87715215 47690
BEIDOU-2 G4             
1 37210U 10057A   23272.58884958 -.00000124  00000+0  00000+0 0  9993
2 37210   1.2320  61.9784 0006905 158.5159 159.5583  1.00272278 47345
BEIDOU-2 IGSO-2         
1 37256U 10068A   23272.30033824 -.00000192  00000+0  00000+0 0  9998
2 37256  49.3646 284.0016 0032332 213.5224  86.8536  1.00275487 46842
BEIDOU-2 IGSO-3         
1 37384U 11013A   23272.29646556 -.00000183  00000+0  00000+0 0  9991
2 37384  60.9770  49.6532 0028351 175.6782 357.4330  1.00274915 45711
GSAT-8                  
1 37605U 11022A   23272.57827495  .00000071  00000+0  00000+0 0  9996
2 37605   0.0143 186.1543 0006374  66.0470  19.1368  1.00272710 43276
NAVSTAR 66 (USA 232)    
1 37753U 11036A   23272.18916461 -.00000099  00000+0  00000+0 0  9995
2 37753  56.7467  10.5047 0126905  56.3767 322.1069  2.00568645 89383
BEIDOU-2 IGSO-4         
1 37763U 11038A   23272.22145984 -.00000091  00000+0  00000+0 0  9999
2 37763  54.5079 174.4923 0112041 227.7510 140.5719  1.00268586 44697
GSAT0101 (GALILEO-PFM)  
1 37846U 11060A   23271.93330523 -.00000101  00000+0  00000+0 0  9990
2 37846  57.1117   8.6344 0000827  70.3225 289.7067  1.70475736 74205
GSAT0102 (GALILEO-FM2)  
1 37847U 11060B   23271.94740137 -.00000101  00000+0  00000+0 0  9998
2 37847  57.1126   8.6339 0001562 310.9334 103.9673  1.70475154 74216
COSMOS 2476             
1 37867U 11064A   23270.96964175  .00000075  00000+0  00000+0 0  9994
2 37867  64.7797 106.5306 0021225 230.7942  92.6232  2.13101661 92593
COSMOS 2477             
1 37868U 11064B   23272.35706503  .00000061  00000+0  00000+0 0  9994
2 37868  64.7876 106.5532 0018434 230.8736 254.7998  2.13101555 92629
COSMOS 2475             
1 37869U 11064C   23271.08978862  .00000074  00000+0  00000+0 0  9997
2 37869  64.7941 106.6087 0022425 249.4705 302.5008  2.13101882 92601
BEIDOU-2 IGSO-5         
1 37948U 11073A   23272.61005671 -.00000144  00000+0  00000+0 0  9993
2 37948  49.4897 283.6668 0095144 220.8177 178.8025  1.00266447 43191
LUCH-5A                 
1 37951U 11074B   23272.59313390 -.00000056  00000+0  00000+0 0  9997
2 37951   6.2069  89.2574 0004404  86.5828 212.7280  1.00269867 43103
BEIDOU-2 G5             
1 38091U 12008A   23272.57689517  .00000046  00000+0  00000+0 0  9994
2 38091   1.7690  68.8124 0005044 175.8806  29.7911  1.00268502 42428
BEIDOU-2 M3             
1 38250U 12018A   23272.43534693 -.00000084  00000+0  00000+0 0  9994
2 38250  56.4972 338.0425 0024404 256.7004 103.0921  1.86231019 77478
BEIDOU-2 M4             
1 38251U 12018B   23272.36668082 -.00000083  00000+0  00000+0 0  9996
2 38251  56.4076 337.3361 0015282 256.9080 102.9865  1.86231727 77825
SES-5                   
1 38652U 12036A   23272.27953894  .00000020  00000+0  00000+0 0  9999
2 38652   0.0530 303.6898 0001935 243.5584 286.1538  1.00269831 34549
BEIDOU-2 M6             
1 38775U 12050B   23272.07650610  .00000035  00000+0  00000+0 0  9995
2 38775  55.7103  95.9376 0010982 340.2176  19.7999  1.86231140 74837
GSAT-10                 
1 38779U 12051B   23272.62720187 -.00000178  00000+0  00000+0 0  9997
2 38779   0.0097 151.8992 0002859  97.0562  67.9769  1.00270373 40179
NAVSTAR 67 (USA 239)    
1 38833U 12053A   23272.14565576  .00000006  00000+0  00000+0 0  9995
2 38833  53.5110 184.1794 0143628  52.4462 308.8798  2.00567550 79541
GSAT0103 (GALILEO-FM3)  
1 38857U 12055A   23271.97253833  .00000042  00000+0  00000+0 0  9993
2 38857  55.2916 128.8150 0002251 254.0979 105.9875  1.70473614 68093
GSAT0104 (GALILEO-FM4)  
1 38858U 12055B   23271.94195779  .00000042  00000+0  00000+0 0  9995
2 38858  55.2918 128.8174 0000791 147.1683 212.9469  1.70473870 68095
BEIDOU-2 G6             
1 38953U 12059A   23272.58184587 -.00000188  00000+0  00000+0 0  9993
2 38953   1.8890  81.8337 0006909 307.0279 272.7570  1.00271980 39963
LUCH-5B                 
1 38977U 12061A   23272.20365521 -.00000143  00000+0  00000+0 0  9991
2 38977   8.3102  58.9131 0005920 122.4282 243.4125  1.00270998 39676
COSMOS 2485             
1 39155U 13019A   23271.89784041  .00000067  00000+0  00000+0 0  9994
2 39155  64.9399 107.0279 0021802 226.6303 133.2641  2.13101802 81137
NAVSTAR 68 (USA 242)    
1 39166U 13023A   23272.00845481 -.00000037  00000+0  00000+0 0  9999
2 39166  55.3372 309.1267 0114719  41.6087 319.3232  2.00564121 75982
IRNSS-1A                
1 39199U 13034A   23272.03104965  .00000094  00000+0  00000+0 0  9997
2 39199  33.4816  78.3233 0020970 179.6474 175.7700  1.00273616 37418
NAVSTAR 69 (USA 248)    
1 39533U 14008A   23272.00823387  .00000001  00000+0  00000+0 0  9992
2 39533  53.5978 189.7462 0067121 215.6138 143.9551  2.00552996 69788
ASTRA 5B                
1 39617U 14011B   23272.56984635  .00000124  00000+0  00000+0 0  9990
2 39617   0.0775 305.0019 0003971 264.3363  27.3650  1.00271978 34726
COSMOS 2492             
1 39620U 14012A   23272.32258540 -.00000067  00000+0  00000+0 0  9995
2 39620  65.7603 347.4313 0012112 312.8297  47.1282  2.13103011 74101
IRNSS-1B                
1 39635U 14017A   23272.03104965  .00000082  00000+0  00000+0 0  9991
2 39635  28.6586 257.2502 0019005 190.8658 345.5985  1.00273180 34848
LUCH-5V                 
1 39727U 14023A   23272.58402144 -.00000280  00000+0  00000+0 0  9991
2 39727   2.6372  77.1694 0003746 146.7383  89.1843  1.00271689 34415
NAVSTAR 70 (USA 251)    
1 39741U 14026A   23272.28972919 -.00000099  00000+0  00000+0 0  9997
2 39741  56.6988  10.0228 0029734 309.9878  49.7743  2.00555262 68645
COSMOS 2500             
1 40001U 14032A   23272.03628906 -.00000066  00000+0  00000+0 0  9996
2 40001  65.6985 347.2664 0008415 205.2211 154.7969  2.13105765 72313
NAVSTAR 71 (USA 256)    
1 40105U 14045A   23271.87417856  .00000053  00000+0  00000+0 0  9991
2 40105  54.8218 128.0912 0026745 114.0122 246.3678  2.00548526 66176
GSAT0201 (GALILEO 5)    
1 40128U 14050A   23269.44176039 -.00000038  00000+0  00000+0 0  9991
2 40128  49.9156 313.6823 1608122 141.2147 231.5219  1.85519146 59868
GSAT0202 (GALILEO 6)    
1 40129U 14050B   23271.85702861 -.00000058  00000+0  00000+0 0  9990
2 40129  49.9324 312.6576 1605980 142.1172 230.3623  1.85519869 62072
IRNSS-1C                
1 40269U 14061A   23272.58167183 -.00000172  00000+0  00000+0 0  9997
2 40269   4.0227 111.9391 0020090   5.3969 183.1416  1.00273502 32746
NAVSTAR 72 (USA 258)    
1 40294U 14068A   23271.75154434 -.00000011  00000+0  00000+0 0  9997
2 40294  56.1994  69.5035 0049138  62.5459 297.9677  2.00573401 65302
COSMOS 2501             
1 40315U 14075A   23272.28641718  .00000002  00000+0  00000+0 0  9993
2 40315  63.6379 224.7902 0019597 210.4457 149.4130  2.13101217 68711
NAVSTAR 73 (USA 260)    
1 40534U 15013A   23272.38806738 -.00000008  00000+0  00000+0 0  9992
2 40534  53.4537 245.2517 0081608  25.6960 334.6738  2.00553041 61935
GSAT0203 (GALILEO 7)    
1 40544U 15017A   23271.71271358 -.00000101  00000+0  00000+0 0  9991
2 40544  56.9065   8.6098 0003237 227.1681 132.8247  1.70476099 52280
GSAT0204 (GALILEO 8)    
1 40545U 15017B   23269.03348640 -.00000092  00000+0  00000+0 0  9992
2 40545  56.9128   8.6972 0004055 217.4748 142.5152  1.70475528 15285
IRNSS-1D                
1 40547U 15018A   23272.37256609 -.00000304  00000+0  00000+0 0  9995
2 40547  28.0241 257.2122 0019204 187.8037 168.7076  1.00276661 31031
BEIDOU-3S IGSO-1S       
1 40549U 15019A   23272.58323823 -.00000141  00000+0  00000+0 0  9993
2 40549  51.0541 307.2739 0041009 197.2522 165.3040  1.00250820 31138
NAVSTAR 74 (USA 262)    
1 40730U 15033A   23272.05132161 -.00000037  00000+0  00000+0 0  9990
2 40730  54.8250 307.7271 0086089  13.9435 346.3554  2.00553794 60093
BEIDOU-3S M2S           
1 40748U 15037A   23271.49528932 -.00000077  00000+0  00000+0 0  9999
2 40748  55.6478 335.9495 0012144 244.3468 115.5930  1.86233001 55638
BEIDOU-3S M1S           
1 40749U 15037B   23272.30237449 -.00000082  00000+0  00000+0 0  9997
2 40749  55.6504 335.9083 0004194 295.6157  64.4062  1.86232757 55659
GSAT0205 (GALILEO 9)    
1 40889U 15045A   23271.14775515  .00000008  00000+0  00000+0 0  9990
2 40889  55.3544 249.0382 0003864   1.3790 358.5876  1.70473076 50086
GSAT0206 (GALILEO 10)   
1 40890U 15045B   23271.36843500  .00000006  00000+0  00000+0 0  9994
2 40890  55.3511 249.0277 0002556 333.6776  26.2736  1.70473092 50113
BEIDOU-3S IGSO-2S       
1 40938U 15053A   23272.35465997 -.00000135  00000+0  00000+0 0  9990
2 40938  50.7720 270.4527 0047798 194.7337 126.9003  1.00277166 29409
NAVSTAR 75 (USA 265)    
1 41019U 15062A   23271.60451994 -.00000010  00000+0  00000+0 0  9992
2 41019  56.1826  69.3597 0090206 221.1580 138.1750  2.00562153 57922
GSAT-15                 
1 41028U 15065A   23272.58376037 -.00000271  00000+0  00000+0 0  9996
2 41028   0.0185 161.9543 0002180  18.5777 131.2017  1.00269468 28850
GSAT0209 (GALILEO 12)   
1 41174U 15079A   23272.12676243  .00000042  00000+0  00000+0 0  9990
2 41174  55.3095 128.5180 0002423 339.6591  20.4412  1.70474008 47867
GSAT0208 (GALILEO 11)   
1 41175U 15079B   23271.75981886  .00000043  00000+0  00000+0 0  9992
2 41175  55.3078 128.5260 0001937 359.1986   0.9115  1.70473938 48272
IRNSS-1E                
1 41241U 16003A   23271.36942462 -.00000283  00000+0  00000+0 0  9995
2 41241  31.0323  77.4308 0021057 176.6344 357.4512  1.00265278 28122
NAVSTAR 76 (USA 266)    
1 41328U 16007A   23272.19346491  .00000051  00000+0  00000+0 0  9999
2 41328  55.0253 128.8625 0071752 233.6428 125.7911  2.00574468 55947
COSMOS 2514             
1 41330U 16008A   23272.26788181 -.00000067  00000+0  00000+0 0  9995
2 41330  65.4955 346.8338 0012259 211.6278 148.3584  2.13102443 59487
IRNSS-1F                
1 41384U 16015A   23272.57158679  .00000149  00000+0  00000+0 0  9999
2 41384   2.9841 128.6241 0019214 176.7898 300.9059  1.00280647 27725
BEIDOU-2 IGSO-6         
1 41434U 16021A   23272.33878149 -.00000163  00000+0  00000+0 0  9994
2 41434  58.7919  48.0117 0048064 218.3261 320.2634  1.00277589 27539
IRNSS-1G                
1 41469U 16027A   23272.37595998 -.00000346  00000+0  00000+0 0  9993
2 41469   2.8728 130.2459 0002098   9.4048 133.0264  1.00266498 27230
GSAT0211 (GALILEO 14)   
1 41549U 16030A   23270.70754020  .00000011  00000+0  00000+0 0  9992
2 41549  55.4988 249.0288 0004076 316.5881  43.3485  1.70473175 45737
GSAT0210 (GALILEO 13)   
1 41550U 16030B   23272.17219722  .00000003  00000+0  00000+0 0  9993
2 41550  55.4975 248.9897 0003998 281.1017  78.8132  1.70473371 45751
COSMOS 2516             
1 41554U 16032A   23270.03562920  .00000006  00000+0  00000+0 0  9996
2 41554  63.8647 225.2757 0015319 214.1184 145.7595  2.13106309 57042
BEIDOU-2 G7             
1 41586U 16037A   23272.58715425 -.00000366  00000+0  00000+0 0  9998
2 41586   1.9300  68.7574 0007057 342.0236 279.2569  1.00272540 26846
EUTELSAT 117 WEST B     
1 41589U 16038B   23272.55891663 -.00000025  00000+0  00000+0 0  9990
2 41589   0.0104  40.2031 0000065 170.1865 241.8885  1.00271344 26762
GSAT0207 (GALILEO 15)   
1 41859U 16069A   23271.83400839  .00000041  00000+0  00000+0 0  9992
2 41859  54.9725 128.5919 0002212 312.2932  47.7983  1.70473911 42484
GSAT0212 (GALILEO 16)   
1 41860U 16069B   23272.27522134  .00000040  00000+0  00000+0 0  9995
2 41860  54.9704 128.5763 0001935  16.9224 343.1936  1.70474152 42741
GSAT0213 (GALILEO 17)   
1 41861U 16069C   23270.88171802  .00000042  00000+0  00000+0 0  9995
2 41861  54.9718 128.6211 0002100 270.8948  89.1910  1.70472850 42589
GSAT0214 (GALILEO 18)   
1 41862U 16069D   23269.26920957  .00000038  00000+0  00000+0 0  9994
2 41862  54.9693 128.6599 0001218 279.7101  80.3809  1.70472699 42681
SES-15                  
1 42709U 17026A   23272.55133963  .00000047  00000+0  00000+0 0  9998
2 42709   0.0448  22.5214 0000325 156.9144 257.9617  1.00267237 24197
QZS-2 (MICHIBIKI-2)     
1 42738U 17028A   23272.34865377 -.00000194  00000+0  00000+0 0  9994
2 42738  41.0054 257.5098 0748585 270.4229 105.5337  1.00258303 23202
QZS-3 (MICHIBIKI-3)     
1 42917U 17048A   23272.51876406 -.00000361  00000+0  00000+0 0  9995
2 42917   0.0659 149.5955 0001908  52.8872 119.3401  1.00269805 22423
COSMOS 2522             
1 42939U 17055A   23272.10947910  .00000002  00000+0  00000+0 0  9992
2 42939  64.0986 225.7366 0009062 243.0559 116.8234  2.13101921 46834
QZS-4 (MICHIBIKI-4)     
1 42965U 17062A   23272.55770201 -.00000336  00000+0  00000+0 0  9996
2 42965  40.6255 356.1254 0749354 269.7396  82.5943  1.00273262 21861
BEIDOU-3 M1             
1 43001U 17069A   23271.30587156  .00000045  00000+0  00000+0 0  9998
2 43001  55.8609  96.0254 0007249 298.7523  61.2398  1.86231344 40114
BEIDOU-3 M2             
1 43002U 17069B   23271.77959814  .00000040  00000+0  00000+0 0  9999
2 43002  55.8607  96.0456 0005573 334.1805  25.8539  1.86231080 40113
GSAT0215 (GALILEO 19)   
1 43055U 17079A   23272.10397514  .00000003  00000+0  00000+0 0  9998
2 43055  55.4745 248.8159 0003483 275.8054  84.1149  1.70473842 36074
GSAT0216 (GALILEO 20)   
1 43056U 17079B   23270.63613681  .00000012  00000+0  00000+0 0  9991
2 43056  55.4757 248.8562 0005092 279.6536  80.2578  1.70473970 36065
GSAT0217 (GALILEO 21)   
1 43057U 17079C   23272.02965543  .00000003  00000+0  00000+0 0  9994
2 43057  55.4729 248.8169 0004528 291.6067  68.3052  1.70473949 36075
GSAT0218 (GALILEO 22)   
1 43058U 17079D   23272.24970466  .00000002  00000+0  00000+0 0  9998
2 43058  55.4729 248.8084 0005535 275.9809  83.9152  1.70473936 36104
BEIDOU-3 M7             
1 43107U 18003A   23272.06728088 -.00000083  00000+0  00000+0 0  9992
2 43107  55.1038 336.6357 0002956  75.5643 284.5326  1.86232338 38876
BEIDOU-3 M8             
1 43108U 18003B   23272.00558803 -.00000082  00000+0  00000+0 0  9992
2 43108  55.0969 336.6247 0004489 247.5655 112.4511  1.86230784 38883
BEIDOU-3 M4             
1 43207U 18018A   23270.83694064  .00000049  00000+0  00000+0 0  9999
2 43207  55.8194  96.1393 0004325  19.1704 340.9135  1.86231260 38248
BEIDOU-3 M3             
1 43208U 18018B   23271.97749773  .00000037  00000+0  00000+0 0  9991
2 43208  55.8199  96.1055 0005139 317.1286  42.8924  1.86231238 38260
BEIDOU-3 M9             
1 43245U 18029A   23272.20024635 -.00000080  00000+0  00000+0 0  9993
2 43245  54.9971 334.3627 0001780 232.1411 127.9084  1.86232317 37423
BEIDOU-3 M10            
1 43246U 18029B   23272.13023783 -.00000080  00000+0  00000+0 0  9999
2 43246  54.9943 334.3938 0002868 345.4233  14.6341  1.86232769 37403
IRNSS-1I                
1 43286U 18035A   23268.08799584  .00000095  00000+0  00000+0 0  9993
2 43286  29.2971  89.8607 0020154 176.9888 183.7212  1.00277929 20094
COSMOS 2527             
1 43508U 18053A   23272.06826053  .00000066  00000+0  00000+0 0  9993
2 43508  65.1015 107.1199 0007463 214.3895 145.6378  2.13102365 41136
BEIDOU-2 IGSO-7         
1 43539U 18057A   23272.43429876 -.00000144  00000+0  00000+0 0  9992
2 43539  55.1183 171.6396 0064091 230.5010 235.9991  1.00275633 19200
GSAT0221 (GALILEO 25)   
1 43564U 18060A   23269.21661626 -.00000092  00000+0  00000+0 0  9999
2 43564  57.2875   8.6114 0003248 252.6639 107.3188  1.70476002 32200
GSAT0222 (GALILEO 26)   
1 43565U 18060B   23270.02131496 -.00000095  00000+0  00000+0 0  9991
2 43565  57.2912   8.5909 0003978 219.4814 140.5078  1.70475747 32268
GSAT0219 (GALILEO 23)   
1 43566U 18060C   23267.31070046 -.00000085  00000+0  00000+0 0  9992
2 43566  57.2900   8.6662 0002535 256.4137 103.5787  1.70476004 32195
GSAT0220 (GALILEO 24)   
1 43567U 18060D   23269.87746299 -.00000095  00000+0  00000+0 0  9997
2 43567  57.2899   8.5973 0002788 251.4482 108.5396  1.70475634 32228
BEIDOU-3 M5             
1 43581U 18062A   23272.35041351 -.00000008  00000+0  00000+0 0  9993
2 43581  54.1725 216.0598 0004488 287.2001  72.7192  1.86231736 35162
BEIDOU-3 M6             
1 43582U 18062B   23272.21661613 -.00000009  00000+0  00000+0 0  9999
2 43582  54.1723 216.0540 0005397   5.2991 354.6745  1.86229615 35163
BEIDOU-3 M12            
1 43602U 18067A   23272.15268608 -.00000009  00000+0  00000+0 0  9997
2 43602  54.2599 214.7137 0007280  15.6699 344.3220  1.86231410 34640
BEIDOU-3 M11            
1 43603U 18067B   23272.28651549 -.00000008  00000+0  00000+0 0  9991
2 43603  54.2571 214.6750 0004286   2.7151 357.2572  1.86231373 34678
BEIDOU-3 M13            
1 43622U 18072A   23271.70856356  .00000040  00000+0  00000+0 0  9992
2 43622  55.7897  95.6495 0004040 293.6056  66.4139  1.86231420 34178
BEIDOU-3 M14            
1 43623U 18072B   23272.11096674  .00000035  00000+0  00000+0 0  9992
2 43623  55.7920  95.6287 0002453 350.3495   9.7052  1.86231435 34179
BEIDOU-3 M16            
1 43647U 18078A   23272.27401510 -.00000081  00000+0  00000+0 0  9992
2 43647  54.8932 334.4807 0005951   4.0876 355.9828  1.86227146 33688
BEIDOU-3 M15            
1 43648U 18078B   23272.40396172 -.00000082  00000+0  00000+0 0  9996
2 43648  54.8889 334.4800 0002737  11.1369 348.9345  1.86232123 33708
BEIDOU-3 G1             
1 43683U 18085A   23272.57896678 -.00000290  00000+0  00000+0 0  9998
2 43683   1.5689 122.6609 0002503   1.4323 232.4969  1.00269329 18112
COSMOS 2529             
1 43687U 18086A   23272.16747810  .00000003  00000+0  00000+0 0  9992
2 43687  64.3140 226.1768 0010735 263.3036  96.5458  2.13101966 38141
BEIDOU-3 M17            
1 43706U 18093A   23271.47791848 -.00000013  00000+0  00000+0 0  9997
2 43706  54.2553 216.0087 0009641 283.0437  76.8150  1.86231813 33058
BEIDOU-3 M18            
1 43707U 18093B   23271.88111327 -.00000011  00000+0  00000+0 0  9999
2 43707  54.2559 215.9866 0008090 310.3287  49.5677  1.86229647 33055
NAVSTAR 77 (USA 289)    
1 43873U 18109A   23272.59007597  .00000049  00000+0  00000+0 0  9993
2 43873  55.2001 131.3668 0026193 190.2410 351.0389  2.00569619 35180
BEIDOU-3 IGSO-1         
1 44204U 19023A   23272.58871286 -.00000217  00000+0  00000+0 0  9999
2 44204  57.2589  47.9775 0024027 195.1765  96.8271  1.00274491 16390
BEIDOU-2 G8             
1 44231U 19027A   23272.55581612 -.00000258  00000+0  00000+0 0  9996
2 44231   2.0191  81.0214 0006764 130.7113 140.8807  1.00275412 16135
COSMOS 2534             
1 44299U 19030A   23272.61836330  .00000005  00000+0  00000+0 0  9990
2 44299  64.3864 226.0902 0012937 283.0729 196.9471  2.13101766 33791
BEIDOU-3 IGSO-2         
1 44337U 19035A   23272.35517686 -.00000142  00000+0  00000+0 0  9992
2 44337  55.1521 167.5725 0033049 195.9602 251.6696  1.00266498 15722
NAVSTAR 78 (USA 293)    
1 44506U 19056A   23272.42910535 -.00000100  00000+0  00000+0 0  9995
2 44506  55.8242  10.4479 0037731 186.4021 137.8144  2.00565716 30176
BEIDOU-3 M24            
1 44542U 19061A   23270.34177908 -.00000014  00000+0  00000+0 0  9993
2 44542  54.4828 216.2818 0008483 344.8941  15.0471  1.86231414 27283
BEIDOU-3 M23            
1 44543U 19061B   23272.36368729 -.00000007  00000+0  00000+0 0  9993
2 44543  54.4809 216.1825 0005727 331.4606 216.0000  1.86231659 27325
BEIDOU-3 IGSO-3         
1 44709U 19073A   23271.45670195 -.00000157  00000+0  00000+0 0  9998
2 44709  56.4950 291.4969 0035135 190.5516 169.4283  1.00274817 14502
BEIDOU-3 M22            
1 44793U 19078A   23271.79806846 -.00000079  00000+0  00000+0 0  9990
2 44793  54.7419 334.4612 0004751  11.9956 348.0812  1.86232084 26165
BEIDOU-3 M21            
1 44794U 19078B   23270.85467859 -.00000074  00000+0  00000+0 0  9999
2 44794  54.7162 334.4756 0002793 358.2508   1.8133  1.86232513 26150
COSMOS 2544             
1 44850U 19088A   23272.01201614  .00000066  00000+0  00000+0 0  9998
2 44850  65.0876 106.9643 0011146 249.2309 110.7253  2.13102119 29578
BEIDOU-3 M19            
1 44864U 19090A   23272.43071774  .00000031  00000+0  00000+0 0  9996
2 44864  55.7249  95.8106 0015214 274.0133 256.4478  1.86231607 25762
BEIDOU-3 M20            
1 44865U 19090B   23272.32418949  .00000032  00000+0  00000+0 0  9995
2 44865  55.7266  95.8470 0012942 289.2312 259.5888  1.86231563 25746
BEIDOU-3 G2             
1 45344U 20017A   23272.58106267 -.00000153  00000+0  00000+0 0  9999
2 45344   2.0643  17.4931 0003271 174.6541 105.1437  1.00272430 13311
COSMOS 2545             
1 45358U 20018A   23272.20882836 -.00000068  00000+0  00000+0 0  9992
2 45358  64.8357 347.0606 0010850 240.2721 119.6791  2.13102450 27526
BEIDOU-3 G3             
1 45807U 20040A   23272.58333633 -.00000368  00000+0  00000+0 0  9996
2 45807   0.5981 349.1857 0007266 319.6863  19.7316  1.00275782 12128
NAVSTAR 79 (USA 304)    
1 45854U 20041A   23272.26506976 -.00000021  00000+0  00000+0 0  9992
2 45854  55.9048  67.7399 0037192 186.7911 322.1782  2.00562698 24149
GALAXY 30 (G-30)        
1 46114U 20056C   23272.55474243  .00000024  00000+0  00000+0 0  9993
2 46114   0.0220 201.7980 0002616 356.3923 244.5727  1.00271041 11341
COSMOS 2547             
1 46805U 20075A   23272.39763630  .00000004  00000+0  00000+0 0  9992
2 46805  64.6140 225.6612 0008024 243.7505 116.1392  2.13102763 22776
NAVSTAR 80 (USA 309)    
1 46826U 20078A   23272.33984638 -.00000007  00000+0  00000+0 0  9999
2 46826  54.3007 251.0483 0036487 194.9053 343.6557  2.00562662 21611
NAVSTAR 81 (USA 319)    
1 48859U 21054A   23272.36112785 -.00000100  00000+0  00000+0 0  9995
2 48859  55.3425  12.2244 0012988 213.4619 163.5262  2.00571900 16869
QZS-1R                  
1 49336U 21096A   23272.37543785 -.00000229  00000+0  00000+0 0  9993
2 49336  35.4045  94.5299 0744956 269.7410 273.3765  1.00283891  7068
GSAT0223 (GALILEO 27)   
1 49809U 21116A   23267.41475998 -.00000085  00000+0  00000+0 0  9990
2 49809  57.2810   8.5598 0003498 188.0129 190.8503  1.70475882 11193
GSAT0224 (GALILEO 28)   
1 49810U 21116B   23271.98968628 -.00000101  00000+0  00000+0 0  9995
2 49810  57.2823   8.4340 0002908 184.8192 234.2616  1.70475851 11297
COSMOS 2557             
1 52984U 22075A   23272.09113780 -.00000070  00000+0  00000+0 0  9995
2 52984  64.7533 349.2212 0012569 275.2156  84.6972  2.13102188  9575
COSMOS 2559             
1 54031U 22130A   23272.50246297 -.00000072  00000+0  00000+0 0  9990
2 54031  64.7243 349.3336 0007577 221.3522 138.6470  2.13101391  7552
COSMOS 2564             
1 54377U 22161A   23272.22614214  .00000003  00000+0  00000+0 0  9997
2 54377  64.7549 225.7245 0010206 224.9080 134.9815  2.13102105  6499
NAVSTAR 82 (USA 343)    
1 55268U 23009A   23269.79232659 -.00000012  00000+0  00000+0 0  9997
2 55268  55.0873 187.5341 0004666  90.6249 271.5536  2.00554056  5301
BEIDOU-3 G4             
1 56564U 23066A   23272.50915792 -.00000129  00000+0  00000+0 0  9998
2 56564   2.7831 288.7045 0006507 219.6156 203.0267  1.00271623  1453
IRNSS-1J (NVS-01)       
1 56759U 23076A   23272.44766660 -.00000357  00000+0  00000+0 0  9999
2 56759   4.6763 271.5940 0006759 344.9210  42.1675  1.00274560  1177
