NAVSTAR 43 (USA 132)    
1 24876U 97035A   23261.05819055  .00000035  00000+0  00000+0 0  9994
2 24876  55.5901 137.8086 0073166  52.6462 308.1163  2.00564182191837
NAVSTAR 47 (USA 150)    
1 26360U 00025A   23261.42439510 -.00000022  00000+0  00000+0 0  9999
2 26360  54.4450  60.0257 0041621 199.9517 154.5537  2.00569835171159
NAVSTAR 51 (USA 166)    
1 27663U 03005A   23261.69133795  .00000044  00000+0  00000+0 0  9995
2 27663  55.2393 254.8389 0132315  44.7308 122.0147  2.00565201151200
NAVSTAR 52 (USA 168)    
1 27704U 03010A   23261.59869578 -.00000082  00000+0  00000+0 0  9994
2 27704  55.1154   4.7960 0249066 319.0652 359.5329  2.00575637149995
NAVSTAR 54 (USA 177)    
1 28190U 04009A   23261.70015802 -.00000038  00000+0  00000+0 0  9990
2 28190  55.6792 315.8986 0092736 139.3545 190.1912  2.00566919142832
NAVSTAR 56 (USA 180)    
1 28474U 04045A   23262.14449178 -.00000080  00000+0  00000+0 0  9998
2 28474  55.4428   5.1004 0162362 282.6916  62.8202  2.00555234138322
ANIK F1R                
1 28868U 05036A   23262.05882601 -.00000066  00000+0  00000+0 0  9992
2 28868   1.7234  88.8249 0002211  54.0713 128.6938  1.00272265 66101
NAVSTAR 57 (USA 183)    
1 28874U 05038A   23261.71021674 -.00000034  00000+0  00000+0 0  9993
2 28874  55.7304 313.3505 0139887 279.7380  78.9998  2.00574544131733
INMARSAT 4-F2           
1 28899U 05044A   23261.74493951  .00000018  00000+0  00000+0 0  9992
2 28899   3.8694  40.7432 0002690 145.7141 143.0342  1.00272709 65464
NAVSTAR 58 (USA 190)    
1 29486U 06042A   23261.62994003  .00000032  00000+0  00000+0 0  9991
2 29486  54.6833 191.0894 0103452  32.5514 169.6523  2.00568969124281
NAVSTAR 59 (USA 192)    
1 29601U 06052A   23261.27100717  .00000041  00000+0  00000+0 0  9993
2 29601  55.2608 253.8158 0083393  79.4161 281.5199  2.00550348123291
NAVSTAR 60 (USA 196)    
1 32260U 07047A   23261.08695221  .00000031  00000+0  00000+0 0  9990
2 32260  53.4707 121.5707 0151862  70.9820 290.7582  2.00550821116692
COSMOS 2433             
1 32275U 07052A   23262.04877566 -.00000059  00000+0  00000+0 0  9994
2 32275  66.0177 349.4469 0004187 224.6618 135.3579  2.13104157123740
COSMOS 2432             
1 32276U 07052B   23261.61639837 -.00000060  00000+0  00000+0 0  9996
2 32276  66.0323 349.5702 0008556 316.8062  18.5248  2.13103287123722
NAVSTAR 61 (USA 199)    
1 32384U 07062A   23262.41155691 -.00000033  00000+0  00000+0 0  9997
2 32384  55.8621 314.1460 0024741 151.2111 215.7881  2.00559542115481
COSMOS 2434             
1 32393U 07065A   23262.43048323  .00000063  00000+0  00000+0 0  9997
2 32393  64.3359 225.7927 0000621  69.3231 114.7525  2.13103073122458
COSMOS 2436             
1 32395U 07065C   23262.15100800  .00000061  00000+0  00000+0 0  9995
2 32395  64.3446 225.8639 0015898 354.0366 111.1345  2.13102762122380
NAVSTAR 62 (USA 201)    
1 32711U 08012A   23261.49921598  .00000031  00000+0  00000+0 0  9998
2 32711  54.4509 189.9224 0177620 235.9470 122.3692  2.00557702113649
NAVSTAR 64 (USA 206)    
1 35752U 09043A   23261.46891843 -.00000008  00000+0  00000+0 0  9992
2 35752  55.4462  67.1530 0058173  69.4423 285.3570  2.00557188103240
COSMOS 2456             
1 36111U 09070A   23262.22080564  .00000048  00000+0  00000+0 0  9990
2 36111  64.4964 105.2951 0001756 338.6690 203.5151  2.13099201107118
COSMOS 2457             
1 36112U 09070B   23261.88770906  .00000048  00000+0  00000+0 0  9998
2 36112  64.4802 105.1714 0006096 146.7361 270.8109  2.13101384107072
COSMOS 2460             
1 36402U 10007C   23261.39855744 -.00000059  00000+0  00000+0 0  9995
2 36402  65.8802 348.1816 0001587 194.9840 195.8609  2.13106348105364
NAVSTAR 65 (USA 213)    
1 36585U 10022A   23262.41631848  .00000051  00000+0  00000+0 0  9996
2 36585  54.5599 248.9776 0109693  59.6594  16.0137  2.00562733 97490
BEIDOU-2 IGSO-1         
1 36828U 10036A   23262.30560215 -.00000109  00000+0  00000+0 0  9993
2 36828  54.2345 172.0378 0036555 188.0288 213.7884  1.00249189 48187
QZS-1 (MICHIBIKI-1)     
1 37158U 10045A   23261.37410779  .00000016  00000+0  00000+0 0  9991
2 37158  42.8869 127.5128 0002875  96.4671 215.0974  0.87715623 47608
BEIDOU-2 G4             
1 37210U 10057A   23261.96021657 -.00000104  00000+0  00000+0 0  9990
2 37210   1.2067  61.4740 0006322 153.9171 287.8393  1.00273505 47232
BEIDOU-2 IGSO-2         
1 37256U 10068A   23262.39472012 -.00000172  00000+0  00000+0 0  9990
2 37256  49.3834 284.1231 0032273 213.5169 110.8651  1.00279204 46749
BEIDOU-2 IGSO-3         
1 37384U 11013A   23262.29517624 -.00000162  00000+0  00000+0 0  9990
2 37384  60.9617  49.7518 0028399 175.4734 347.2170  1.00278035 45629
GSAT-8                  
1 37605U 11022A   23262.38382812  .00000092  00000+0  00000+0 0  9996
2 37605   0.0353  91.6237 0005558 153.9206 305.7486  1.00271654 45199
NAVSTAR 66 (USA 232)    
1 37753U 11036A   23262.19142740 -.00000076  00000+0  00000+0 0  9991
2 37753  56.7457  10.8922 0126981  56.3719 303.1186  2.00568718 89175
BEIDOU-2 IGSO-4         
1 37763U 11038A   23261.62815507 -.00000065  00000+0  00000+0 0  9997
2 37763  54.5084 174.5873 0111852 227.9606 276.3839  1.00271280 44590
GSAT0101 (GALILEO-PFM)  
1 37846U 11060A   23256.68209446 -.00000097  00000+0  00000+0 0  9998
2 37846  57.1105   9.0469 0001286  75.2562 284.7638  1.70476094 73940
GSAT0102 (GALILEO-FM2)  
1 37847U 11060B   23258.95748459 -.00000088  00000+0  00000+0 0  9993
2 37847  57.1115   8.9854 0001255 326.6780  36.0498  1.70475481 73995
COSMOS 2476             
1 37867U 11064A   23259.53312678  .00000054  00000+0  00000+0 0  9996
2 37867  64.7748 106.9192 0021184 231.5363 318.1934  2.13101799 92357
COSMOS 2477             
1 37868U 11064B   23261.60308309  .00000049  00000+0  00000+0 0  9998
2 37868  64.7829 106.9186 0018406 231.6060 284.0002  2.13101650 92408
COSMOS 2475             
1 37869U 11064C   23261.70071014  .00000049  00000+0  00000+0 0  9990
2 37869  64.7901 106.9276 0022459 250.0471 298.9506  2.13101998 92402
BEIDOU-2 IGSO-5         
1 37948U 11073A   23262.42088560 -.00000123  00000+0  00000+0 0  9996
2 37948  49.5088 283.7915 0095056 220.8190 100.7922  1.00269233 43351
LUCH-5A                 
1 37951U 11074B   23262.45143529 -.00000038  00000+0  00000+0 0  9996
2 37951   6.1789  89.4305 0004445  74.1782 164.0274  1.00269720 43146
BEIDOU-2 G5             
1 38091U 12008A   23262.04365260  .00000063  00000+0  00000+0 0  9990
2 38091   1.7423  68.6199 0003550 174.2240 189.4052  1.00277415 42431
BEIDOU-2 M3             
1 38250U 12018A   23261.69622511 -.00000074  00000+0  00000+0 0  9996
2 38250  56.5031 338.3992 0023970 256.0425 103.7539  1.86231196 77270
BEIDOU-2 M4             
1 38251U 12018B   23262.16455684 -.00000072  00000+0  00000+0 0  9993
2 38251  56.4134 337.6756 0014878 255.9880 103.9098  1.86231874 77639
SES-5                   
1 38652U 12036A   23261.84702142  .00000042  00000+0  00000+0 0  9992
2 38652   0.0564 305.5063 0002153 220.3173 141.5996  1.00276832 41012
BEIDOU-2 M6             
1 38775U 12050B   23262.41137694  .00000027  00000+0  00000+0 0  9995
2 38775  55.7024  96.2617 0011246 340.2422  19.7846  1.86231247 75008
GSAT-10                 
1 38779U 12051B   23262.04843885 -.00000158  00000+0  00000+0 0  9991
2 38779   0.0226 242.8521 0002153   1.3770 213.9305  1.00272882 40242
NAVSTAR 67 (USA 239)    
1 38833U 12053A   23261.17718299  .00000028  00000+0  00000+0 0  9992
2 38833  53.5118 184.6276 0142906  52.2087 309.0968  2.00567456 79321
GSAT0103 (GALILEO-FM3)  
1 38857U 12055A   23262.00058900  .00000040  00000+0  00000+0 0  9993
2 38857  55.2873 129.0895 0002457 260.1578  99.9217  1.70473722 68064
GSAT0104 (GALILEO-FM4)  
1 38858U 12055B   23260.79686480  .00000039  00000+0  00000+0 0  9996
2 38858  55.2871 129.1243 0000501 151.8323 208.2816  1.70474004 68012
BEIDOU-2 G6             
1 38953U 12059A   23262.04869991 -.00000168  00000+0  00000+0 0  9990
2 38953   1.8604  81.8625 0007402 311.7832  65.6030  1.00274709 40001
LUCH-5B                 
1 38977U 12061A   23261.74206017 -.00000125  00000+0  00000+0 0  9992
2 38977   8.2856  58.9954 0005705 113.2647  76.0207  1.00272586 39562
COSMOS 2485             
1 39155U 13019A   23261.10486173  .00000050  00000+0  00000+0 0  9994
2 39155  64.9356 107.3926 0021719 227.3262 132.5772  2.13101948 80903
NAVSTAR 68 (USA 242)    
1 39166U 13023A   23260.54114478 -.00000031  00000+0  00000+0 0  9994
2 39166  55.3464 309.5873 0114463  41.6492 319.2902  2.00564301 75755
IRNSS-1A                
1 39199U 13034A   23260.93458701  .00000102  00000+0  00000+0 0  9993
2 39199  33.4557  78.4878 0020772 178.9998 130.6506  1.00270237 37587
NAVSTAR 69 (USA 248)    
1 39533U 14008A   23261.53757118  .00000030  00000+0  00000+0 0  9998
2 39533  53.5988 190.1725 0067159 215.6982 143.8646  2.00552499 69574
ASTRA 5B                
1 39617U 14011B   23262.17991958  .00000145  00000+0  00000+0 0  9995
2 39617   0.0680 312.9915 0003452 248.8781 244.2438  1.00274552 34824
COSMOS 2492             
1 39620U 14012A   23261.52959234 -.00000059  00000+0  00000+0 0  9994
2 39620  65.7635 347.7937 0011709 314.3532  45.6063  2.13103176 73876
IRNSS-1B                
1 39635U 14017A   23261.08104891  .00000113  00000+0  00000+0 0  9997
2 39635  28.6800 257.4333 0019351 190.4962 353.0346  1.00269737 34735
LUCH-5V                 
1 39727U 14023A   23262.05078845 -.00000261  00000+0  00000+0 0  9998
2 39727   2.6091  77.1951 0003110 136.4226 257.0468  1.00276381552469
NAVSTAR 70 (USA 251)    
1 39741U 14026A   23261.32045215 -.00000079  00000+0  00000+0 0  9998
2 39741  56.6979  10.4481 0029370 310.3866  49.3795  2.00556231 68425
COSMOS 2500             
1 40001U 14032A   23262.18194974 -.00000059  00000+0  00000+0 0  9996
2 40001  65.7014 347.5981 0008273 202.1216 157.8984  2.13105884 72105
NAVSTAR 71 (USA 256)    
1 40105U 14045A   23261.90184603  .00000032  00000+0  00000+0 0  9992
2 40105  54.8177 128.4900 0026414 113.7648 246.6101  2.00547967 66861
GSAT0201 (GALILEO 5)    
1 40128U 14050A   23261.35684387 -.00000052  00000+0  00000+0 0  9999
2 40128  49.9227 314.0062 1608390 140.9074 231.9106  1.85519294 61652
GSAT0202 (GALILEO 6)    
1 40129U 14050B   23261.61618024 -.00000049  00000+0  00000+0 0  9990
2 40129  49.9417 313.0676 1606339 141.7275 230.8623  1.85519971 61886
IRNSS-1C                
1 40269U 14061A   23262.55011356 -.00000151  00000+0  00000+0 0  9990
2 40269   3.9993 112.2479 0019878  18.7770 148.1184  1.00268697 32781
NAVSTAR 72 (USA 258)    
1 40294U 14068A   23260.78327979 -.00000004  00000+0  00000+0 0  9996
2 40294  56.1896  69.9332 0049129  62.2957 298.2336  2.00572727 65088
COSMOS 2501             
1 40315U 14075A   23261.96271845  .00000058  00000+0  00000+0 0  9997
2 40315  63.6392 225.1497 0019788 210.9262 148.9417  2.13101314 68496
NAVSTAR 73 (USA 260)    
1 40534U 15013A   23261.91746933  .00000045  00000+0  00000+0 0  9999
2 40534  53.4586 245.6856 0081067  25.4837 334.9001  2.00553833 61721
GSAT0203 (GALILEO 7)    
1 40544U 15017A   23259.98103701 -.00000085  00000+0  00000+0 0  9993
2 40544  56.9063   8.9289 0003241 227.1858 132.8032  1.70476798 52743
GSAT0204 (GALILEO 8)    
1 40545U 15017B   23260.82130457 -.00000082  00000+0  00000+0 0  9994
2 40545  56.9124   8.9205 0003852 213.8321 146.1623  1.70475807 15142
IRNSS-1D                
1 40547U 15018A   23261.40928591 -.00000273  00000+0  00000+0 0  9998
2 40547  28.0458 257.3961 0019578 189.9974 168.7721  1.00269743 30927
BEIDOU-3S IGSO-1S       
1 40549U 15019A   23261.59640642 -.00000135  00000+0  00000+0 0  9996
2 40549  51.0748 307.4050 0040757 196.5802 160.6875  1.00253558 31019
NAVSTAR 74 (USA 262)    
1 40730U 15033A   23261.08206406 -.00000029  00000+0  00000+0 0  9996
2 40730  54.8341 308.1730 0085682  13.9290 346.3770  2.00554507 59873
BEIDOU-3S M2S           
1 40748U 15037A   23261.29326652 -.00000073  00000+0  00000+0 0  9997
2 40748  55.6539 336.2954 0011766 242.6834 117.2610  1.86233132 55445
BEIDOU-3S M1S           
1 40749U 15037B   23262.10033377 -.00000072  00000+0  00000+0 0  9997
2 40749  55.6565 336.2542 0003715 297.0402  62.9858  1.86232920 55453
GSAT0205 (GALILEO 9)    
1 40889U 15045A   23261.17580122  .00000039  00000+0  00000+0 0  9994
2 40889  55.3575 249.3137 0003632 359.1746   0.8062  1.70473276 49915
GSAT0206 (GALILEO 10)   
1 40890U 15045B   23260.80989931  .00000038  00000+0  00000+0 0  9995
2 40890  55.3563 249.3193 0002490 328.2284  31.7377  1.70473280 49930
BEIDOU-3S IGSO-2S       
1 40938U 15053A   23262.39810669 -.00000105  00000+0  00000+0 0  9990
2 40938  50.7886 270.5698 0047629 194.9865 132.2178  1.00279891 29302
NAVSTAR 75 (USA 265)    
1 41019U 15062A   23261.63283779 -.00000002  00000+0  00000+0 0  9999
2 41019  56.1738  69.7502 0089744 221.0767 138.2743  2.00562308 57728
GSAT-15                 
1 41028U 15065A   23261.88243807 -.00000251  00000+0  00000+0 0  9993
2 41028   0.0264 252.3419 0002126 265.4996 250.8743  1.00272304 28746
GSAT0209 (GALILEO 12)   
1 41174U 15079A   23262.15483442  .00000040  00000+0  00000+0 0  9997
2 41174  55.3052 128.7924 0002681 336.1748  23.9195  1.70474077 48278
GSAT0208 (GALILEO 11)   
1 41175U 15079B   23259.44155415  .00000035  00000+0  00000+0 0  9996
2 41175  55.3026 128.8651 0002198 346.7917  13.3155  1.70474070 48223
IRNSS-1E                
1 41241U 16003A   23261.78278102 -.00000277  00000+0  00000+0 0  9996
2 41241  31.0099  77.5754 0020796 176.1535 137.3460  1.00269826 28023
NAVSTAR 76 (USA 266)    
1 41328U 16007A   23261.22534568  .00000034  00000+0  00000+0 0  9996
2 41328  55.0212 129.2984 0071549 233.7325 125.7028  2.00575173 55769
COSMOS 2514             
1 41330U 16008A   23262.41339370 -.00000059  00000+0  00000+0 0  9994
2 41330  65.4986 347.1679 0012075 209.7320 150.2556  2.13102594 59270
IRNSS-1F                
1 41384U 16015A   23261.87063181  .00000168  00000+0  00000+0 0  9994
2 41384   2.9622 129.1298 0018908 176.7585  37.2887  1.00275525 27618
BEIDOU-2 IGSO-6         
1 41434U 16021A   23262.30184752 -.00000142  00000+0  00000+0 0  9997
2 41434  58.7761  48.1153 0047950 218.1668 297.0409  1.00280177 27423
IRNSS-1G                
1 41469U 16027A   23261.84274525 -.00000326  00000+0  00000+0 0  9991
2 41469   2.8520 130.7721 0002372   1.8362 297.8178  1.00271964 27122
GSAT0211 (GALILEO 14)   
1 41549U 16030A   23260.14899020  .00000036  00000+0  00000+0 0  9996
2 41549  55.5042 249.3193 0003964 309.3487  50.5975  1.70473449 45552
GSAT0210 (GALILEO 13)   
1 41550U 16030B   23261.02709226  .00000039  00000+0  00000+0 0  9997
2 41550  55.5033 249.2963 0004145 278.1526  81.7816  1.70473561 45563
COSMOS 2516             
1 41554U 16032A   23261.11990977  .00000052  00000+0  00000+0 0  9993
2 41554  63.8657 225.5837 0015351 214.3052 145.5768  2.13106411 56859
BEIDOU-2 G7             
1 41586U 16037A   23261.87688112 -.00000346  00000+0  00000+0 0  9998
2 41586   1.9030  68.5950 0007720 344.9548  10.0811  1.00279081 26732
EUTELSAT 117 WEST B     
1 41589U 16038B   23262.26786192 -.00000004  00000+0  00000+0 0  9994
2 41589   0.0296  31.9172 0000095 214.6774  90.7563  1.00271657 26652
GSAT0207 (GALILEO 15)   
1 41859U 16069A   23261.86209507  .00000039  00000+0  00000+0 0  9990
2 41859  54.9676 128.8686 0002365 314.4900  45.5984  1.70473987 42537
GSAT0212 (GALILEO 16)   
1 41860U 16069B   23261.71673328  .00000039  00000+0  00000+0 0  9992
2 41860  54.9652 128.8696 0002096   7.2467 352.8646  1.70474183 42561
GSAT0213 (GALILEO 17)   
1 41861U 16069C   23260.90974414  .00000039  00000+0  00000+0 0  9993
2 41861  54.9675 128.8980 0002227 274.6685  85.4169  1.70472933 42415
GSAT0214 (GALILEO 18)   
1 41862U 16069D   23261.05700209  .00000039  00000+0  00000+0 0  9990
2 41862  54.9655 128.8878 0001171 281.2231  78.8742  1.70472747 42548
SES-15                  
1 42709U 17026A   23262.06994052  .00000067  00000+0  00000+0 0  9999
2 42709   0.0339  33.5262 0001005 140.4809  79.7571  1.00273142 24138
QZS-2 (MICHIBIKI-2)     
1 42738U 17028A   23261.84344144 -.00000133  00000+0  00000+0 0  9994
2 42738  41.0215 257.6585 0750013 270.2752 273.8199  1.00261152 23088
QZS-3 (MICHIBIKI-3)     
1 42917U 17048A   23262.36785378 -.00000340  00000+0  00000+0 0  9991
2 42917   0.0540 172.2871 0001679   9.9365  75.2307  1.00275851 22329
COSMOS 2522             
1 42939U 17055A   23261.31653488  .00000054  00000+0  00000+0 0  9994
2 42939  64.0998 226.1062 0009445 243.3171 116.5681  2.13102007 46607
QZS-4 (MICHIBIKI-4)     
1 42965U 17062A   23261.63057456 -.00000301  00000+0  00000+0 0  9995
2 42965  40.6301 356.2652 0749426 269.5414  98.1150  1.00277159 21766
BEIDOU-3 M1             
1 43001U 17069A   23261.64074682  .00000028  00000+0  00000+0 0  9990
2 43001  55.8530  96.3488 0007422 300.2700  59.7301  1.86231653 39935
BEIDOU-3 M2             
1 43002U 17069B   23261.04056195  .00000028  00000+0  00000+0 0  9994
2 43002  55.8520  96.4043 0005844 334.6080  25.4396  1.86231204 39915
GSAT0215 (GALILEO 19)   
1 43055U 17079A   23261.54548718  .00000041  00000+0  00000+0 0  9990
2 43055  55.4799 249.1066 0003658 272.2003  87.7395  1.70474035 35899
GSAT0216 (GALILEO 20)   
1 43056U 17079B   23261.25081204  .00000040  00000+0  00000+0 0  9990
2 43056  55.4809 249.1146 0005203 278.6289  81.2933  1.70474153 35871
GSAT0217 (GALILEO 21)   
1 43057U 17079C   23261.47117246  .00000040  00000+0  00000+0 0  9991
2 43057  55.4786 249.1073 0004632 289.2062  70.7252  1.70474097 35893
GSAT0218 (GALILEO 22)   
1 43058U 17079D   23257.58514833  .00000032  00000+0  00000+0 0  9993
2 43058  55.4805 249.2121 0005718 273.6253  86.2981  1.70474203 35852
BEIDOU-3 M7             
1 43107U 18003A   23262.40218085 -.00000073  00000+0  00000+0 0  9999
2 43107  55.1096 336.9678 0003193  77.2917 282.8063  1.86232512 38701
BEIDOU-3 M8             
1 43108U 18003B   23260.72954674 -.00000076  00000+0  00000+0 0  9997
2 43108  55.1036 337.0120 0004263 245.2046 114.8141  1.86230991 38675
BEIDOU-3 M4             
1 43207U 18018A   23261.17181451  .00000028  00000+0  00000+0 0  9994
2 43207  55.8113  96.4627 0004575  17.3855 342.7060  1.86231591 38060
BEIDOU-3 M3             
1 43208U 18018B   23261.77542024  .00000028  00000+0  00000+0 0  9998
2 43208  55.8114  96.4472 0005403 318.5295  41.5026  1.86231485 38074
BEIDOU-3 M9             
1 43245U 18029A   23260.92430776 -.00000073  00000+0  00000+0 0  9998
2 43245  55.0043 334.7517 0001488 222.7121 137.3415  1.86232764 37211
BEIDOU-3 M10            
1 43246U 18029B   23260.85432328 -.00000073  00000+0  00000+0 0  9996
2 43246  55.0015 334.7821 0002759 350.5583   9.5017  1.86232963 37199
IRNSS-1I                
1 43286U 18035A   23262.11447862  .00000106  00000+0  00000+0 0  9993
2 43286  29.2827  89.9560 0019760 176.8351 187.3317  1.00276821 20027
COSMOS 2527             
1 43508U 18053A   23261.27530306  .00000050  00000+0  00000+0 0  9990
2 43508  65.0970 107.4821 0007386 216.1354 143.9008  2.13102447 40900
BEIDOU-2 IGSO-7         
1 43539U 18057A   23261.70462314 -.00000122  00000+0  00000+0 0  9990
2 43539  55.1188 171.7341 0064036 230.8629 322.1422  1.00279413 19099
GSAT0221 (GALILEO 25)   
1 43564U 18060A   23259.83127371 -.00000085  00000+0  00000+0 0  9992
2 43564  57.2861   8.8642 0002955 251.6027 108.3809  1.70476287 32045
GSAT0222 (GALILEO 26)   
1 43565U 18060B   23262.39572637 -.00000079  00000+0  00000+0 0  9990
2 43565  57.2906   8.7965 0003780 215.9830 144.0147  1.70475919 32138
GSAT0219 (GALILEO 23)   
1 43566U 18060C   23262.03145064 -.00000079  00000+0  00000+0 0  9992
2 43566  57.2895   8.8085 0002292 255.5390 104.4578  1.70476196 32101
GSAT0220 (GALILEO 24)   
1 43567U 18060D   23260.49211279 -.00000083  00000+0  00000+0 0  9998
2 43567  57.2892   8.8506 0002600 252.5216 107.4679  1.70476193 32061
BEIDOU-3 M5             
1 43581U 18062A   23262.14842545  .00000048  00000+0  00000+0 0  9996
2 43581  54.1750 216.4079 0004907 285.1650  74.7583  1.86231932 34973
BEIDOU-3 M6             
1 43582U 18062B   23262.01451221  .00000047  00000+0  00000+0 0  9999
2 43582  54.1747 216.4020 0005315   0.3036 359.6735  1.86229794 34972
BEIDOU-3 M12            
1 43602U 18067A   23261.41372614  .00000042  00000+0  00000+0 0  9993
2 43602  54.2625 215.0788 0007141  13.8627 346.1313  1.86231530 34447
BEIDOU-3 M11            
1 43603U 18067B   23261.54755401  .00000043  00000+0  00000+0 0  9998
2 43603  54.2595 215.0399 0004215 359.4248   0.5500  1.86231493 34479
BEIDOU-3 M13            
1 43622U 18072A   23259.89565511  .00000029  00000+0  00000+0 0  9995
2 43622  55.7802  96.0447 0004217 296.9701  63.0679  1.86231648 33954
BEIDOU-3 M14            
1 43623U 18072B   23259.22416363  .00000030  00000+0  00000+0 0  9995
2 43623  55.7814  96.0598 0002790 349.9977  10.0806  1.86231677 33948
BEIDOU-3 M16            
1 43647U 18078A   23262.07169032 -.00000071  00000+0  00000+0 0  9998
2 43647  54.8995 334.8328 0005912   6.6374 353.4349  1.86227317 33509
BEIDOU-3 M15            
1 43648U 18078B   23262.20191053 -.00000071  00000+0  00000+0 0  9992
2 43648  54.8950 334.8322 0002741  16.8305 343.2428  1.86232285 33526
BEIDOU-3 G1             
1 43683U 18085A   23262.36229959 -.00000269  00000+0  00000+0 0  9992
2 43683   1.5445 123.3831 0003040 352.4210 152.7225  1.00273920 18007
COSMOS 2529             
1 43687U 18086A   23261.37452877  .00000055  00000+0  00000+0 0  9996
2 43687  64.3152 226.5436 0011111 262.8290  97.0268  2.13102053 37912
BEIDOU-3 M17            
1 43706U 18093A   23261.27592978  .00000041  00000+0  00000+0 0  9997
2 43706  54.2577 216.3560 0010031 282.2740  77.5866  1.86232053 32841
BEIDOU-3 M18            
1 43707U 18093B   23260.06813466  .00000029  00000+0  00000+0 0  9998
2 43707  54.2588 216.3885 0008440 307.7069  52.1830  1.86229923 32833
NAVSTAR 77 (USA 289)    
1 43873U 18109A   23261.62127286  .00000033  00000+0  00000+0 0  9996
2 43873  55.1966 131.8010 0025900 190.5088 350.4916  2.00569457 34968
BEIDOU-3 IGSO-1         
1 44204U 19023A   23261.69221167 -.00000196  00000+0  00000+0 0  9992
2 44204  57.2418  48.0936 0023958 195.1287 123.2751  1.00278415 16289
BEIDOU-2 G8             
1 44231U 19027A   23261.84570403 -.00000240  00000+0  00000+0 0  9993
2 44231   1.9901  81.0539 0006620 132.1517 233.1924  1.00267482 16029
COSMOS 2534             
1 44299U 19030A   23261.67244212  .00000058  00000+0  00000+0 0  9994
2 44299  64.3877 226.4612 0013301 282.1080  80.5743  2.13101966 33560
BEIDOU-3 IGSO-2         
1 44337U 19035A   23261.70072406 -.00000123  00000+0  00000+0 0  9994
2 44337  55.1519 167.6668 0032849 196.3094   5.3321  1.00270311 15619
NAVSTAR 78 (USA 293)    
1 44506U 19056A   23262.01021472 -.00000078  00000+0  00000+0 0  9996
2 44506  55.8229  10.8613 0037383 185.7618 175.4493  2.00565931 29961
BEIDOU-3 M24            
1 44542U 19061A   23261.21365570  .00000041  00000+0  00000+0 0  9992
2 44542  54.4851 216.5903 0008471 342.2121  17.7305  1.86231529 27110
BEIDOU-3 M23            
1 44543U 19061B   23261.60857490  .00000045  00000+0  00000+0 0  9997
2 44543  54.4834 216.5465 0005902 327.1189 209.5097  1.86231884 27121
BEIDOU-3 IGSO-3         
1 44709U 19073A   23261.48445756 -.00000152  00000+0  00000+0 0  9998
2 44709  56.5106 291.6021 0035256 190.2601 169.7412  1.00277868 14408
BEIDOU-3 M22            
1 44793U 19078A   23261.59602101 -.00000072  00000+0  00000+0 0  9998
2 44793  54.7482 334.8148 0004756  15.7495 344.3300  1.86232289 25974
BEIDOU-3 M21            
1 44794U 19078B   23262.26350132 -.00000071  00000+0  00000+0 0  9997
2 44794  54.7216 334.7734 0002747   2.9833 357.0824  1.86232682 25993
COSMOS 2544             
1 44850U 19088A   23261.21904711  .00000050  00000+0  00000+0 0  9999
2 44850  65.0829 107.3266 0011195 250.4630 109.5022  2.13102199 29340
BEIDOU-3 M19            
1 44864U 19090A   23261.20993646  .00000028  00000+0  00000+0 0  9996
2 44864  55.7155  96.1873 0015284 274.8682 292.5968  1.86231899 25552
BEIDOU-3 M20            
1 44865U 19090B   23262.11716159  .00000027  00000+0  00000+0 0  9999
2 44865  55.7179  96.1898 0013082 290.0833 255.4157  1.86231809 25557
BEIDOU-3 G2             
1 45344U 20017A   23261.88799245 -.00000133  00000+0  00000+0 0  9992
2 45344   2.0572  16.8917 0003162 160.7607 219.6179  1.00271665 13219
COSMOS 2545             
1 45358U 20018A   23262.35436075 -.00000060  00000+0  00000+0 0  9999
2 45358  64.8388 347.4027 0010479 238.8157 121.1373  2.13102585 27314
BEIDOU-3 G3             
1 45807U 20040A   23261.86438227 -.00000346  00000+0  00000+0 0  9996
2 45807   0.6054 346.6542 0005945 327.9727 104.6215  1.00268346 12025
NAVSTAR 79 (USA 304)    
1 45854U 20041A   23261.52691984 -.00000006  00000+0  00000+0 0  9996
2 45854  55.8952  68.1641 0036759 186.5448 128.9886  2.00563263 23929
GALAXY 30 (G-30)        
1 46114U 20056C   23262.44144775  .00000045  00000+0  00000+0 0  9997
2 46114   0.0197 154.7686 0002105  20.8452 216.3902  1.00270189 11352
COSMOS 2547             
1 46805U 20075A   23261.60471889  .00000057  00000+0  00000+0 0  9994
2 46805  64.6152 226.0238 0008293 243.9856 115.9121  2.13102887 22546
NAVSTAR 80 (USA 309)    
1 46826U 20078A   23261.68337227  .00000043  00000+0  00000+0 0  9990
2 46826  54.3063 251.4816 0036164 195.0437 208.9943  2.00562812 21403
NAVSTAR 81 (USA 319)    
1 48859U 21054A   23261.37467652 -.00000079  00000+0  00000+0 0  9995
2 48859  55.3407  12.6654 0012602 212.2956 151.6015  2.00572970 16640
QZS-1R                  
1 49336U 21096A   23261.42341204 -.00000214  00000+0  00000+0 0  9993
2 49336  35.3800  94.6995 0744041 269.5652 279.3593  1.00288554  6954
GSAT0223 (GALILEO 27)   
1 49809U 21116A   23261.80065961 -.00000080  00000+0  00000+0 0  9997
2 49809  57.2806   8.7114 0003425 184.7489 348.6132  1.70476309 11080
GSAT0224 (GALILEO 28)   
1 49810U 21116B   23260.16048331 -.00000084  00000+0  00000+0 0  9993
2 49810  57.2808   8.7537 0002873 176.7344 182.4953  1.70476406 11083
COSMOS 2557             
1 52984U 22075A   23262.23665849 -.00000061  00000+0  00000+0 0  9998
2 52984  64.7560 349.5644 0012256 275.2283  84.6849  2.13102327  9344
COSMOS 2559             
1 54031U 22130A   23261.70942260 -.00000062  00000+0  00000+0 0  9992
2 54031  64.7275 349.7098 0007389 219.2710 140.7278  2.13101525  7326
COSMOS 2564             
1 54377U 22161A   23261.90244493  .00000060  00000+0  00000+0 0  9991
2 54377  64.7559 226.0694 0010552 225.7777 134.1200  2.13102173  6279
NAVSTAR 82 (USA 343)    
1 55268U 23009A   23256.08302088 -.00000024  00000+0  00000+0 0  9992
2 55268  55.0881 188.0713 0004460  90.9394  92.8330  2.00555282  5022
BEIDOU-3 G4             
1 56564U 23066A   23261.96716149 -.00000105  00000+0  00000+0 0  9995
2 56564   2.8111 288.7403 0006768 214.6699   2.4186  1.00272766  1358
IRNSS-1J (NVS-01)       
1 56759U 23076A   23261.84274525 -.00000333  00000+0  00000+0 0  9999
2 56759   4.7053 271.7994 0006184 335.6817 182.8229  1.00267108  1068
