NAVSTAR 43 (USA 132)    
1 24876U 97035A   23216.18596613  .00000015  00000+0  00000+0 0  9998
2 24876  55.5820 139.5620 0071077  51.6339 309.0081  2.00563828190734
NAVSTAR 47 (USA 150)    
1 26360U 00025A   23215.80983366 -.00000043  00000+0  00000+0 0  9996
2 26360  54.4042  61.8937 0041163 198.3579 338.7737  2.00572815170230
NAVSTAR 51 (USA 166)    
1 27663U 03005A   23216.08947942  .00000025  00000+0  00000+0 0  9994
2 27663  55.2604 256.6544 0131303  44.6151 314.7449  2.00567747150288
NAVSTAR 52 (USA 168)    
1 27704U 03010A   23215.78379569 -.00000088  00000+0  00000+0 0  9996
2 27704  55.1145   6.6432 0248177 318.0324  38.1802  2.00573272149075
NAVSTAR 54 (USA 177)    
1 28190U 04009A   23215.44627979 -.00000064  00000+0  00000+0 0  9993
2 28190  55.7159 317.7371 0093140 137.0028 274.3522  2.00568085141949
NAVSTAR 56 (USA 180)    
1 28474U 04045A   23216.80675197 -.00000090  00000+0  00000+0 0  9993
2 28474  55.4415   6.9129 0161515 281.8026  86.0968  2.00578715137412
ANIK F1R                
1 28868U 05036A   23217.02202045 -.00000086  00000+0  00000+0 0  9999
2 28868   1.6110  89.4509 0002837  28.9759  95.4905  1.00271334 65653
NAVSTAR 57 (USA 183)    
1 28874U 05038A   23215.43187517 -.00000060  00000+0  00000+0 0  9999
2 28874  55.7678 315.1888 0138709 279.1706 142.2932  2.00577473130791
INMARSAT 4-F2           
1 28899U 05044A   23216.68209046 -.00000001  00000+0  00000+0 0  9998
2 28899   3.8454  40.6287 0002850 104.0208 117.7604  1.00270728 64990
NAVSTAR 58 (USA 190)    
1 29486U 06042A   23217.12260257  .00000055  00000+0  00000+0 0  9999
2 29486  54.6877 192.8526 0102474  31.0945  73.3525  2.00571544123549
NAVSTAR 59 (USA 192)    
1 29601U 06052A   23215.40254022  .00000033  00000+0  00000+0 0  9997
2 29601  55.2807 255.6392 0084302  79.2293 281.7945  2.00575906122418
NAVSTAR 60 (USA 196)    
1 32260U 07047A   23217.20961180 -.00000004  00000+0  00000+0 0  9996
2 32260  53.4528 123.3906 0150119  69.8477 291.7972  2.00552865115832
COSMOS 2433             
1 32275U 07052A   23216.53063682 -.00000068  00000+0  00000+0 0  9993
2 32275  66.0307 350.9578 0002639 202.6877 157.3028  2.13104022122772
COSMOS 2432             
1 32276U 07052B   23216.58397374 -.00000068  00000+0  00000+0 0  9997
2 32276  66.0450 351.0642 0007839 330.1456  17.9244  2.13103172122768
NAVSTAR 61 (USA 199)    
1 32384U 07062A   23217.02708375 -.00000073  00000+0  00000+0 0  9991
2 32384  55.8976 315.9420 0024977 147.8551 210.2340  2.00557111114578
COSMOS 2434             
1 32393U 07065A   23217.37885407  .00000064  00000+0  00000+0 0  9993
2 32393  64.3382 227.3242 0000319 197.7637 344.0210  2.13103084121496
COSMOS 2436             
1 32395U 07065C   23216.97028597  .00000062  00000+0  00000+0 0  9997
2 32395  64.3469 227.3996 0015434 351.2272  12.6660  2.13102844121429
NAVSTAR 62 (USA 201)    
1 32711U 08012A   23215.12994710  .00000044  00000+0  00000+0 0  9997
2 32711  54.4547 191.7702 0177170 235.5799 122.7045  2.00556293112710
NAVSTAR 64 (USA 206)    
1 35752U 09043A   23215.61966256 -.00000033  00000+0  00000+0 0  9997
2 35752  55.4053  68.9848 0058490  67.7696 302.4325  2.00559621102312
COSMOS 2456             
1 36111U 09070A   23217.18325514 -.00000002  00000+0  00000+0 0  9993
2 36111  64.4783 106.8425 0003273 323.1339 228.2140  2.13099185106151
COSMOS 2457             
1 36112U 09070B   23217.42334792 -.00000005  00000+0  00000+0 0  9992
2 36112  64.4625 106.7002 0004638 154.2479 351.8402  2.13101348106161
COSMOS 2460             
1 36402U 10007C   23216.74199558 -.00000069  00000+0  00000+0 0  9999
2 36402  65.8937 349.6715 0001809 124.8810 206.5435  2.13106207104497
NAVSTAR 65 (USA 213)    
1 36585U 10022A   23215.44256522  .00000036  00000+0  00000+0 0  9992
2 36585  54.5787 250.8758 0108608  59.6979 298.7442  2.00560262 96552
BEIDOU-2 IGSO-1         
1 36828U 10036A   23217.32379247 -.00000125  00000+0  00000+0 0  9996
2 36828  54.2382 172.4427 0037110 190.5784 175.9688  1.00261915 47736
QZS-1 (MICHIBIKI-1)     
1 37158U 10045A   23207.91293981  .00000017  00000+0  00000+0 0  9996
2 37158  42.7673 127.8413 0408044 269.8132 316.8783  0.93974245    12
BEIDOU-2 G4             
1 37210U 10057A   23216.60370719 -.00000125  00000+0  00000+0 0  9990
2 37210   1.1099  59.3467 0004739 142.9637 127.8403  1.00269482 46786
BEIDOU-2 IGSO-2         
1 37256U 10068A   23217.21820807 -.00000192  00000+0  00000+0 0  9992
2 37256  49.4610 284.6705 0032244 210.5038   3.3346  1.00293489 46280
BEIDOU-2 IGSO-3         
1 37384U 11013A   23216.47557990 -.00000172  00000+0  00000+0 0  9990
2 37384  60.8928  50.1924 0027230 173.2354   7.5379  1.00289287 45164
GSAT-8                  
1 37605U 11022A   23217.03867666  .00000074  00000+0  00000+0 0  9993
2 37605   0.0104 112.4341 0003660 137.4630 132.4378  1.00269190 44748
NAVSTAR 66 (USA 232)    
1 37753U 11036A   23216.06792984 -.00000083  00000+0  00000+0 0  9995
2 37753  56.7387  12.6780 0127338  56.0541 119.4150  2.00568151 88243
BEIDOU-2 IGSO-4         
1 37763U 11038A   23216.83198608 -.00000044  00000+0  00000+0 0  9993
2 37763  54.5123 174.9850 0112284 228.4345 304.4011  1.00280016 44131
GSAT0101 (GALILEO-PFM)  
1 37846U 11060A   23216.79436601 -.00000089  00000+0  00000+0 0  9992
2 37846  57.1053  10.1244 0002842  67.3316 292.6967  1.70475823 73395
GSAT0102 (GALILEO-FM2)  
1 37847U 11060B   23210.85747266 -.00000067  00000+0  00000+0 0  9992
2 37847  57.1054  10.2851 0002137  21.9041 340.8720  1.70475266 73293
COSMOS 2476             
1 37867U 11064A   23216.82198999  .00000003  00000+0  00000+0 0  9993
2 37867  64.7590 108.3705 0021650 235.5969 307.6603  2.13101695 91497
COSMOS 2477             
1 37868U 11064B   23215.17333737  .00000012  00000+0  00000+0 0  9992
2 37868  64.7657 108.4957 0018924 236.6259 299.7402  2.13101609 91411
COSMOS 2475             
1 37869U 11064C   23214.31710066  .00000012  00000+0  00000+0 0  9992
2 37869  64.7727 108.5367 0023428 253.7367 304.1883  2.13101997 91404
BEIDOU-2 IGSO-5         
1 37948U 11073A   23216.67215687 -.00000145  00000+0  00000+0 0  9998
2 37948  49.5869 284.3440 0094645 219.7681 146.6775  1.00279582 42906
LUCH-5A                 
1 37951U 11074B   23217.44639373 -.00000061  00000+0  00000+0 0  9998
2 37951   6.0675  90.2191 0005272  39.6739 151.4536  1.00271066 42695
BEIDOU-2 G5             
1 38091U 12008A   23216.68104449  .00000046  00000+0  00000+0 0  9990
2 38091   1.6385  67.8992 0000888 188.4898   0.4145  1.00273122 41970
BEIDOU-2 M3             
1 38250U 12018A   23217.12880037 -.00000097  00000+0  00000+0 0  9999
2 38250  56.5284 339.8761 0022115 255.0346 104.7304  1.86231024 76787
BEIDOU-2 M4             
1 38251U 12018B   23216.52340791 -.00000094  00000+0  00000+0 0  9998
2 38251  56.4398 339.1915 0012957 254.5857 105.2808  1.86231728 76776
SES-5                   
1 38652U 12036A   23216.31203948  .00000022  00000+0  00000+0 0  9992
2 38652   0.0495 283.0307 0002123 206.7387 300.1382  1.00270957 40561
BEIDOU-2 M6             
1 38775U 12050B   23216.23348371 -.00000015  00000+0  00000+0 0  9998
2 38775  55.6672  97.8110 0012762 336.9664  23.0530  1.86231177 74149
GSAT-10                 
1 38779U 12051B   23217.04425521 -.00000176  00000+0  00000+0 0  9994
2 38779   0.0133  98.0231 0000903 152.7123 161.5374  1.00269339 39797
NAVSTAR 67 (USA 239)    
1 38833U 12053A   23216.30603562  .00000045  00000+0  00000+0 0  9992
2 38833  53.5153 186.4602 0139987  51.3676 309.8413  2.00566616 79311
GSAT0103 (GALILEO-FM3)  
1 38857U 12055A   23215.66024055 -.00000006  00000+0  00000+0 0  9990
2 38857  55.2719 130.3647 0003837 273.0751  86.8989  1.70473582 67279
GSAT0104 (GALILEO-FM4)  
1 38858U 12055B   23212.11019728 -.00000010  00000+0  00000+0 0  9994
2 38858  55.2708 130.4639 0001581 277.8901  82.0880  1.70473885 67187
BEIDOU-2 G6             
1 38953U 12059A   23216.78836300 -.00000187  00000+0  00000+0 0  9999
2 38953   1.9535  82.2769 0008610 321.9910 276.6601  1.00270835 39542
LUCH-5B                 
1 38977U 12061A   23216.94807451 -.00000148  00000+0  00000+0 0  9998
2 38977   8.1885  59.3888 0005886  91.1333 127.7207  1.00270824 39679
COSMOS 2485             
1 39155U 13019A   23216.05583439  .00000009  00000+0  00000+0 0  9995
2 39155  64.9193 108.9134 0022099 231.5550 128.3146  2.13101901 79948
NAVSTAR 68 (USA 242)    
1 39166U 13023A   23217.16472876 -.00000069  00000+0  00000+0 0  9994
2 39166  55.3817 311.3276 0114049  41.8031 319.1076  2.00564227 74876
IRNSS-1A                
1 39199U 13034A   23213.77660091  .00000062  00000+0  00000+0 0  9995
2 39199  33.3474  79.1920 0019736 178.2592  27.3183  1.00269307 37119
NAVSTAR 69 (USA 248)    
1 39533U 14008A   23215.66571736  .00000044  00000+0  00000+0 0  9996
2 39533  53.6027 192.0398 0067285 215.7333 143.7851  2.00549905 69202
ASTRA 5B                
1 39617U 14011B   23216.31570041  .00000125  00000+0  00000+0 0  9994
2 39617   0.0553 308.3340 0002777 208.9155 292.4856  1.00271261 34367
COSMOS 2492             
1 39620U 14012A   23216.48053797 -.00000068  00000+0  00000+0 0  9998
2 39620  65.7776 349.3031 0010834 323.6475  36.2817  2.13103038 72916
IRNSS-1B                
1 39635U 14017A   23216.68043434  .00000111  00000+0  00000+0 0  9996
2 39635  28.7665 258.1810 0020839 191.0892 163.7236  1.00272440 34284
LUCH-5V                 
1 39727U 14023A   23216.79392883 -.00000281  00000+0  00000+0 0  9991
2 39727   2.4982  77.4145 0002826 101.8954 154.3224  1.00272754552000
NAVSTAR 70 (USA 251)    
1 39741U 14026A   23215.44938047 -.00000081  00000+0  00000+0 0  9997
2 39741  56.6924  12.2244 0028512 312.5417  47.2246  2.00559372 67498
COSMOS 2500             
1 40001U 14032A   23215.72572832 -.00000067  00000+0  00000+0 0  9996
2 40001  65.7162 349.1583 0007210 188.8934 171.0958  2.13105847 71110
NAVSTAR 71 (USA 256)    
1 40105U 14045A   23215.03792952  .00000005  00000+0  00000+0 0  9997
2 40105  54.8030 130.3636 0023542 112.9580 247.3082  2.00575455 65927
GSAT0201 (GALILEO 5)    
1 40128U 14050A   23215.54228314 -.00000081  00000+0  00000+0 0  9995
2 40128  49.9641 315.8395 1610250 139.1639 234.1137  1.85518947 60804
GSAT0202 (GALILEO 6)    
1 40129U 14050B   23214.72379917 -.00000074  00000+0  00000+0 0  9993
2 40129  49.9843 314.9432 1608019 139.9466 233.1190  1.85519576 60983
IRNSS-1C                
1 40269U 14061A   23216.78836280 -.00000174  00000+0  00000+0 0  9990
2 40269   3.8919 113.6625 0020866  13.3793 192.8678  1.00270873 32324
NAVSTAR 72 (USA 258)    
1 40294U 14068A   23215.91266125 -.00000031  00000+0  00000+0 0  9996
2 40294  56.1490  71.6927 0048702  60.6271 299.9379  2.00569581 64162
COSMOS 2501             
1 40315U 14075A   23216.44460976  .00000061  00000+0  00000+0 0  9999
2 40315  63.6419 226.7372 0020239 211.6768 148.2322  2.13101360 67529
NAVSTAR 73 (USA 260)    
1 40534U 15013A   23216.04668250  .00000032  00000+0  00000+0 0  9994
2 40534  53.4773 247.5879 0079150  25.0246 335.4180  2.00556532 61223
GSAT0203 (GALILEO 7)    
1 40544U 15017A   23216.57389112 -.00000089  00000+0  00000+0 0  9997
2 40544  56.9007  10.1076 0002064 216.6162 143.3682  1.70475911 52006
GSAT0204 (GALILEO 8)    
1 40545U 15017B   23216.82743276 -.00000089  00000+0  00000+0 0  9991
2 40545  56.9071  10.1148 0002543 194.4086 165.5826  1.70475527 52018
IRNSS-1D                
1 40547U 15018A   23215.52198882 -.00000270  00000+0  00000+0 0  9999
2 40547  28.1351 258.1761 0021579 191.1849 162.0965  1.00266847 30724
BEIDOU-3S IGSO-1S       
1 40549U 15019A   23217.22011549 -.00000184  00000+0  00000+0 0  9999
2 40549  51.1537 307.9264 0040592 194.4902 345.8438  1.00262309 30580
NAVSTAR 74 (USA 262)    
1 40730U 15033A   23216.20809122 -.00000060  00000+0  00000+0 0  9999
2 40730  54.8715 309.9953 0084516  14.0926 346.1907  2.00556768 58990
BEIDOU-3S M2S           
1 40748U 15037A   23216.72645522 -.00000096  00000+0  00000+0 0  9990
2 40748  55.6811 337.8032 0009896 238.3044 121.6108  1.86233018 54610
BEIDOU-3S M1S           
1 40749U 15037B   23213.23785484 -.00000084  00000+0  00000+0 0  9993
2 40749  55.6862 337.9073 0002369 329.3476  30.6437  1.86232773 54544
GSAT0205 (GALILEO 9)    
1 40889U 15045A   23215.42225049  .00000046  00000+0  00000+0 0  9993
2 40889  55.3786 250.5790 0003095   0.5672 359.5084  1.70473594 49131
GSAT0206 (GALILEO 10)   
1 40890U 15045B   23216.22951824  .00000040  00000+0  00000+0 0  9995
2 40890  55.3774 250.5520 0001968 321.0700  38.9845  1.70473575 49177
BEIDOU-3S IGSO-2S       
1 40938U 15053A   23216.61668125 -.00000110  00000+0  00000+0 0  9998
2 40938  50.8540 271.1023 0047909 193.5241 164.9531  1.00289880 28845
NAVSTAR 75 (USA 265)    
1 41019U 15062A   23214.76592194 -.00000023  00000+0  00000+0 0  9998
2 41019  56.1319  71.5872 0087877 221.1642 138.2497  2.00562167 56786
GSAT-15                 
1 41028U 15065A   23216.79496007 -.00000269  00000+0  00000+0 0  9994
2 41028   0.0140 280.0213 0002656 190.3151 222.4481  1.00269538 28363
GSAT0209 (GALILEO 12)   
1 41174U 15079A   23216.40114157 -.00000007  00000+0  00000+0 0  9992
2 41174  55.2896 130.0508 0003996 320.2024  39.7904  1.70473843 47494
GSAT0208 (GALILEO 11)   
1 41175U 15079B   23216.03415997 -.00000007  00000+0  00000+0 0  9998
2 41175  55.2876 130.0593 0003172 322.9301  37.0685  1.70473743 47485
IRNSS-1E                
1 41241U 16003A   23212.59106757 -.00000314  00000+0  00000+0 0  9999
2 41241  30.8970  78.3257 0019483 176.7375  18.2977  1.00266114 27659
NAVSTAR 76 (USA 266)    
1 41328U 16007A   23213.36163870 -.00000004  00000+0  00000+0 0  9990
2 41328  55.0081 131.2009 0071563 234.8286 124.5069  2.00551651 54809
COSMOS 2514             
1 41330U 16008A   23216.42574729 -.00000069  00000+0  00000+0 0  9994
2 41330  65.5134 348.7239 0010739 202.0048 157.9527  2.13102448 58294
IRNSS-1F                
1 41384U 16015A   23217.05465990  .00000148  00000+0  00000+0 0  9997
2 41384   2.8727 131.2878 0017846 181.1012  53.1158  1.00276072 27162
BEIDOU-2 IGSO-6         
1 41434U 16021A   23217.31975310 -.00000153  00000+0  00000+0 0  9998
2 41434  58.7072  48.5687 0046226 217.8481 257.6560  1.00288527 26985
IRNSS-1G                
1 41469U 16027A   23216.81219528 -.00000346  00000+0  00000+0 0  9992
2 41469   2.7662 133.0537 0004198 344.1264 257.7264  1.00279478 26679
GSAT0211 (GALILEO 14)   
1 41549U 16030A   23217.32835225  .00000036  00000+0  00000+0 0  9995
2 41549  55.5242 250.4987 0003425 305.9128  54.1171  1.70473751 44805
GSAT0210 (GALILEO 13)   
1 41550U 16030B   23215.27358586  .00000047  00000+0  00000+0 0  9991
2 41550  55.5242 250.5566 0003811 268.4066  91.6263  1.70473761 44768
COSMOS 2516             
1 41554U 16032A   23215.60286622  .00000065  00000+0  00000+0 0  9995
2 41554  63.8681 227.1585 0015536 214.7760 145.1586  2.13106422 55887
BEIDOU-2 G7             
1 41586U 16037A   23216.73223757 -.00000366  00000+0  00000+0 0  9995
2 41586   1.7994  68.0127 0007781 350.6601 268.4981  1.00273438 26288
EUTELSAT 117 WEST B     
1 41589U 16038B   23217.09454769 -.00000023  00000+0  00000+0 0  9998
2 41589   0.0119 216.6743 0000106 125.1380 248.6079  1.00271862 26209
GSAT0207 (GALILEO 15)   
1 41859U 16069A   23212.00229430 -.00000010  00000+0  00000+0 0  9999
2 41859  54.9509 130.2524 0004220 303.4559  56.4996  1.70473778 41687
GSAT0212 (GALILEO 16)   
1 41860U 16069B   23217.13629325 -.00000009  00000+0  00000+0 0  9995
2 41860  54.9500 130.1069 0002973 335.9560  24.0540  1.70473958 41808
GSAT0213 (GALILEO 17)   
1 41861U 16069C   23216.32894774 -.00000007  00000+0  00000+0 0  9996
2 41861  54.9521 130.1353 0003901 281.4512  78.5264  1.70472652 41786
GSAT0214 (GALILEO 18)   
1 41862U 16069D   23217.06274432 -.00000009  00000+0  00000+0 0  9994
2 41862  54.9505 130.1090 0003171 287.1339  72.8551  1.70472536 41794
SES-15                  
1 42709U 17026A   23217.41142124  .00000049  00000+0  00000+0 0  9993
2 42709   0.0175  39.4881 0000329  93.6390 199.5202  1.00267754 23683
QZS-2 (MICHIBIKI-2)     
1 42738U 17028A   23216.98239889 -.00000141  00000+0  00000+0 0  9997
2 42738  41.0911 258.3001 0755559 269.6932 280.6085  1.00272881 22635
QZS-3 (MICHIBIKI-3)     
1 42917U 17048A   23217.05262303 -.00000360  00000+0  00000+0 0  9997
2 42917   0.0601 186.6001 0001869 329.6438 302.9718  1.00265096 21869
COSMOS 2522             
1 42939U 17055A   23216.26775283  .00000062  00000+0  00000+0 0  9995
2 42939  64.1023 227.6518 0010224 242.7459 117.1837  2.13101928 45642
QZS-4 (MICHIBIKI-4)     
1 42965U 17062A   23216.26514480 -.00000338  00000+0  00000+0 0  9999
2 42965  40.6481 356.8398 0746423 268.7452 280.7743  1.00288997 21292
BEIDOU-3 M1             
1 43001U 17069A   23215.99986612 -.00000013  00000+0  00000+0 0  9997
2 43001  55.8187  97.8736 0009064 302.9455  57.0440  1.86231427 39085
BEIDOU-3 M2             
1 43002U 17069B   23214.32565960 -.00000008  00000+0  00000+0 0  9997
2 43002  55.8168  97.9658 0007571 330.1171  29.9142  1.86231056 39049
GSAT0215 (GALILEO 19)   
1 43055U 17079A   23215.20554664  .00000048  00000+0  00000+0 0  9996
2 43055  55.5014 250.3838 0003415 260.5009  99.5373  1.70474347 35105
GSAT0216 (GALILEO 20)   
1 43056U 17079B   23213.73775815  .00000061  00000+0  00000+0 0  9991
2 43056  55.5022 250.4242 0005025 270.2614  89.7689  1.70474489 35067
GSAT0217 (GALILEO 21)   
1 43057U 17079C   23217.47755296  .00000036  00000+0  00000+0 0  9990
2 43057  55.4988 250.3201 0004818 281.1063  78.9001  1.70474327 35148
GSAT0218 (GALILEO 22)   
1 43058U 17079D   23212.41841644  .00000069  00000+0  00000+0 0  9999
2 43058  55.5014 250.4573 0006091 269.2394  90.7849  1.70474318 35054
BEIDOU-3 M7             
1 43107U 18003A   23216.22442492 -.00000094  00000+0  00000+0 0  9992
2 43107  55.1372 338.5502 0004310  77.4602 282.5980  1.86232341 37846
BEIDOU-3 M8             
1 43108U 18003B   23215.62531369 -.00000092  00000+0  00000+0 0  9996
2 43108  55.1306 338.5579 0003183 239.1779 120.8000  1.86230786 37834
BEIDOU-3 M4             
1 43207U 18018A   23213.92005505 -.00000008  00000+0  00000+0 0  9998
2 43207  55.7759  98.0436 0005659   0.1262 359.9468  1.86231298 37185
BEIDOU-3 M3             
1 43208U 18018B   23216.13450479 -.00000014  00000+0  00000+0 0  9996
2 43208  55.7771  97.9736 0007087 317.7363  42.2856  1.86231208 37226
BEIDOU-3 M9             
1 43245U 18029A   23216.35746141 -.00000094  00000+0  00000+0 0  9995
2 43245  55.0325 336.2821 0000975 179.5626 180.4504  1.86232303 36382
BEIDOU-3 M10            
1 43246U 18029B   23216.82449494 -.00000096  00000+0  00000+0 0  9991
2 43246  55.0294 336.2952 0002934  11.2668 348.7530  1.86232816 36385
IRNSS-1I                
1 43286U 18035A   23215.74855681  .00000070  00000+0  00000+0 0  9992
2 43286  29.1781  90.6998 0018989 178.4311   7.4357  1.00271726 19556
COSMOS 2527             
1 43508U 18053A   23215.28783211  .00000013  00000+0  00000+0 0  9994
2 43508  65.0804 109.0254 0007647 228.9085 131.0926  2.13102361 39928
BEIDOU-2 IGSO-7         
1 43539U 18057A   23216.80118934 -.00000131  00000+0  00000+0 0  9997
2 43539  55.1228 172.1260 0065076 231.8324 309.2768  1.00292617 18658
GSAT0221 (GALILEO 25)   
1 43564U 18060A   23215.25086817 -.00000083  00000+0  00000+0 0  9997
2 43564  57.2814  10.0636 0001700 260.5700  99.4099  1.70475793 31293
GSAT0222 (GALILEO 26)   
1 43565U 18060B   23215.46890897 -.00000084  00000+0  00000+0 0  9993
2 43565  57.2845  10.0585 0002360 197.8834 162.1072  1.70475551 31330
GSAT0219 (GALILEO 23)   
1 43566U 18060C   23215.10470083 -.00000083  00000+0  00000+0 0  9995
2 43566  57.2843  10.0706 0000785 282.9440  77.0466  1.70475805 31302
GSAT0220 (GALILEO 24)   
1 43567U 18060D   23215.91168186 -.00000086  00000+0  00000+0 0  9996
2 43567  57.2837  10.0488 0000990 263.1261  96.8611  1.70475453 31291
BEIDOU-3 M5             
1 43581U 18062A   23216.50797494  .00000056  00000+0  00000+0 0  9996
2 43581  54.1831 217.9637 0005740 273.6716  86.2660  1.86231738 34125
BEIDOU-3 M6             
1 43582U 18062B   23216.37352897  .00000056  00000+0  00000+0 0  9996
2 43582  54.1827 217.9577 0004564 346.8857  13.1060  1.86229474 34123
BEIDOU-3 M12            
1 43602U 18067A   23217.38401864  .00000061  00000+0  00000+0 0  9991
2 43602  54.2700 216.5759 0006673   9.2540 350.7576  1.86231549 33628
BEIDOU-3 M11            
1 43603U 18067B   23216.44394137  .00000056  00000+0  00000+0 0  9996
2 43603  54.2673 216.5737 0003897 350.7444   9.2492  1.86231477 33630
BEIDOU-3 M13            
1 43622U 18072A   23216.93953726 -.00000022  00000+0  00000+0 0  9996
2 43622  55.7474  97.4833 0005669 302.2026  57.8179  1.86231606 33158
BEIDOU-3 M14            
1 43623U 18072B   23215.19414265 -.00000009  00000+0  00000+0 0  9999
2 43623  55.7480  97.5345 0004195 337.5649  22.4935  1.86231609 33128
BEIDOU-3 M16            
1 43647U 18078A   23216.42964664 -.00000094  00000+0  00000+0 0  9995
2 43647  54.9285 336.4050 0006285  15.8285 344.2038  1.86227163 32656
BEIDOU-3 M15            
1 43648U 18078B   23216.02414161 -.00000092  00000+0  00000+0 0  9992
2 43648  54.9245 336.4230 0003420  34.2465 325.7877  1.86232135 32667
BEIDOU-3 G1             
1 43683U 18085A   23216.81482516 -.00000291  00000+0  00000+0 0  9996
2 43683   1.4502 126.5325 0003241 347.3832 272.4964  1.00266675 17557
COSMOS 2529             
1 43687U 18086A   23215.85647474  .00000064  00000+0  00000+0 0  9997
2 43687  64.3176 228.0928 0011824 261.2058  98.6971  2.13102063 36948
BEIDOU-3 M17            
1 43706U 18093A   23216.17244316  .00000056  00000+0  00000+0 0  9992
2 43706  54.2656 217.8902 0010782 276.7437  83.1379  1.86231832 32003
BEIDOU-3 M18            
1 43707U 18093B   23217.11193783  .00000059  00000+0  00000+0 0  9992
2 43707  54.2662 217.8496 0008732 299.8707  60.0442  1.86229636 32034
NAVSTAR 77 (USA 289)    
1 43873U 18109A   23216.22956529  .00000010  00000+0  00000+0 0  9997
2 43873  55.1851 133.5950 0025146 192.6370 332.3696  2.00567314 34001
BEIDOU-3 IGSO-1         
1 44204U 19023A   23217.47875527 -.00000213  00000+0  00000+0 0  9994
2 44204  57.1734  48.5549 0022819 193.5612   2.5524  1.00291174 15860
BEIDOU-2 G8             
1 44231U 19027A   23216.81728476 -.00000259  00000+0  00000+0 0  9995
2 44231   1.8798  81.2462 0005755 123.3080 187.3023  1.00270562 15576
COSMOS 2534             
1 44299U 19030A   23215.31986366  .00000067  00000+0  00000+0 0  9997
2 44299  64.3900 228.0346 0013851 279.8815 162.6525  2.13101953 32585
BEIDOU-3 IGSO-2         
1 44337U 19035A   23216.26322718 -.00000143  00000+0  00000+0 0  9991
2 44337  55.1549 168.0655 0033382 198.2961 160.0879  1.00283985 15180
NAVSTAR 78 (USA 293)    
1 44506U 19056A   23215.64662469 -.00000083  00000+0  00000+0 0  9996
2 44506  55.8156  12.6942 0035570 183.4984 180.7257  2.00564821 29034
BEIDOU-3 M24            
1 44542U 19061A   23217.18389401  .00000059  00000+0  00000+0 0  9997
2 44542  54.4929 218.0797 0008197 333.6646  26.2960  1.86231341 26297
BEIDOU-3 M23            
1 44543U 19061B   23216.34132858  .00000056  00000+0  00000+0 0  9994
2 44543  54.4912 218.0772 0005887 314.8403 112.0700  1.86231563 26278
BEIDOU-3 IGSO-3         
1 44709U 19073A   23216.61293682 -.00000181  00000+0  00000+0 0  9994
2 44709  56.5844 292.0765 0034984 188.1664 171.8818  1.00291581 13938
BEIDOU-3 M22            
1 44793U 19078A   23215.41826394 -.00000090  00000+0  00000+0 0  9990
2 44793  54.7778 336.4109 0005296  25.6907 334.3466  1.86232110 25127
BEIDOU-3 M21            
1 44794U 19078B   23217.15975793 -.00000099  00000+0  00000+0 0  9991
2 44794  54.7503 336.3336 0003108  22.2609 337.7663  1.86232566 25151
COSMOS 2544             
1 44850U 19088A   23216.17005049  .00000009  00000+0  00000+0 0  9994
2 44850  65.0667 108.8392 0012202 256.9093 103.0229  2.13102108 28369
BEIDOU-3 M19            
1 44864U 19090A   23217.16405904 -.00000025  00000+0  00000+0 0  9995
2 44864  55.6821  97.6639 0016325 277.7892 278.9882  1.86231697 24726
BEIDOU-3 M20            
1 44865U 19090B   23217.45391385 -.00000028  00000+0  00000+0 0  9998
2 44865  55.6843  97.6870 0014362 292.4309 188.4702  1.86231641 24718
BEIDOU-3 G2             
1 45344U 20017A   23217.04364506 -.00000152  00000+0  00000+0 0  9990
2 45344   2.0310  14.6317 0003278 132.2595 262.1725  1.00272466 12777
COSMOS 2545             
1 45358U 20018A   23215.89754320 -.00000069  00000+0  00000+0 0  9991
2 45358  64.8537 349.0125 0008525 235.0247 124.8979  2.13102471 26321
BEIDOU-3 G3             
1 45807U 20040A   23217.40804405 -.00000364  00000+0  00000+0 0  9992
2 45807   0.6442 337.9172 0004876   0.3554 232.7779  1.00276749 11584
NAVSTAR 79 (USA 304)    
1 45854U 20041A   23216.71399279 -.00000040  00000+0  00000+0 0  9997
2 45854  55.8554  69.9322 0034727 185.7410 172.6567  2.00564172 23028
GALAXY 30 (G-30)        
1 46114U 20056C   23216.71617191  .00000025  00000+0  00000+0 0  9991
2 46114   0.0211  90.2875 0002278  56.9450 298.6064  1.00270817 10902
COSMOS 2547             
1 46805U 20075A   23216.55605759  .00000062  00000+0  00000+0 0  9999
2 46805  64.6172 227.5395 0008841 243.7180 116.2237  2.13102979 21582
NAVSTAR 80 (USA 309)    
1 46826U 20078A   23215.74445674  .00000030  00000+0  00000+0 0  9998
2 46826  54.3263 253.3486 0035003 194.0415 159.7258  2.00562595 20471
NAVSTAR 81 (USA 319)    
1 48859U 21054A   23215.52187226 -.00000082  00000+0  00000+0 0  9991
2 48859  55.3326  14.4999 0010910 208.4408 165.7846  2.00575229 15716
QZS-1R                  
1 49336U 21096A   23215.58740993 -.00000294  00000+0  00000+0 0  9995
2 49336  35.2862  95.4045 0759589 272.2188 286.5868  1.00239980  6497
GSAT0223 (GALILEO 27)   
1 49809U 21116A   23215.74701995 -.00000085  00000+0  00000+0 0  9998
2 49809  57.2754   9.9496 0003001 156.2082 192.9802  1.70475613 10306
GSAT0224 (GALILEO 28)   
1 49810U 21116B   23216.75604831 -.00000089  00000+0  00000+0 0  9997
2 49810  57.2762   9.9204 0002608 150.0120 210.9157  1.70475642 10341
COSMOS 2557             
1 52984U 22075A   23213.43347383 -.00000065  00000+0  00000+0 0  9990
2 52984  64.7699 351.2607 0010840 278.4817  81.3953  2.13102151  8301
COSMOS 2559             
1 54031U 22130A   23215.72164286 -.00000069  00000+0  00000+0 0  9994
2 54031  64.7404 351.3098 0006257 211.7986 148.1651  2.13101336  6342
COSMOS 2564             
1 54377U 22161A   23217.32284987  .00000064  00000+0  00000+0 0  9994
2 54377  64.7579 227.5612 0011316 226.6758 133.2600  2.13102128  5324
NAVSTAR 82 (USA 343)    
1 55268U 23009A   23216.93729976  .00000053  00000+0  00000+0 0  9992
2 55268  55.0934 189.6052 0004088  95.6586 263.8384  2.00557491  4230
BEIDOU-3 G4             
1 56564U 23066A   23216.60465786 -.00000123  00000+0  00000+0 0  9994
2 56564   2.9196 288.9413 0007352 202.7601 198.7858  1.00269631   908
IRNSS-1J (NVS-01)       
1 56759U 23076A   23216.80742847 -.00000347  00000+0  00000+0 0  9997
2 56759   4.8167 272.6368 0005076 340.5735 120.0282  1.00276171   706
