NAVSTAR 43 (USA 132)    
1 24876U 97035A   23254.07805312 -.00000019  00000+0  00000+0 0  9992
2 24876  55.5884 138.0814 0072871  52.4854 308.2450  2.00564185191691
NAVSTAR 47 (USA 150)    
1 26360U 00025A   23254.25293956 -.00000030  00000+0  00000+0 0  9993
2 26360  54.4389  60.3189 0041535 199.5967  16.5764  2.00570405171015
NAVSTAR 51 (USA 166)    
1 27663U 03005A   23254.60998909  .00000029  00000+0  00000+0 0  9997
2 27663  55.2426 255.1205 0132071  44.7093  48.8886  2.00565673151060
NAVSTAR 52 (USA 168)    
1 27704U 03010A   23254.16606515 -.00000113  00000+0  00000+0 0  9994
2 27704  55.1155   5.0956 0248867 318.8919  32.6679  2.00575362149842
NAVSTAR 54 (USA 177)    
1 28190U 04009A   23254.34652633 -.00000054  00000+0  00000+0 0  9999
2 28190  55.6847 316.1909 0092834 139.0205 280.7576  2.00567235142699
NAVSTAR 56 (USA 180)    
1 28474U 04045A   23254.17408588 -.00000112  00000+0  00000+0 0  9998
2 28474  55.4427   5.4188 0162117 282.4662  68.2765  2.00555012138161
ANIK F1R                
1 28868U 05036A   23254.56933950 -.00000084  00000+0  00000+0 0  9993
2 28868   1.7057  88.9412 0002354  45.9567 313.0762  1.00272391 36327
NAVSTAR 57 (USA 183)    
1 28874U 05038A   23254.24931605 -.00000049  00000+0  00000+0 0  9993
2 28874  55.7361 313.6469 0139706 279.6112  91.6947  2.00575143131585
INMARSAT 4-F2           
1 28899U 05044A   23254.01879586  .00000001  00000+0  00000+0 0  9998
2 28899   3.8626  40.7078 0002708 144.7598 234.9866  1.00271765 65394
NAVSTAR 58 (USA 190)    
1 29486U 06042A   23254.63296435 -.00000034  00000+0  00000+0 0  9991
2 29486  54.6841 191.3666 0103298  32.3098 157.5604  2.00569406124141
NAVSTAR 59 (USA 192)    
1 29601U 06052A   23254.29045900  .00000032  00000+0  00000+0 0  9999
2 29601  55.2637 254.0929 0083314  79.4156 281.5421  2.00550013123151
NAVSTAR 60 (USA 196)    
1 32260U 07047A   23254.10643194 -.00000007  00000+0  00000+0 0  9991
2 32260  53.4675 121.8601 0151644  70.7977 290.9241  2.00551223116557
COSMOS 2433             
1 32275U 07052A   23254.07135238 -.00000094  00000+0  00000+0 0  9990
2 32275  66.0201 349.7117 0003950 221.3471 138.6534  2.13104262123530
COSMOS 2432             
1 32276U 07052B   23254.09244005 -.00000094  00000+0  00000+0 0  9996
2 32276  66.0344 349.8199 0008337 318.5405   4.6792  2.13103378123557
NAVSTAR 61 (USA 199)    
1 32384U 07062A   23254.38775153 -.00000050  00000+0  00000+0 0  9994
2 32384  55.8681 314.4636 0024835 150.7574 182.7925  2.00559258115257
COSMOS 2434             
1 32393U 07065A   23254.29740021  .00000025  00000+0  00000+0 0  9994
2 32393  64.3366 226.0688 0000355  74.7738 349.8389  2.13103129122259
COSMOS 2436             
1 32395U 07065C   23252.80912403  .00000040  00000+0  00000+0 0  9993
2 32395  64.3454 226.1811 0015790 353.0301 145.3323  2.13102815122175
NAVSTAR 62 (USA 201)    
1 32711U 08012A   23254.02028840 -.00000036  00000+0  00000+0 0  9993
2 32711  54.4516 190.2203 0177574 235.8950 122.3908  2.00557511113490
NAVSTAR 64 (USA 206)    
1 35752U 09043A   23254.50235764 -.00000014  00000+0  00000+0 0  9990
2 35752  55.4401  67.4308 0058299  69.2159 295.5361  2.00557662103116
COSMOS 2456             
1 36111U 09070A   23254.28121240  .00000037  00000+0  00000+0 0  9992
2 36111  64.4932 105.5675 0001977 336.5487 234.7280  2.13099307106907
COSMOS 2457             
1 36112U 09070B   23254.54200862  .00000040  00000+0  00000+0 0  9994
2 36112  64.4771 105.4238 0005884 146.9341  35.2561  2.13101477106959
COSMOS 2460             
1 36402U 10007C   23254.33574297 -.00000092  00000+0  00000+0 0  9999
2 36402  65.8822 348.4173 0001536 184.0187 188.4074  2.13106428105210
NAVSTAR 65 (USA 213)    
1 36585U 10022A   23254.37714222  .00000027  00000+0  00000+0 0  9993
2 36585  54.5632 249.3020 0109408  59.6633 331.3221  2.00562391 97344
BEIDOU-2 IGSO-1         
1 36828U 10036A   23254.28368211 -.00000164  00000+0  00000+0 0  9994
2 36828  54.2359 172.1095 0036581 188.7338 197.8839  1.00251658 48086
QZS-1 (MICHIBIKI-1)     
1 37158U 10045A   23254.27934289 -.00000020  00000+0  00000+0 0  9995
2 37158  43.0352 127.3819 0002868 116.3389 115.0195  0.87701538 47539
BEIDOU-2 G4             
1 37210U 10057A   23254.51248098 -.00000123  00000+0  00000+0 0  9994
2 37210   1.1912  61.1800 0006345 155.5922 117.8995  1.00271709 47167
BEIDOU-2 IGSO-2         
1 37256U 10068A   23254.33739083 -.00000157  00000+0  00000+0 0  9992
2 37256  49.3959 284.2189 0032486 212.3878  83.1437  1.00282202 46667
BEIDOU-2 IGSO-3         
1 37384U 11013A   23254.27207911 -.00000152  00000+0  00000+0 0  9993
2 37384  60.9506  49.8268 0027985 174.7185 331.5853  1.00280470 45531
GSAT-8                  
1 37605U 11022A   23254.16090958  .00000073  00000+0  00000+0 0  9999
2 37605   0.0139 107.1027 0005349 142.5854 213.2440  1.00274272 43091
NAVSTAR 66 (USA 232)    
1 37753U 11036A   23254.26531497 -.00000108  00000+0  00000+0 0  9997
2 37753  56.7448  11.1990 0127030  56.3466 339.9942  2.00568753 89029
BEIDOU-2 IGSO-4         
1 37763U 11038A   23254.26986962 -.00000145  00000+0  00000+0 0  9992
2 37763  54.5098 174.6521 0111995 228.1142 139.9709  1.00272916 44522
GSAT0101 (GALILEO-PFM)  
1 37846U 11060A   23254.33575314 -.00000104  00000+0  00000+0 0  9997
2 37846  57.1104   9.1102 0001445  75.7553 284.2630  1.70476091 73906
GSAT0102 (GALILEO-FM2)  
1 37847U 11060B   23253.37447872 -.00000106  00000+0  00000+0 0  9990
2 37847  57.1107   9.1360 0001203 335.5252 200.7979  1.70475470 73898
COSMOS 2476             
1 37867U 11064A   23254.37029821  .00000038  00000+0  00000+0 0  9990
2 37867  64.7727 107.0946 0021192 231.9805 317.0098  2.13101844 92245
COSMOS 2477             
1 37868U 11064B   23254.36289660  .00000038  00000+0  00000+0 0  9999
2 37868  64.7800 107.1644 0018404 232.2775 128.9171  2.13101744 92246
COSMOS 2475             
1 37869U 11064C   23253.24632861  .00000024  00000+0  00000+0 0  9996
2 37869  64.7864 107.2145 0022534 250.6909 292.3981  2.13102104 92220
BEIDOU-2 IGSO-5         
1 37948U 11073A   23254.53891727 -.00000110  00000+0  00000+0 0  9992
2 37948  49.5210 283.8849 0095158 220.4187 135.9451  1.00271449 43001
LUCH-5A                 
1 37951U 11074B   23254.57161580 -.00000056  00000+0  00000+0 0  9997
2 37951   6.1601  89.5684 0004458  72.7868 200.8400  1.00269361 42929
BEIDOU-2 G5             
1 38091U 12008A   23254.16107022  .00000046  00000+0  00000+0 0  9995
2 38091   1.7249  68.5307 0003511 174.9521 223.1328  1.00275404 42240
BEIDOU-2 M3             
1 38250U 12018A   23252.03098451 -.00000114  00000+0  00000+0 0  9999
2 38250  56.5084 338.7196 0023632 255.5842 104.1926  1.86231251 77097
BEIDOU-2 M4             
1 38251U 12018B   23254.11022576 -.00000103  00000+0  00000+0 0  9994
2 38251  56.4179 337.9433 0014595 255.4022 104.4810  1.86232004 77131
SES-5                   
1 38652U 12036A   23254.29369255  .00000023  00000+0  00000+0 0  9996
2 38652   0.0557 309.0489 0001932 227.6536 284.0565  1.00270920 34369
BEIDOU-2 M6             
1 38775U 12050B   23252.20929685 -.00000010  00000+0  00000+0 0  9993
2 38775  55.6944  96.6035 0011546 340.0825  19.9520  1.86231356 74814
GSAT-10                 
1 38779U 12051B   23254.57514541 -.00000175  00000+0  00000+0 0  9993
2 38779   0.0455 268.1931 0002173 345.3660  26.8160  1.00270717 39998
NAVSTAR 67 (USA 239)    
1 38833U 12053A   23254.19720093 -.00000040  00000+0  00000+0 0  9996
2 38833  53.5125 184.9126 0142424  52.0659 309.1975  2.00567370 79182
GSAT0103 (GALILEO-FM3)  
1 38857U 12055A   23253.78836847 -.00000007  00000+0  00000+0 0  9996
2 38857  55.2842 129.3154 0002603 264.1701  95.8856  1.70473828 67785
GSAT0104 (GALILEO-FM4)  
1 38858U 12055B   23253.17122569 -.00000012  00000+0  00000+0 0  9995
2 38858  55.2842 129.3340 0000306 178.3128 181.7690  1.70474070 67770
BEIDOU-2 G6             
1 38953U 12059A   23254.57549262 -.00000184  00000+0  00000+0 0  9993
2 38953   1.8429  81.9145 0006934 309.8125 249.6929  1.00268374 39781
LUCH-5B                 
1 38977U 12061A   23254.28942845 -.00000142  00000+0  00000+0 0  9998
2 38977   8.2702  59.0631 0005706 113.0402 265.8566  1.00273353 39495
COSMOS 2485             
1 39155U 13019A   23254.06596001  .00000035  00000+0  00000+0 0  9996
2 39155  64.9328 107.6300 0021711 227.9168 131.9889  2.13102036 80758
NAVSTAR 68 (USA 242)    
1 39166U 13023A   23254.05961390 -.00000042  00000+0  00000+0 0  9998
2 39166  55.3513 309.8474 0114339  41.6866 319.2500  2.00564395 75620
IRNSS-1A                
1 39199U 13034A   23252.08242812  .00000073  00000+0  00000+0 0  9991
2 39199  33.4344  78.6203 0020346 176.5021 177.7262  1.00280977 37216
NAVSTAR 69 (USA 248)    
1 39533U 14008A   23254.05846929 -.00000036  00000+0  00000+0 0  9993
2 39533  53.5996 190.4768 0067197 215.7336 143.7963  2.00552121 69426
ASTRA 5B                
1 39617U 14011B   23254.51238681  .00000126  00000+0  00000+0 0  9990
2 39617   0.0815 303.5253 0003300 255.8779 358.8037  1.00271376 34549
COSMOS 2492             
1 39620U 14012A   23254.02139931 -.00000093  00000+0  00000+0 0  9993
2 39620  65.7659 348.0455 0011488 315.4370  44.5033  2.13103271 73711
IRNSS-1B                
1 39635U 14017A   23253.08555878  .00000115  00000+0  00000+0 0  9995
2 39635  28.6945 257.5686 0019724 192.3906 344.8113  1.00276407 34653
LUCH-5V                 
1 39727U 14023A   23254.59549583 -.00000278  00000+0  00000+0 0  9998
2 39727   2.5910  77.2539 0003735 137.0259  85.1425  1.00269006 34236
NAVSTAR 70 (USA 251)    
1 39741U 14026A   23254.34000703 -.00000108  00000+0  00000+0 0  9998
2 39741  56.6973  10.7183 0029188 310.6431  49.1107  2.00556821 68283
COSMOS 2500             
1 40001U 14032A   23253.26609086 -.00000096  00000+0  00000+0 0  9991
2 40001  65.7043 347.8976 0008131 199.5477 160.4524  2.13106022 71918
NAVSTAR 71 (USA 256)    
1 40105U 14045A   23253.92455781 -.00000013  00000+0  00000+0 0  9993
2 40105  54.8147 128.8087 0025111 113.2666 247.0776  2.00578241 65812
GSAT0201 (GALILEO 5)    
1 40128U 14050A   23252.19393674 -.00000075  00000+0  00000+0 0  9992
2 40128  49.9307 314.3729 1608755 140.5616 232.3473  1.85519376 59545
GSAT0202 (GALILEO 6)    
1 40129U 14050B   23254.07028575 -.00000063  00000+0  00000+0 0  9994
2 40129  49.9483 313.3694 1606611 141.4416 231.2250  1.85520092 61741
IRNSS-1C                
1 40269U 14061A   23254.09424439 -.00000172  00000+0  00000+0 0  9993
2 40269   3.9787 112.5021 0019938  18.4066 335.8592  1.00269644 32556
NAVSTAR 72 (USA 258)    
1 40294U 14068A   23253.80346464 -.00000010  00000+0  00000+0 0  9998
2 40294  56.1834  70.2064 0049137  62.0830 298.4635  2.00572358 64942
COSMOS 2501             
1 40315U 14075A   23253.51605028  .00000030  00000+0  00000+0 0  9993
2 40315  63.6400 225.4440 0019916 211.2278 148.6420  2.13101378 68313
NAVSTAR 73 (USA 260)    
1 40534U 15013A   23254.43849858  .00000022  00000+0  00000+0 0  9993
2 40534  53.4618 245.9953 0080685  25.3677 335.0295  2.00554338 61575
GSAT0203 (GALILEO 7)    
1 40544U 15017A   23252.35545707 -.00000108  00000+0  00000+0 0  9999
2 40544  56.9055   9.1359 0003270 226.9101 133.0648  1.70476287 51956
GSAT0204 (GALILEO 8)    
1 40545U 15017B   23252.02251478 -.00000108  00000+0  00000+0 0  9993
2 40545  56.9116   9.1593 0003582 209.7955 150.1866  1.70475821 14995
IRNSS-1D                
1 40547U 15018A   23253.93452205 -.00000273  00000+0  00000+0 0  9991
2 40547  28.0623 257.5229 0019929 192.5054 347.9317  1.00271792 30850
BEIDOU-3S IGSO-1S       
1 40549U 15019A   23254.59445095 -.00000134  00000+0  00000+0 0  9992
2 40549  51.0859 307.4861 0040954 196.0680 154.0437  1.00255250 30943
NAVSTAR 74 (USA 262)    
1 40730U 15033A   23254.60024298 -.00000038  00000+0  00000+0 0  9993
2 40730  54.8393 308.4363 0085426  13.9472 346.3606  2.00554993 59746
BEIDOU-3S M2S           
1 40748U 15037A   23254.31290817 -.00000101  00000+0  00000+0 0  9997
2 40748  55.6580 336.5316 0011539 241.7916 118.1392  1.86233311 55317
BEIDOU-3S M1S           
1 40749U 15037B   23254.04606904 -.00000102  00000+0  00000+0 0  9997
2 40749  55.6612 336.5268 0003406 298.7504  61.2617  1.86233055 55312
GSAT0205 (GALILEO 9)    
1 40889U 15045A   23252.37704965  .00000039  00000+0  00000+0 0  9999
2 40889  55.3615 249.5565 0003467 358.4311   1.5787  1.70473430 49760
GSAT0206 (GALILEO 10)   
1 40890U 15045B   23253.18432239  .00000037  00000+0  00000+0 0  9991
2 40890  55.3599 249.5298 0002408 325.4744  34.5195  1.70473385 49807
BEIDOU-3S IGSO-2S       
1 40938U 15053A   23254.44559906 -.00000087  00000+0  00000+0 0  9990
2 40938  50.7990 270.6605 0048014 194.4454 141.7390  1.00282060 29229
NAVSTAR 75 (USA 265)    
1 41019U 15062A   23254.15409059 -.00000009  00000+0  00000+0 0  9996
2 41019  56.1672  70.0429 0089388 221.0359 138.3367  2.00562387 57572
GSAT-15                 
1 41028U 15065A   23254.56993852 -.00000269  00000+0  00000+0 0  9991
2 41028   0.0476 272.2729 0001805 244.5714 132.1677  1.00271637 28673
GSAT0209 (GALILEO 12)   
1 41174U 15079A   23252.76945423 -.00000015  00000+0  00000+0 0  9998
2 41174  55.3015 129.0503 0002922 333.5317  26.5334  1.70474096 47538
GSAT0208 (GALILEO 11)   
1 41175U 15079B   23253.57565359 -.00000008  00000+0  00000+0 0  9997
2 41175  55.3002 129.0263 0002460 334.1146  25.9576  1.70474051 47961
IRNSS-1E                
1 41241U 16003A   23254.58317194 -.00000290  00000+0  00000+0 0  9996
2 41241  30.9930  77.6850 0020536 175.9975  58.4893  1.00273211 27957
NAVSTAR 76 (USA 266)    
1 41328U 16007A   23254.24562917 -.00000008  00000+0  00000+0 0  9991
2 41328  55.0188 129.5757 0071441 233.8140 125.6033  2.00575429 55588
COSMOS 2514             
1 41330U 16008A   23254.43592856 -.00000090  00000+0  00000+0 0  9992
2 41330  65.5011 347.4378 0011909 208.2844 151.6855  2.13102728 59107
IRNSS-1F                
1 41384U 16015A   23254.15584887  .00000148  00000+0  00000+0 0  9996
2 41384   2.9467 129.5069 0018637 177.0081 131.6840  1.00271809 27539
BEIDOU-2 IGSO-6         
1 41434U 16021A   23254.38385451 -.00000134  00000+0  00000+0 0  9996
2 41434  58.7650  48.1931 0047432 218.1387 318.5661  1.00282138 27357
IRNSS-1G                
1 41469U 16027A   23254.55663030 -.00000345  00000+0  00000+0 0  9995
2 41469   2.8374 131.1361 0002597 356.0187 193.0344  1.00275713 27053
GSAT0211 (GALILEO 14)   
1 41549U 16030A   23254.28316653  .00000035  00000+0  00000+0 0  9999
2 41549  55.5071 249.4805 0003910 308.1297  51.8411  1.70473530 45451
GSAT0210 (GALILEO 13)   
1 41550U 16030B   23253.40152275  .00000037  00000+0  00000+0 0  9994
2 41550  55.5068 249.5059 0004197 275.2275  84.7336  1.70473626 45434
COSMOS 2516             
1 41554U 16032A   23253.61194007  .00000030  00000+0  00000+0 0  9995
2 41554  63.8665 225.8433 0015423 214.4947 145.3935  2.13106454 56690
BEIDOU-2 G7             
1 41586U 16037A   23254.60609963 -.00000363  00000+0  00000+0 0  9997
2 41586   1.8869  68.5315 0006673 343.6412 266.8842  1.00267765 26661
EUTELSAT 117 WEST B     
1 41589U 16038B   23254.56353154 -.00000022  00000+0  00000+0 0  9996
2 41589   0.0251  28.5972 0000232  68.8706 338.7307  1.00271270 26539
GSAT0207 (GALILEO 15)   
1 41859U 16069A   23254.23647697 -.00000003  00000+0  00000+0 0  9991
2 41859  54.9651 129.0803 0002728 310.9151  49.1496  1.70474003 42185
GSAT0212 (GALILEO 16)   
1 41860U 16069B   23251.74478306 -.00000022  00000+0  00000+0 0  9996
2 41860  54.9614 129.1462 0002237   4.7578 355.3200  1.70474211 42393
GSAT0213 (GALILEO 17)   
1 41861U 16069C   23253.28406823 -.00000011  00000+0  00000+0 0  9991
2 41861  54.9643 129.1095 0002370 276.8957  83.1597  1.70472958 42288
GSAT0214 (GALILEO 18)   
1 41862U 16069D   23254.01790690 -.00000005  00000+0  00000+0 0  9995
2 41862  54.9632 129.0829 0001556 285.1927  74.8769  1.70472795 42429
SES-15                  
1 42709U 17026A   23254.55615866  .00000050  00000+0  00000+0 0  9999
2 42709   0.0301  34.8902 0000180 175.8526 210.6347  1.00266705 24014
QZS-2 (MICHIBIKI-2)     
1 42738U 17028A   23254.33469618 -.00000154  00000+0  00000+0 0  9997
2 42738  41.0335 257.7661 0751152 270.1797  83.5671  1.00263155 23020
QZS-3 (MICHIBIKI-3)     
1 42917U 17048A   23254.61781462 -.00000359  00000+0  00000+0 0  9990
2 42917   0.0552 189.2155 0002235   7.5156 143.0803  1.00269045 22138
COSMOS 2522             
1 42939U 17055A   23254.27765713  .00000025  00000+0  00000+0 0  9994
2 42939  64.1005 226.3474 0009669 243.3648 116.5227  2.13102036 46454
QZS-4 (MICHIBIKI-4)     
1 42965U 17062A   23253.63772147 -.00000344  00000+0  00000+0 0  9994
2 42965  40.6331 356.3656 0748474 269.4109  92.7575  1.00279686 21685
BEIDOU-3 M1             
1 43001U 17069A   23254.12344965  .00000013  00000+0  00000+0 0  9993
2 43001  55.8472  96.5989 0007596 302.1812  57.8315  1.86231819 39797
BEIDOU-3 M2             
1 43002U 17069B   23254.06019079  .00000013  00000+0  00000+0 0  9992
2 43002  55.8465  96.6372 0006081 334.7250  25.3316  1.86231308 39785
GSAT0215 (GALILEO 19)   
1 43055U 17079A   23253.91993476  .00000035  00000+0  00000+0 0  9990
2 43055  55.4836 249.3164 0003713 269.9924  89.9720  1.70474163 35763
GSAT0216 (GALILEO 20)   
1 43056U 17079B   23254.21184635  .00000035  00000+0  00000+0 0  9994
2 43056  55.4836 249.3082 0005270 275.7101  84.2357  1.70474294 35786
GSAT0217 (GALILEO 21)   
1 43057U 17079C   23253.84562241  .00000036  00000+0  00000+0 0  9997
2 43057  55.4820 249.3173 0004641 286.0127  73.9434  1.70474276 35764
GSAT0218 (GALILEO 22)   
1 43058U 17079D   23254.06567464  .00000035  00000+0  00000+0 0  9994
2 43058  55.4822 249.3088 0005730 272.8421  87.0988  1.70474228 35792
BEIDOU-3 M7             
1 43107U 18003A   23254.34791289 -.00000102  00000+0  00000+0 0  9998
2 43107  55.1143 337.2439 0003360  78.2357 281.8479  1.86232617 38546
BEIDOU-3 M8             
1 43108U 18003B   23254.28607144 -.00000103  00000+0  00000+0 0  9999
2 43108  55.1072 337.2330 0004138 243.8653 116.1380  1.86231118 38558
BEIDOU-3 M4             
1 43207U 18018A   23254.19146376  .00000014  00000+0  00000+0 0  9990
2 43207  55.8059  96.6952 0004876  15.9171 344.1850  1.86231748 37933
BEIDOU-3 M3             
1 43208U 18018B   23254.25811994  .00000014  00000+0  00000+0 0  9993
2 43208  55.8055  96.6974 0005647 320.6035  39.4424  1.86231661 37931
BEIDOU-3 M9             
1 43245U 18029A   23254.48090230 -.00000098  00000+0  00000+0 0  9996
2 43245  55.0080 334.9725 0001478 218.1500 141.8891  1.86232919 37090
BEIDOU-3 M10            
1 43246U 18029B   23254.41092208 -.00000099  00000+0  00000+0 0  9998
2 43246  55.0054 335.0035 0002711 353.4995   6.5462  1.86233087 37076
IRNSS-1I                
1 43286U 18035A   23253.11785689  .00000083  00000+0  00000+0 0  9999
2 43286  29.2636  90.0972 0019590 176.0719 180.2163  1.00274251 19930
COSMOS 2527             
1 43508U 18053A   23254.23641637  .00000037  00000+0  00000+0 0  9993
2 43508  65.0942 107.7182 0007344 217.7509 142.2889  2.13102532 40752
BEIDOU-2 IGSO-7         
1 43539U 18057A   23254.44975720 -.00000175  00000+0  00000+0 0  9991
2 43539  55.1199 171.7969 0064286 231.1561 222.7033  1.00281788 19027
GSAT0221 (GALILEO 25)   
1 43564U 18060A   23252.20566576 -.00000108  00000+0  00000+0 0  9996
2 43564  57.2858   9.0692 0002924 253.6036 106.3666  1.70476219 31916
GSAT0222 (GALILEO 26)   
1 43565U 18060B   23253.59692710 -.00000106  00000+0  00000+0 0  9998
2 43565  57.2896   9.0331 0003533 212.6873 147.2929  1.70476025 31988
GSAT0219 (GALILEO 23)   
1 43566U 18060C   23253.81924926 -.00000105  00000+0  00000+0 0  9990
2 43566  57.2888   9.0292 0002017 255.1366 104.8432  1.70476274 31963
GSAT0220 (GALILEO 24)   
1 43567U 18060D   23253.45308688 -.00000106  00000+0  00000+0 0  9993
2 43567  57.2882   9.0389 0002462 250.9107 109.0647  1.70476248 31949
BEIDOU-3 M5             
1 43581U 18062A   23254.09420524 -.00000006  00000+0  00000+0 0  9995
2 43581  54.1772 216.6818 0005161 281.9982  77.9098  1.86232032 34827
BEIDOU-3 M6             
1 43582U 18062B   23252.34935139  .00000013  00000+0  00000+0 0  9992
2 43582  54.1772 216.7307 0005075 356.2864   3.6817  1.86229843 34798
BEIDOU-3 M12            
1 43602U 18067A   23253.89643751 -.00000006  00000+0  00000+0 0  9990
2 43602  54.2640 215.3342 0007027  12.6807 347.3028  1.86231589 34308
BEIDOU-3 M11            
1 43603U 18067B   23251.88248154  .00000017  00000+0  00000+0 0  9997
2 43603  54.2614 215.3682 0004127 357.1899   2.7803  1.86231505 34292
BEIDOU-3 M13            
1 43622U 18072A   23253.98919656  .00000012  00000+0  00000+0 0  9994
2 43622  55.7755  96.2421 0004352 298.5430  61.4988  1.86231730 33847
BEIDOU-3 M14            
1 43623U 18072B   23253.85465190  .00000010  00000+0  00000+0 0  9998
2 43623  55.7771  96.2394 0002941 349.1979  10.8810  1.86231735 33834
BEIDOU-3 M16            
1 43647U 18078A   23254.01720259 -.00000101  00000+0  00000+0 0  9991
2 43647  54.9045 335.1103 0005911   8.3266 351.7310  1.86227451 33349
BEIDOU-3 M15            
1 43648U 18078B   23253.07373494 -.00000106  00000+0  00000+0 0  9997
2 43648  54.9007 335.1468 0002768  20.7172 339.3390  1.86232403 33357
BEIDOU-3 G1             
1 43683U 18085A   23254.56419267 -.00000288  00000+0  00000+0 0  9999
2 43683   1.5291 123.8859 0002969 351.6464 217.8772  1.00277280 17936
COSMOS 2529             
1 43687U 18086A   23253.39713332  .00000035  00000+0  00000+0 0  9993
2 43687  64.3158 226.8149 0011351 262.4536  97.4075  2.13102096 37745
BEIDOU-3 M17            
1 43706U 18093A   23254.29561036 -.00000007  00000+0  00000+0 0  9995
2 43706  54.2595 216.5927 0010257 280.8669  78.9827  1.86232110 32738
BEIDOU-3 M18            
1 43707U 18093B   23254.16165077 -.00000006  00000+0  00000+0 0  9996
2 43707  54.2603 216.5889 0008510 306.0487  53.8379  1.86229936 32729
NAVSTAR 77 (USA 289)    
1 43873U 18109A   23254.14206667 -.00000012  00000+0  00000+0 0  9994
2 43873  55.1945 132.0962 0025686 190.8260 349.6414  2.00569280 34765
BEIDOU-3 IGSO-1         
1 44204U 19023A   23254.33174440 -.00000189  00000+0  00000+0 0  9998
2 44204  57.2314  48.1685 0023594 194.7777 346.4328  1.00280924 16211
BEIDOU-2 G8             
1 44231U 19027A   23254.55800215 -.00000257  00000+0  00000+0 0  9998
2 44231   1.9731  81.1044 0006608 132.4766 122.1375  1.00270057 15957
COSMOS 2534             
1 44299U 19030A   23254.27742378  .00000026  00000+0  00000+0 0  9993
2 44299  64.3886 226.7118 0013494 281.4712 167.9999  2.13102049 33400
BEIDOU-3 IGSO-2         
1 44337U 19035A   23254.37167806 -.00000177  00000+0  00000+0 0  9997
2 44337  55.1527 167.7307 0032900 196.9056 239.0496  1.00272754 15545
NAVSTAR 78 (USA 293)    
1 44506U 19056A   23254.52958454 -.00000108  00000+0  00000+0 0  9996
2 44506  55.8225  11.1562 0037145 185.5327 174.2512  2.00565983 29815
BEIDOU-3 M24            
1 44542U 19061A   23254.23331137 -.00000006  00000+0  00000+0 0  9990
2 44542  54.4866 216.8262 0008431 340.2792  19.6536  1.86231532 26980
BEIDOU-3 M23            
1 44543U 19061B   23253.83035642 -.00000003  00000+0  00000+0 0  9995
2 44543  54.4853 216.8088 0005902 323.8132  37.8553  1.86231923 26983
BEIDOU-3 IGSO-3         
1 44709U 19073A   23252.50969798 -.00000145  00000+0  00000+0 0  9990
2 44709  56.5254 291.6975 0035176 190.1008 169.9248  1.00280608 14316
BEIDOU-3 M22            
1 44793U 19078A   23254.61565338 -.00000098  00000+0  00000+0 0  9991
2 44793  54.7525 335.0561 0004767  17.1734 342.8925  1.86232401 25846
BEIDOU-3 M21            
1 44794U 19078B   23253.67230198 -.00000103  00000+0  00000+0 0  9997
2 44794  54.7269 335.0707 0002742   7.7023 352.3486  1.86232837 25831
COSMOS 2544             
1 44850U 19088A   23254.18015215  .00000036  00000+0  00000+0 0  9993
2 44850  65.0800 107.5628 0011269 251.4915 108.4772  2.13102294 29191
BEIDOU-3 M19            
1 44864U 19090A   23253.12410319  .00000001  00000+0  00000+0 0  9990
2 44864  55.7091  96.4573 0015311 275.9159 270.3765  1.86232013 25405
BEIDOU-3 M20            
1 44865U 19090B   23253.56477701  .00000007  00000+0  00000+0 0  9993
2 44865  55.7113  96.4753 0013231 291.3684 280.1590  1.86231979 25398
BEIDOU-3 G2             
1 45344U 20017A   23254.44979753 -.00000151  00000+0  00000+0 0  9990
2 45344   2.0524  16.5484 0003116 162.2013  53.4259  1.00272761 13131
COSMOS 2545             
1 45358U 20018A   23254.37691279 -.00000092  00000+0  00000+0 0  9996
2 45358  64.8414 347.6791 0010184 237.7737 122.1617  2.13102665 27141
BEIDOU-3 G3             
1 45807U 20040A   23254.60745203 -.00000364  00000+0  00000+0 0  9995
2 45807   0.6102 345.1778 0006036 329.2278   5.2269  1.00272547 11945
NAVSTAR 79 (USA 304)    
1 45854U 20041A   23254.54707560 -.00000011  00000+0  00000+0 0  9994
2 45854  55.8892  68.4385 0036345 186.2544 129.4994  2.00563634 23787
GALAXY 30 (G-30)        
1 46114U 20056C   23254.55946289  .00000027  00000+0  00000+0 0  9990
2 46114   0.0276 140.5467 0001921  35.1844 250.9874  1.00271248 11167
COSMOS 2547             
1 46805U 20075A   23253.62734496  .00000032  00000+0  00000+0 0  9996
2 46805  64.6158 226.2919 0008475 244.0431 115.8585  2.13102943 22370
NAVSTAR 80 (USA 309)    
1 46826U 20078A   23254.25970573  .00000028  00000+0  00000+0 0  9995
2 46826  54.3095 251.7824 0036107 194.8517 248.9132  2.00562948 21250
NAVSTAR 81 (USA 319)    
1 48859U 21054A   23254.34848602 -.00000108  00000+0  00000+0 0  9995
2 48859  55.3400  12.9459 0012413 211.9465 118.4606  2.00573526 16498
QZS-1R                  
1 49336U 21096A   23246.63047823 -.00000285  00000+0  00000+0 0  9997
2 49336  35.3487  94.9203 0742050 269.1144 338.5695  1.00292751  6809
GSAT0223 (GALILEO 27)   
1 49809U 21116A   23254.47783885 -.00000104  00000+0  00000+0 0  9991
2 49809  57.2800   8.9075 0003509 182.5037 176.6685  1.70476482 10960
GSAT0224 (GALILEO 28)   
1 49810U 21116B   23253.73871167 -.00000106  00000+0  00000+0 0  9994
2 49810  57.2808   8.9255 0002784 173.0857 204.9488  1.70476459 10981
COSMOS 2557             
1 52984U 22075A   23253.78993768 -.00000096  00000+0  00000+0 0  9990
2 52984  64.7584 349.8580 0012001 275.3655  84.5274  2.13102425  9186
COSMOS 2559             
1 54031U 22130A   23252.79340735 -.00000100  00000+0  00000+0 0  9993
2 54031  64.7300 350.0200 0007215 217.6260 142.3515  2.13101616  7137
COSMOS 2564             
1 54377U 22161A   23252.98652134  .00000039  00000+0  00000+0 0  9990
2 54377  64.7567 226.3674 0010807 226.2804 133.6212  2.13102208  6084
NAVSTAR 82 (USA 343)    
1 55268U 23009A   23253.09771667 -.00000035  00000+0  00000+0 0  9995
2 55268  55.0887 188.1882 0004389  91.0562  97.2574  2.00555443  4965
BEIDOU-3 G4             
1 56564U 23066A   23254.51227962 -.00000124  00000+0  00000+0 0  9999
2 56564   2.8278 288.7683 0006674 214.5979 191.3209  1.00273278  1272
IRNSS-1J (NVS-01)       
1 56759U 23076A   23254.61859910 -.00000352  00000+0  00000+0 0  9994
2 56759   4.7221 271.9272 0006201 336.4480  94.1833  1.00270926   990
