NAVSTAR 43 (USA 132)    
1 24876U 97035A   23278.50840824 -.00000005  00000+0  00000+0 0  9998
2 24876  55.5947 137.1264 0073842  53.0025 307.7528  2.00564335192188
NAVSTAR 47 (USA 150)    
1 26360U 00025A   23278.94401163 -.00000044  00000+0  00000+0 0  9991
2 26360  54.4601  59.3088 0041754 200.9944 203.9386  2.00568640171518
NAVSTAR 51 (USA 166)    
1 27663U 03005A   23278.64191806  .00000019  00000+0  00000+0 0  9997
2 27663  55.2305 254.1645 0132967  44.8443 121.1655  2.00564232151549
NAVSTAR 52 (USA 168)    
1 27704U 03010A   23278.62908174 -.00000116  00000+0  00000+0 0  9990
2 27704  55.1153   4.1084 0249655 319.4663  56.6591  2.00576487150346
NAVSTAR 54 (USA 177)    
1 28190U 04009A   23278.26777185 -.00000059  00000+0  00000+0 0  9991
2 28190  55.6665 315.2389 0092537 140.0717 272.2700  2.00566418143170
NAVSTAR 56 (USA 180)    
1 28474U 04045A   23278.64438955 -.00000115  00000+0  00000+0 0  9990
2 28474  55.4426   4.4399 0162985 283.1849  95.5598  2.00555897138664
ANIK F1R                
1 28868U 05036A   23278.84926451 -.00000083  00000+0  00000+0 0  9997
2 28868   1.7694  88.6064 0001909  71.8237  52.2706  1.00272957 36576
NAVSTAR 57 (USA 183)    
1 28874U 05038A   23278.24642258 -.00000054  00000+0  00000+0 0  9998
2 28874  55.7173 312.6926 0140196 280.0394 139.2544  2.00573431132060
INMARSAT 4-F2           
1 28899U 05044A   23278.52503888  .00000003  00000+0  00000+0 0  9991
2 28899   3.8893  40.9090 0003048 171.6374  54.3221  1.00271931 65614
NAVSTAR 58 (USA 190)    
1 29486U 06042A   23276.87713505 -.00000002  00000+0  00000+0 0  9998
2 29486  54.6816 190.4853 0103791  33.1076  18.6628  2.00568122124590
NAVSTAR 59 (USA 192)    
1 29601U 06052A   23278.22377769  .00000020  00000+0  00000+0 0  9996
2 29601  55.2525 253.1423 0083697  79.4796 281.4477  2.00551245123631
NAVSTAR 60 (USA 196)    
1 32260U 07047A   23278.53821354  .00000000  00000+0  00000+0 0  9992
2 32260  53.4794 120.8468 0152394  71.4235 290.2967  2.00550042117060
COSMOS 2433             
1 32275U 07052A   23278.94208695 -.00000091  00000+0  00000+0 0  9997
2 32275  66.0129 348.8850 0004708 232.3469 127.6662  2.13104151124105
COSMOS 2432             
1 32276U 07052B   23278.54137844 -.00000091  00000+0  00000+0 0  9991
2 32276  66.0275 349.0076 0009170 313.6356  45.9304  2.13103269124077
NAVSTAR 61 (USA 199)    
1 32384U 07062A   23278.43777750 -.00000054  00000+0  00000+0 0  9995
2 32384  55.8498 313.5107 0024564 151.9579 266.5277  2.00560390115747
COSMOS 2434             
1 32393U 07065A   23279.20832020  .00000012  00000+0  00000+0 0  9999
2 32393  64.3340 225.2232 0001269  68.2315  27.3068  2.13103086122817
COSMOS 2436             
1 32395U 07065C   23277.77067657  .00000025  00000+0  00000+0 0  9991
2 32395  64.3429 225.3339 0016096 356.1432 211.9584  2.13102733122709
NAVSTAR 62 (USA 201)    
1 32711U 08012A   23278.94994385 -.00000028  00000+0  00000+0 0  9997
2 32711  54.4492 189.2268 0177717 236.0463 122.2891  2.00558248113996
NAVSTAR 64 (USA 206)    
1 35752U 09043A   23278.44635552 -.00000031  00000+0  00000+0 0  9997
2 35752  55.4611  66.4753 0057865  69.8660 303.0616  2.00556234103597
COSMOS 2456             
1 36111U 09070A   23278.41173781  .00000030  00000+0  00000+0 0  9993
2 36111  64.5036 104.7388 0001444 340.9371  22.2152  2.13099209107422
COSMOS 2457             
1 36112U 09070B   23278.48586499  .00000031  00000+0  00000+0 0  9996
2 36112  64.4880 104.6008 0006424 146.7850  44.2654  2.13101386107425
COSMOS 2460             
1 36402U 10007C   23278.24688422 -.00000090  00000+0  00000+0 0  9999
2 36402  65.8750 347.6183 0001848 219.1863 137.2790  2.13106305105715
NAVSTAR 65 (USA 213)    
1 36585U 10022A   23278.50327653  .00000017  00000+0  00000+0 0  9991
2 36585  54.5525 248.3279 0110369  59.6996 111.5966  2.00563575 97822
BEIDOU-2 IGSO-1         
1 36828U 10036A   23278.78323865 -.00000128  00000+0  00000+0 0  9991
2 36828  54.2340 171.8880 0036612 187.2802  41.2695  1.00244674 48340
QZS-1 (MICHIBIKI-1)     
1 37158U 10045A   23278.63874491  .00000006  00000+0  00000+0 0  9992
2 37158  42.9115 127.3139 0003572 103.0500 260.4776  0.87715558 47751
BEIDOU-2 G4             
1 37210U 10057A   23279.07735344 -.00000120  00000+0  00000+0 0  9994
2 37210   1.2470  62.2603 0007221 162.6946 337.3752  1.00272943 47407
BEIDOU-2 IGSO-2         
1 37256U 10068A   23278.93889633 -.00000179  00000+0  00000+0 0  9995
2 37256  49.3526 283.9199 0032163 213.3325 323.5471  1.00273884 46906
BEIDOU-2 IGSO-3         
1 37384U 11013A   23278.97570826 -.00000175  00000+0  00000+0 0  9999
2 37384  60.9874  49.5882 0028191 176.4448 247.7959  1.00273866 45793
GSAT-8                  
1 37605U 11022A   23278.94186199  .00000076  00000+0  00000+0 0  9997
2 37605   0.0289  72.8029 0006884 178.9548 156.7516  1.00271384 43338
NAVSTAR 66 (USA 232)    
1 37753U 11036A   23278.17824853 -.00000112  00000+0  00000+0 0  9999
2 37753  56.7473  10.2725 0126863  56.3626 326.6166  2.00568855 89501
BEIDOU-2 IGSO-4         
1 37763U 11038A   23278.78150253 -.00000127  00000+0  00000+0 0  9991
2 37763  54.5075 174.4335 0111959 227.7308 348.6012  1.00267791 44764
GSAT0101 (GALILEO-PFM)  
1 37846U 11060A   23277.21257625 -.00000111  00000+0  00000+0 0  9999
2 37846  57.1122   8.4914 0000578  60.4320 299.6026  1.70475916 74295
GSAT0102 (GALILEO-FM2)  
1 37847U 11060B   23277.76000083 -.00000111  00000+0  00000+0 0  9994
2 37847  57.1130   8.4766 0001722 306.1584  76.0509  1.70475330 74310
COSMOS 2476             
1 37867U 11064A   23275.89638453  .00000023  00000+0  00000+0 0  9991
2 37867  64.7818 106.3632 0021245 230.5733 272.4659  2.13101733 92709
COSMOS 2477             
1 37868U 11064B   23278.76380830  .00000034  00000+0  00000+0 0  9996
2 37868  64.7905 106.3356 0018457 230.5389 130.1571  2.13101665 92772
COSMOS 2475             
1 37869U 11064C   23278.13775521  .00000028  00000+0  00000+0 0  9996
2 37869  64.7972 106.3694 0022417 249.1569 309.7677  2.13101968 92754
BEIDOU-2 IGSO-5         
1 37948U 11073A   23278.48873877 -.00000130  00000+0  00000+0 0  9990
2 37948  49.4791 283.5948 0095002 220.7675 140.8594  1.00265601 43257
LUCH-5A                 
1 37951U 11074B   23279.19727389 -.00000054  00000+0  00000+0 0  9995
2 37951   6.2245  89.1428 0004291  94.9333  68.4684  1.00271523 43313
BEIDOU-2 G5             
1 38091U 12008A   23279.09718009  .00000049  00000+0  00000+0 0  9990
2 38091   1.7850  68.9132 0005555 179.8345 219.4238  1.00271381 42604
BEIDOU-2 M3             
1 38250U 12018A   23277.80489480 -.00000105  00000+0  00000+0 0  9997
2 38250  56.4941 337.8641 0024613 257.0832 102.6988  1.86231200 77577
BEIDOU-2 M4             
1 38251U 12018B   23278.81011307 -.00000102  00000+0  00000+0 0  9996
2 38251  56.4040 337.1214 0015506 257.5498 102.3335  1.86231938 77943
SES-5                   
1 38652U 12036A   23278.29834494  .00000025  00000+0  00000+0 0  9996
2 38652   0.0491 301.9469 0001970 259.2466 284.9096  1.00270782 34601
BEIDOU-2 M6             
1 38775U 12050B   23276.90904099 -.00000004  00000+0  00000+0 0  9991
2 38775  55.7142  95.7754 0010888 340.2373  19.7556  1.86231239 75279
GSAT-10                 
1 38779U 12051B   23279.10205337 -.00000174  00000+0  00000+0 0  9998
2 38779   0.0324 107.3043 0003263 143.0359 243.9239  1.00273175 40419
NAVSTAR 67 (USA 239)    
1 38833U 12053A   23279.12559812 -.00000032  00000+0  00000+0 0  9996
2 38833  53.5104 183.8942 0144079  52.5944 308.7520  2.00567773 80576
GSAT0103 (GALILEO-FM3)  
1 38857U 12055A   23277.25176016  .00000014  00000+0  00000+0 0  9996
2 38857  55.2938 128.6697 0002181 251.5092 108.5516  1.70473729 68325
GSAT0104 (GALILEO-FM4)  
1 38858U 12055B   23277.80775423  .00000015  00000+0  00000+0 0  9996
2 38858  55.2939 128.6559 0000935 142.9915 217.0979  1.70473989 68198
BEIDOU-2 G6             
1 38953U 12059A   23279.10231442 -.00000184  00000+0  00000+0 0  9997
2 38953   1.9061  81.8048 0006754 302.2788 111.3336  1.00271719 40176
LUCH-5B                 
1 38977U 12061A   23279.17202289 -.00000141  00000+0  00000+0 0  9993
2 38977   8.3264  58.8555 0005783 129.2342 232.1268  1.00271554 40307
COSMOS 2485             
1 39155U 13019A   23278.93671624  .00000036  00000+0  00000+0 0  9994
2 39155  64.9428 106.7905 0021806 226.4308 133.4396  2.13101938 81284
NAVSTAR 68 (USA 242)    
1 39166U 13023A   23277.49280280 -.00000051  00000+0  00000+0 0  9993
2 39166  55.3328 308.9062 0114883  41.5862 319.3293  2.00564258 76096
IRNSS-1A                
1 39199U 13034A   23278.52329844  .00000085  00000+0  00000+0 0  9992
2 39199  33.4967  78.2276 0021160 180.0002 359.1458  1.00275560 37762
NAVSTAR 69 (USA 248)    
1 39533U 14008A   23278.49007830 -.00000024  00000+0  00000+0 0  9994
2 39533  53.5972 189.4822 0067095 215.5632 144.0245  2.00553456 69916
ASTRA 5B                
1 39617U 14011B   23278.84216024  .00000127  00000+0  00000+0 0  9990
2 39617   0.0857 300.0066 0003797 277.2605 123.6685  1.00265607 34788
COSMOS 2492             
1 39620U 14012A   23278.42296612 -.00000090  00000+0  00000+0 0  9990
2 39620  65.7584 347.2264 0012348 312.1081  47.8443  2.13103171 74234
IRNSS-1B                
1 39635U 14017A   23278.52329844  .00000100  00000+0  00000+0 0  9997
2 39635  28.6453 257.1420 0018890 190.9377 169.2822  1.00275220 34904
LUCH-5V                 
1 39727U 14023A   23279.10440296 -.00000276  00000+0  00000+0 0  9991
2 39727   2.6541  77.1451 0004127 154.5002 275.1928  1.00270214552636
NAVSTAR 70 (USA 251)    
1 39741U 14026A   23278.77160343 -.00000113  00000+0  00000+0 0  9994
2 39741  56.6994   9.7715 0029990 309.7904  49.9758  2.00554998 68777
COSMOS 2500             
1 40001U 14032A   23279.07509682 -.00000089  00000+0  00000+0 0  9991
2 40001  65.6963 347.0295 0008508 207.4182 152.5939  2.13105965 72462
NAVSTAR 71 (USA 256)    
1 40105U 14045A   23278.35614213 -.00000001  00000+0  00000+0 0  9991
2 40105  54.8244 127.8321 0026932 114.1359 246.2215  2.00549067 66309
GSAT0201 (GALILEO 5)    
1 40128U 14050A   23278.06566528 -.00000073  00000+0  00000+0 0  9994
2 40128  49.9078 313.3369 1607811 141.5425 231.1031  1.85519424 60026
GSAT0202 (GALILEO 6)    
1 40129U 14050B   23278.86393333 -.00000066  00000+0  00000+0 0  9997
2 40129  49.9261 312.3771 1605725 142.3823 230.0277  1.85520105 62176
IRNSS-1C                
1 40269U 14061A   23279.10205337 -.00000169  00000+0  00000+0 0  9992
2 40269   4.0384 111.7404 0019902   5.8890  16.6440  1.00272448 32959
NAVSTAR 72 (USA 258)    
1 40294U 14068A   23276.73710233 -.00000033  00000+0  00000+0 0  9999
2 40294  56.2040  69.3080 0049114  62.6391 297.8617  2.00573756 65400
COSMOS 2501             
1 40315U 14075A   23278.38682171  .00000018  00000+0  00000+0 0  9995
2 40315  63.6372 224.5778 0019466 210.0921 149.7891  2.13101287 68848
NAVSTAR 73 (USA 260)    
1 40534U 15013A   23278.37131549  .00000014  00000+0  00000+0 0  9994
2 40534  53.4509 245.0038 0081931  25.8286 334.5589  2.00552791 62050
GSAT0203 (GALILEO 7)    
1 40544U 15017A   23272.29929207 -.00000102  00000+0  00000+0 0  9999
2 40544  56.9059   8.5936 0003937 234.5687 125.4158  1.70476049 52956
GSAT0204 (GALILEO 8)    
1 40545U 15017B   23277.24568794 -.00000111  00000+0  00000+0 0  9990
2 40545  56.9135   8.4737 0004250 221.0043 138.9926  1.70475700 15422
IRNSS-1D                
1 40547U 15018A   23278.97271576 -.00000286  00000+0  00000+0 0  9996
2 40547  28.0107 257.1009 0019072 187.8328  31.4126  1.00273615 31365
BEIDOU-3S IGSO-1S       
1 40549U 15019A   23278.53974772 -.00000135  00000+0  00000+0 0  9992
2 40549  51.0430 307.2026 0040941 197.1617 155.1452  1.00250353 31182
NAVSTAR 74 (USA 262)    
1 40730U 15033A   23279.03175976 -.00000041  00000+0  00000+0 0  9991
2 40730  54.8194 307.4432 0086394  13.9674 346.3166  2.00553617 60251
BEIDOU-3S M2S           
1 40748U 15037A   23278.47560906 -.00000102  00000+0  00000+0 0  9990
2 40748  55.6436 335.7126 0012381 245.5909 114.3363  1.86233176 55761
BEIDOU-3S M1S           
1 40749U 15037B   23277.67185551 -.00000103  00000+0  00000+0 0  9992
2 40749  55.6471 335.7261 0004456 295.3923  64.6184  1.86232937 55755
GSAT0205 (GALILEO 9)    
1 40889U 15045A   23278.18681648  .00000009  00000+0  00000+0 0  9995
2 40889  55.3485 248.8439 0004039   4.1141 355.8614  1.70473137 50208
GSAT0206 (GALILEO 10)   
1 40890U 15045B   23278.40749724  .00000008  00000+0  00000+0 0  9991
2 40890  55.3474 248.8334 0002636 337.9836  21.9779  1.70473126 50235
BEIDOU-3S IGSO-2S       
1 40938U 15053A   23277.95800727 -.00000120  00000+0  00000+0 0  9999
2 40938  50.7636 270.3866 0047848 194.5439 349.9293  1.00276285 29462
NAVSTAR 75 (USA 265)    
1 41019U 15062A   23277.58752359 -.00000029  00000+0  00000+0 0  9994
2 41019  56.1879  69.1253 0090459 221.2278 138.0907  2.00562313 58047
GSAT-15                 
1 41028U 15065A   23279.10414191 -.00000267  00000+0  00000+0 0  9990
2 41028   0.0304 105.9176 0002398  83.1398 316.4528  1.00273701 28984
GSAT0209 (GALILEO 12)   
1 41174U 15079A   23278.57913430  .00000017  00000+0  00000+0 0  9999
2 41174  55.3124 128.3404 0002256 342.9730  17.1012  1.70474210 48554
GSAT0208 (GALILEO 11)   
1 41175U 15079B   23277.03901922  .00000015  00000+0  00000+0 0  9991
2 41175  55.3101 128.3808 0001827 353.1930   6.8897  1.70474087 48364
IRNSS-1E                
1 41241U 16003A   23278.87132812 -.00000292  00000+0  00000+0 0  9998
2 41241  31.0499  77.3183 0020961 179.6637 182.8256  1.00277192 28209
NAVSTAR 76 (USA 266)    
1 41328U 16007A   23277.67750212 -.00000001  00000+0  00000+0 0  9993
2 41328  55.0274 128.6444 0071856 233.6182 125.7928  2.00574311 56057
COSMOS 2514             
1 41330U 16008A   23278.83753157 -.00000089  00000+0  00000+0 0  9993
2 41330  65.4933 346.6110 0012371 212.8719 147.1083  2.13102664 59629
IRNSS-1F                
1 41384U 16015A   23278.87063226  .00000151  00000+0  00000+0 0  9994
2 41384   2.9971 128.3239 0018972 173.3682  58.5691  1.00265129 27789
BEIDOU-2 IGSO-6         
1 41434U 16021A   23279.13480594 -.00000155  00000+0  00000+0 0  9993
2 41434  58.8025  47.9422 0048257 218.8652 253.0855  1.00276928 27598
IRNSS-1G                
1 41469U 16027A   23279.00049345 -.00000342  00000+0  00000+0 0  9996
2 41469   2.8862 129.9142 0001407 355.8869  18.3602  1.00274743 27294
GSAT0211 (GALILEO 14)   
1 41549U 16030A   23277.15999922  .00000009  00000+0  00000+0 0  9997
2 41549  55.4954 248.8513 0004014 318.1246  41.8129  1.70473239 45844
GSAT0210 (GALILEO 13)   
1 41550U 16030B   23278.03807989  .00000009  00000+0  00000+0 0  9998
2 41550  55.4943 248.8283 0003906 283.2677  76.6604  1.70473493 45854
COSMOS 2516             
1 41554U 16032A   23276.60512815  .00000028  00000+0  00000+0 0  9997
2 41554  63.8639 225.0488 0015270 213.8914 145.9993  2.13106361 57182
BEIDOU-2 G7             
1 41586U 16037A   23279.03582916 -.00000362  00000+0  00000+0 0  9998
2 41586   1.9458  68.8365 0006718 338.1461  90.9236  1.00269980 26908
EUTELSAT 117 WEST B     
1 41589U 16038B   23279.06219699 -.00000021  00000+0  00000+0 0  9992
2 41589   0.0108  63.6378 0000168  65.3529 150.8743  1.00271774 26821
GSAT0207 (GALILEO 15)   
1 41859U 16069A   23277.69979114  .00000014  00000+0  00000+0 0  9999
2 41859  54.9751 128.4288 0002080 314.2677  45.7982  1.70474180 42589
GSAT0212 (GALILEO 16)   
1 41860U 16069B   23276.96783936  .00000014  00000+0  00000+0 0  9995
2 41860  54.9723 128.4461 0001957  19.1169 340.9759  1.70474298 42821
GSAT0213 (GALILEO 17)   
1 41861U 16069C   23278.50729993  .00000016  00000+0  00000+0 0  9993
2 41861  54.9753 128.4094 0001956 267.4561  92.6033  1.70473072 42713
GSAT0214 (GALILEO 18)   
1 41862U 16069D   23278.06798333  .00000015  00000+0  00000+0 0  9998
2 41862  54.9730 128.4155 0001008 272.4261  87.6447  1.70472886 42836
SES-15                  
1 42709U 17026A   23279.06175098  .00000051  00000+0  00000+0 0  9991
2 42709   0.0365  30.0596 0000399 187.6301  49.8676  1.00267858 24304
QZS-2 (MICHIBIKI-2)     
1 42738U 17028A   23279.22952312 -.00000195  00000+0  00000+0 0  9995
2 42738  40.9941 257.4127 0747573 270.5165  69.0333  1.00256396 23269
QZS-3 (MICHIBIKI-3)     
1 42917U 17048A   23279.00049345 -.00000357  00000+0  00000+0 0  9995
2 42917   0.0778 137.9541 0002082  80.0936 283.5129  1.00267320 22493
COSMOS 2522             
1 42939U 17055A   23278.67913353  .00000017  00000+0  00000+0 0  9990
2 42939  64.0978 225.5117 0008781 242.8270 117.0760  2.13101996 46975
QZS-4 (MICHIBIKI-4)     
1 42965U 17062A   23278.54181354 -.00000349  00000+0  00000+0 0  9990
2 42965  40.6229 356.0483 0749820 269.8921  82.6476  1.00272471 21928
BEIDOU-3 M1             
1 43001U 17069A   23278.82315711  .00000009  00000+0  00000+0 0  9998
2 43001  55.8672  95.7738 0007165 298.8311  61.1335  1.86231650 40255
BEIDOU-3 M2             
1 43002U 17069B   23278.75994689  .00000008  00000+0  00000+0 0  9997
2 43002  55.8665  95.8127 0005453 333.8238  26.1851  1.86231250 40246
GSAT0215 (GALILEO 19)   
1 43055U 17079A   23276.79666467  .00000009  00000+0  00000+0 0  9999
2 43055  55.4721 248.6867 0003417 277.0840  82.8438  1.70473895 36159
GSAT0216 (GALILEO 20)   
1 43056U 17079B   23278.26173872  .00000009  00000+0  00000+0 0  9997
2 43056  55.4718 248.6463 0004971 281.4744  78.4421  1.70474054 36191
GSAT0217 (GALILEO 21)   
1 43057U 17079C   23276.72234319  .00000009  00000+0  00000+0 0  9991
2 43057  55.4705 248.6877 0004466 292.9432  66.9760  1.70473990 36159
GSAT0218 (GALILEO 22)   
1 43058U 17079D   23278.11557241  .00000009  00000+0  00000+0 0  9999
2 43058  55.4699 248.6469 0005404 277.8551  82.0553  1.70473981 36201
BEIDOU-3 M7             
1 43107U 18003A   23277.43676819 -.00000105  00000+0  00000+0 0  9997
2 43107  55.1006 336.4512 0002846  74.1800 285.9076  1.86232475 38970
BEIDOU-3 M8             
1 43108U 18003B   23278.98598056 -.00000102  00000+0  00000+0 0  9992
2 43108  55.0928 336.3848 0004624 249.1786 110.8277  1.86231002 39017
BEIDOU-3 M4             
1 43207U 18018A   23278.89117706  .00000010  00000+0  00000+0 0  9994
2 43207  55.8263  95.8694 0004325  20.5417 339.5126  1.86231594 38392
BEIDOU-3 M3             
1 43208U 18018B   23277.88393316  .00000001  00000+0  00000+0 0  9996
2 43208  55.8247  95.9075 0005100 317.7734  42.2226  1.86231514 38373
BEIDOU-3 M9             
1 43245U 18029A   23277.03277858 -.00000102  00000+0  00000+0 0  9991
2 43245  54.9938 334.1959 0001861 235.6030 124.4365  1.86232692 37517
BEIDOU-3 M10            
1 43246U 18029B   23278.03665515 -.00000101  00000+0  00000+0 0  9993
2 43246  54.9906 334.1903 0002956 343.2820  16.7645  1.86232944 37526
IRNSS-1I                
1 43286U 18035A   23277.96485806  .00000092  00000+0  00000+0 0  9996
2 43286  29.3222  89.6999 0021139 176.4274 149.6494  1.00271969 20185
COSMOS 2527             
1 43508U 18053A   23278.16860302  .00000029  00000+0  00000+0 0  9994
2 43508  65.1041 106.9152 0007507 213.5881 146.4152  2.13102485 41262
BEIDOU-2 IGSO-7         
1 43539U 18057A   23278.71346434 -.00000146  00000+0  00000+0 0  9999
2 43539  55.1179 171.5843 0063920 230.4314 342.8384  1.00274222 19271
GSAT0221 (GALILEO 25)   
1 43564U 18060A   23273.32270937 -.00000104  00000+0  00000+0 0  9991
2 43564  57.2877   8.5008 0003568 254.1728 105.8116  1.70476119 32274
GSAT0222 (GALILEO 26)   
1 43565U 18060B   23277.64693084 -.00000111  00000+0  00000+0 0  9991
2 43565  57.2917   8.3852 0004153 222.8064 137.1905  1.70475954 32394
GSAT0219 (GALILEO 23)   
1 43566U 18060C   23276.10946754 -.00000110  00000+0  00000+0 0  9996
2 43566  57.2907   8.4289 0003079 258.3568 101.6372  1.70476034 32347
GSAT0220 (GALILEO 24)   
1 43567U 18060D   23269.87746300 -.00000095  00000+0  00000+0 0  9990
2 43567  57.2899   8.5973 0002790 251.5228 108.4649  1.70475635 32221
BEIDOU-3 M5             
1 43581U 18062A   23278.25687116 -.00000003  00000+0  00000+0 0  9998
2 43581  54.1713 215.8584 0004324 289.4564  70.4909  1.86231978 35279
BEIDOU-3 M6             
1 43582U 18062B   23278.12314065 -.00000001  00000+0  00000+0 0  9993
2 43582  54.1710 215.8526 0005519   7.4020 352.6001  1.86229866 35276
BEIDOU-3 M12            
1 43602U 18067A   23278.59610673 -.00000008  00000+0  00000+0 0  9993
2 43602  54.2584 214.4948 0007369  16.7656 343.2545  1.86231507 34762
BEIDOU-3 M11            
1 43603U 18067B   23278.19298751 -.00000003  00000+0  00000+0 0  9994
2 43603  54.2556 214.4742 0004342   4.6304 355.3694  1.86231473 34781
BEIDOU-3 M13            
1 43622U 18072A   23278.15194436  .00000002  00000+0  00000+0 0  9990
2 43622  55.7950  95.4339 0003979 292.1781  67.8146  1.86231555 34297
BEIDOU-3 M14            
1 43623U 18072B   23279.09130539  .00000011  00000+0  00000+0 0  9999
2 43623  55.7978  95.3952 0002326 350.1669   9.8652  1.86231568 34307
BEIDOU-3 M16            
1 43647U 18078A   23278.18060946 -.00000101  00000+0  00000+0 0  9995
2 43647  54.8895 334.2768 0005997   3.1612 356.8988  1.86227324 33795
BEIDOU-3 M15            
1 43648U 18078B   23278.31039759 -.00000101  00000+0  00000+0 0  9999
2 43648  54.8852 334.2759 0002762   8.2121 351.8485  1.86232322 33822
BEIDOU-3 G1             
1 43683U 18085A   23278.89076898 -.00000287  00000+0  00000+0 0  9999
2 43683   1.5831 122.2372 0002028   7.9099 344.8431  1.00267866 18179
COSMOS 2529             
1 43687U 18086A   23278.26787566  .00000022  00000+0  00000+0 0  9992
2 43687  64.3132 225.9695 0010490 263.6146  96.2577  2.13102039 38276
BEIDOU-3 M17            
1 43706U 18093A   23276.84742785  .00000010  00000+0  00000+0 0  9995
2 43706  54.2541 215.8259 0009494 283.7160  76.1698  1.86232001 33150
BEIDOU-3 M18            
1 43707U 18093B   23278.32459413 -.00000004  00000+0  00000+0 0  9998
2 43707  54.2546 215.7674 0008003 311.8892  48.0367  1.86229896 33177
NAVSTAR 77 (USA 289)    
1 43873U 18109A   23277.99429934 -.00000002  00000+0  00000+0 0  9995
2 43873  55.2025 131.1531 0026225 190.0709 293.4605  2.00569998 35290
BEIDOU-3 IGSO-1         
1 44204U 19023A   23278.94959289 -.00000210  00000+0  00000+0 0  9998
2 44204  57.2690  47.9103 0023988 196.0999 232.1049  1.00273276 16480
BEIDOU-2 G8             
1 44231U 19027A   23278.97099733 -.00000255  00000+0  00000+0 0  9993
2 44231   2.0359  80.9948 0006972 135.1920 292.2882  1.00274358 16198
COSMOS 2534             
1 44299U 19030A   23278.32660455  .00000021  00000+0  00000+0 0  9995
2 44299  64.3860 225.8967 0012781 283.4575 255.7320  2.13101935 33914
BEIDOU-3 IGSO-2         
1 44337U 19035A   23278.71537406 -.00000146  00000+0  00000+0 0  9994
2 44337  55.1518 167.5161 0032891 195.7477  27.6940  1.00265036 15814
NAVSTAR 78 (USA 293)    
1 44506U 19056A   23276.49299999 -.00000110  00000+0  00000+0 0  9991
2 44506  55.8248  10.2866 0037838 186.7662 191.8053  2.00566064 30268
BEIDOU-3 M24            
1 44542U 19061A   23278.39605440 -.00000004  00000+0  00000+0 0  9992
2 44542  54.4809 216.0095 0008516 347.3428  12.6296  1.86231518 27432
BEIDOU-3 M23            
1 44543U 19061B   23278.24979421 -.00000002  00000+0  00000+0 0  9998
2 44543  54.4798 215.9834 0005717 333.5993 200.2393  1.86231895 27423
BEIDOU-3 IGSO-3         
1 44709U 19073A   23277.44012052 -.00000166  00000+0  00000+0 0  9995
2 44709  56.4857 291.4341 0035011 190.8259 169.1133  1.00272968 14564
BEIDOU-3 M22            
1 44793U 19078A   23278.77840347 -.00000100  00000+0  00000+0 0  9994
2 44793  54.7375 334.2194 0004770  10.6271 349.4390  1.86232276 26301
BEIDOU-3 M21            
1 44794U 19078B   23277.83499715 -.00000102  00000+0  00000+0 0  9992
2 44794  54.7118 334.2336 0002852 355.7733   4.2803  1.86232677 26287
COSMOS 2544             
1 44850U 19088A   23277.17384479  .00000023  00000+0  00000+0 0  9994
2 44850  65.0898 106.7909 0011127 248.7409 111.1910  2.13102225 29684
BEIDOU-3 M19            
1 44864U 19090A   23278.62625188  .00000006  00000+0  00000+0 0  9999
2 44864  55.7300  95.6026 0015163 274.0852  90.1865  1.86231873 25870
BEIDOU-3 M20            
1 44865U 19090B   23279.02063292  .00000010  00000+0  00000+0 0  9992
2 44865  55.7321  95.6222 0012886 289.3798  69.0857  1.86231846 25864
BEIDOU-3 G2             
1 45344U 20017A   23278.93549844 -.00000150  00000+0  00000+0 0  9993
2 45344   2.0690  17.8427 0003287 184.5544 228.7724  1.00272708 13383
COSMOS 2545             
1 45358U 20018A   23278.30920750 -.00000091  00000+0  00000+0 0  9993
2 45358  64.8338 346.8487 0011062 241.1716 118.7742  2.13102596 27650
BEIDOU-3 G3             
1 45807U 20040A   23278.91287267 -.00000363  00000+0  00000+0 0  9995
2 45807   0.5943 350.6637 0007771 316.5718 146.3051  1.00273298 12195
NAVSTAR 79 (USA 304)    
1 45854U 20041A   23278.78982806 -.00000026  00000+0  00000+0 0  9990
2 45854  55.9108  67.4822 0037371 187.0557 353.0836  2.00562818 24263
GALAXY 30 (G-30)        
1 46114U 20056C   23278.63641628  .00000028  00000+0  00000+0 0  9995
2 46114   0.0164 234.2058 0002619 327.2410 276.7264  1.00271279 11410
COSMOS 2547             
1 46805U 20075A   23277.55949793  .00000026  00000+0  00000+0 0  9995
2 46805  64.6135 225.4879 0007879 243.6122 116.2978  2.13102834 22886
NAVSTAR 80 (USA 309)    
1 46826U 20078A   23278.87877824  .00000015  00000+0  00000+0 0  9990
2 46826  54.2975 250.7823 0036650 194.9056  25.1021  2.00562862 21747
NAVSTAR 81 (USA 319)    
1 48859U 21054A   23278.85684250 -.00000113  00000+0  00000+0 0  9990
2 48859  55.3434  11.9639 0013216 214.6840 172.7165  2.00571972 16994
QZS-1R                  
1 49336U 21096A   23278.82742184 -.00000253  00000+0  00000+0 0  9990
2 49336  35.4186  94.4299 0745375 269.8706  82.6466  1.00282357  7131
GSAT0223 (GALILEO 27)   
1 49809U 21116A   23277.29379497 -.00000111  00000+0  00000+0 0  9994
2 49809  57.2820   8.2923 0003651 199.0596 122.7870  1.70476230 11351
GSAT0224 (GALILEO 28)   
1 49810U 21116B   23278.28085889 -.00000111  00000+0  00000+0 0  9995
2 49810  57.2828   8.2640 0002887 188.8831 131.2355  1.70476412 11394
COSMOS 2557             
1 52984U 22075A   23278.19152774 -.00000093  00000+0  00000+0 0  9993
2 52984  64.7515 349.0088 0012769 275.2602  84.6495  2.13102282  9702
COSMOS 2559             
1 54031U 22130A   23279.07213416 -.00000093  00000+0  00000+0 0  9999
2 54031  64.7225 349.1045 0007699 222.7554 137.2395  2.13101557  7692
COSMOS 2564             
1 54377U 22161A   23277.38802263  .00000027  00000+0  00000+0 0  9998
2 54377  64.7544 225.5520 0010021 224.4058 135.5043  2.13102191  6601
NAVSTAR 82 (USA 343)    
1 55268U 23009A   23275.90277778  .00000007  00000+0  00000+0 0  9991
2 55268  55.0856 187.2999 0003759  90.8584   3.1568  2.00557648  5410
BEIDOU-3 G4             
1 56564U 23066A   23278.80813321 -.00000122  00000+0  00000+0 0  9995
2 56564   2.7669 288.6833 0006103 223.3881 313.1186  1.00272169  1511
IRNSS-1J (NVS-01)       
1 56759U 23076A   23278.96803855 -.00000349  00000+0  00000+0 0  9991
2 56759   4.6591 271.4698 0007261 347.2422 233.7679  1.00271998  1326
