NAVSTAR 43 (USA 132)    
1 24876U 97035A   23249.09225401 -.00000033  00000+0  00000+0 0  9999
2 24876  55.5873 138.2762 0072636  52.3628 308.3567  2.00564117191594
NAVSTAR 47 (USA 150)    
1 26360U 00025A   23249.46940455 -.00000050  00000+0  00000+0 0  9995
2 26360  54.4347  60.5146 0041488 199.3530 162.7399  2.00570632170924
NAVSTAR 51 (USA 166)    
1 27663U 03005A   23249.02059866  .00000042  00000+0  00000+0 0  9992
2 27663  55.2453 255.3429 0131908  44.6889 333.0353  2.00565921150951
NAVSTAR 52 (USA 168)    
1 27704U 03010A   23249.18263831 -.00000111  00000+0  00000+0 0  9998
2 27704  55.1156   5.2966 0248737 318.7783  34.2979  2.00574969149742
NAVSTAR 54 (USA 177)    
1 28190U 04009A   23249.29311160 -.00000079  00000+0  00000+0 0  9991
2 28190  55.6887 316.3918 0092893 138.7849 232.1187  2.00567255142590
NAVSTAR 56 (USA 180)    
1 28474U 04045A   23249.19150130 -.00000110  00000+0  00000+0 0  9999
2 28474  55.4426   5.6182 0162362 282.5951  70.4832  2.00580020138066
ANIK F1R                
1 28868U 05036A   23249.55849670 -.00000086  00000+0  00000+0 0  9993
2 28868   1.6935  89.0177 0002192  60.1964 289.9192  1.00272432 36279
NAVSTAR 57 (USA 183)    
1 28874U 05038A   23249.33426192 -.00000074  00000+0  00000+0 0  9995
2 28874  55.7400 313.8422 0139596 279.5340 142.6601  2.00575347131477
INMARSAT 4-F2           
1 28899U 05044A   23249.50424122 -.00000001  00000+0  00000+0 0  9999
2 28899   3.8605  40.6985 0002806 140.5232  49.5344  1.00271964 65342
NAVSTAR 58 (USA 190)    
1 29486U 06042A   23249.12991868  .00000015  00000+0  00000+0 0  9999
2 29486  54.6848 191.5846 0103163  32.1216 144.1363  2.00569652124036
NAVSTAR 59 (USA 192)    
1 29601U 06052A   23249.30432129  .00000045  00000+0  00000+0 0  9992
2 29601  55.2660 254.2909 0083285  79.3997 281.5561  2.00549695123054
NAVSTAR 60 (USA 196)    
1 32260U 07047A   23249.12035021 -.00000037  00000+0  00000+0 0  9994
2 32260  53.4653 122.0668 0151442  70.6665 291.0403  2.00551360116451
COSMOS 2433             
1 32275U 07052A   23248.44024857 -.00000092  00000+0  00000+0 0  9996
2 32275  66.0217 349.8988 0003768 219.0545 140.9472  2.13104131123416
COSMOS 2432             
1 32276U 07052B   23248.60526545 -.00000093  00000+0  00000+0 0  9997
2 32276  66.0359 350.0020 0008208 320.0029 113.6530  2.13103239123453
NAVSTAR 61 (USA 199)    
1 32384U 07062A   23248.62569715 -.00000076  00000+0  00000+0 0  9997
2 32384  55.8725 314.6917 0024885 150.3811 342.7851  2.00558818115140
COSMOS 2434             
1 32393U 07065A   23248.34045190  .00000065  00000+0  00000+0 0  9992
2 32393  64.3371 226.2713 0000214  85.1054  89.5111  2.13103073122122
COSMOS 2436             
1 32395U 07065C   23248.63650684  .00000067  00000+0  00000+0 0  9998
2 32395  64.3458 226.3229 0015743 352.6357 184.6221  2.13102776122087
NAVSTAR 62 (USA 201)    
1 32711U 08012A   23249.03437106  .00000014  00000+0  00000+0 0  9992
2 32711  54.4521 190.4190 0177541 235.8579 122.4358  2.00557299113396
NAVSTAR 64 (USA 206)    
1 35752U 09043A   23249.51892118 -.00000040  00000+0  00000+0 0  9996
2 35752  55.4356  67.6298 0058367  69.0643 297.5043  2.00557836103018
COSMOS 2456             
1 36111U 09070A   23249.09355035 -.00000012  00000+0  00000+0 0  9990
2 36111  64.4908 105.7458 0002127 334.7146 216.8154  2.13099232106796
COSMOS 2457             
1 36112U 09070B   23249.38746932 -.00000012  00000+0  00000+0 0  9993
2 36112  64.4749 105.6011 0005735 147.4183  40.3948  2.13101398106802
COSMOS 2460             
1 36402U 10007C   23249.17919147 -.00000096  00000+0  00000+0 0  9996
2 36402  65.8838 348.5894 0001507 175.4795 200.9666  2.13106302105101
NAVSTAR 65 (USA 213)    
1 36585U 10022A   23248.58817949  .00000043  00000+0  00000+0 0  9997
2 36585  54.5656 249.5359 0109230  59.6688 111.4034  2.00562023 97228
BEIDOU-2 IGSO-1         
1 36828U 10036A   23248.72465549 -.00000138  00000+0  00000+0 0  9999
2 36828  54.2366 172.1596 0036768 189.0695 351.1975  1.00253003 48023
QZS-1 (MICHIBIKI-1)     
1 37158U 10045A   23235.98548465 -.00000031  00000+0  00000+0 0  9991
2 37158  42.8909 127.5505 0036254  12.7354 203.3381  0.88330244 47378
BEIDOU-2 G4             
1 37210U 10057A   23249.50251258 -.00000124  00000+0  00000+0 0  9990
2 37210   1.1807  60.9771 0006230 153.9766 111.1935  1.00271466 47111
BEIDOU-2 IGSO-2         
1 37256U 10068A   23248.49396161 -.00000185  00000+0  00000+0 0  9999
2 37256  49.4053 284.2894 0032599 212.0026 133.8921  1.00283639 46603
BEIDOU-2 IGSO-3         
1 37384U 11013A   23249.37009854 -.00000170  00000+0  00000+0 0  9994
2 37384  60.9436  49.8730 0027874 174.1193   2.5117  1.00281317 45480
GSAT-8                  
1 37605U 11022A   23249.50250076  .00000073  00000+0  00000+0 0  9990
2 37605   0.0213 124.1329 0005233 125.1193 332.0343  1.00271572 43040
NAVSTAR 66 (USA 232)    
1 37753U 11036A   23249.28133927 -.00000104  00000+0  00000+0 0  9995
2 37753  56.7442  11.3920 0127075  56.3298 341.2696  2.00568565 88921
BEIDOU-2 IGSO-4         
1 37763U 11038A   23248.86248517 -.00000120  00000+0  00000+0 0  9991
2 37763  54.5107 174.7002 0112162 228.1448 347.9115  1.00273794 44464
GSAT0101 (GALILEO-PFM)  
1 37846U 11060A   23249.05649831 -.00000107  00000+0  00000+0 0  9999
2 37846  57.1102   9.2528 0001596  76.5519 283.4688  1.70475901 73818
GSAT0102 (GALILEO-FM2)  
1 37847U 11060B   23249.56863657 -.00000107  00000+0  00000+0 0  9990
2 37847  57.1107   9.2390 0001173 341.9613  18.6392  1.70475338 73832
COSMOS 2476             
1 37867U 11064A   23249.19627461 -.00000013  00000+0  00000+0 0  9992
2 37867  64.7706 107.2703 0021220 232.4177 307.2450  2.13101764 92137
COSMOS 2477             
1 37868U 11064B   23248.49812836 -.00000011  00000+0  00000+0 0  9995
2 37868  64.7774 107.3635 0018436 232.8420 309.1123  2.13101649 92116
COSMOS 2475             
1 37869U 11064C   23248.73226236 -.00000012  00000+0  00000+0 0  9997
2 37869  64.7847 107.3679 0022602 251.0256  69.0274  2.13102026 92126
BEIDOU-2 IGSO-5         
1 37948U 11073A   23249.57976450 -.00000132  00000+0  00000+0 0  9991
2 37948  49.5287 283.9441 0095231 220.2679 145.9051  1.00272248 42969
LUCH-5A                 
1 37951U 11074B   23249.58135306 -.00000058  00000+0  00000+0 0  9991
2 37951   6.1486  89.6556 0004725  64.9012 207.2329  1.00275061 42879
BEIDOU-2 G5             
1 38091U 12008A   23249.59572873  .00000045  00000+0  00000+0 0  9995
2 38091   1.7148  68.4707 0003342 172.6947  17.3818  1.00273638 42198
BEIDOU-2 M3             
1 38250U 12018A   23249.34620389 -.00000117  00000+0  00000+0 0  9993
2 38250  56.5100 338.8087 0023492 255.4675 104.3100  1.86231138 77048
BEIDOU-2 M4             
1 38251U 12018B   23247.66677430 -.00000111  00000+0  00000+0 0  9990
2 38251  56.4215 338.1574 0014303 254.9992 104.8830  1.86231792 77014
SES-5                   
1 38652U 12036A   23249.27750647  .00000022  00000+0  00000+0 0  9996
2 38652   0.0508 311.6634 0002073 222.7205 275.5971  1.00272042 34310
BEIDOU-2 M6             
1 38775U 12050B   23248.98757379 -.00000033  00000+0  00000+0 0  9997
2 38775  55.6919  96.7115 0011634 339.8997  20.1281  1.86231277 74405
GSAT-10                 
1 38779U 12051B   23249.56909000 -.00000176  00000+0  00000+0 0  9995
2 38779   0.0550 272.7347 0001972 338.8261  21.7144  1.00271092 39944
NAVSTAR 67 (USA 239)    
1 38833U 12053A   23249.21154158  .00000003  00000+0  00000+0 0  9994
2 38833  53.5129 185.1163 0142103  51.9732 309.2925  2.00567212 79084
GSAT0103 (GALILEO-FM3)  
1 38857U 12055A   23249.09567318 -.00000024  00000+0  00000+0 0  9998
2 38857  55.2824 129.4445 0002775 265.7158  94.3282  1.70473717 67708
GSAT0104 (GALILEO-FM4)  
1 38858U 12055B   23248.47854824 -.00000021  00000+0  00000+0 0  9998
2 38858  55.2825 129.4631 0000269 206.4453 153.6310  1.70473948 67698
BEIDOU-2 G6             
1 38953U 12059A   23249.56906604 -.00000186  00000+0  00000+0 0  9995
2 38953   1.8310  81.9434 0007046 311.2882 240.9962  1.00268853 39731
LUCH-5B                 
1 38977U 12061A   23249.27324236 -.00000147  00000+0  00000+0 0  9994
2 38977   8.2595  59.1075 0005862 111.3758 256.6820  1.00273791 39448
COSMOS 2485             
1 39155U 13019A   23248.43481999 -.00000011  00000+0  00000+0 0  9994
2 39155  64.9304 107.8200 0021734 228.3875 131.5056  2.13101956 80637
NAVSTAR 68 (USA 242)    
1 39166U 13023A   23249.07380831 -.00000067  00000+0  00000+0 0  9996
2 39166  55.3553 310.0476 0114244  41.7160 319.2098  2.00564272 75528
IRNSS-1A                
1 39199U 13034A   23245.63265355  .00000075  00000+0  00000+0 0  9993
2 39199  33.4191  78.7162 0020121 176.4036   9.3029  1.00279052 37153
NAVSTAR 69 (USA 248)    
1 39533U 14008A   23249.07243236  .00000013  00000+0  00000+0 0  9995
2 39533  53.6001 190.6798 0067223 215.7466 143.7902  2.00551776 69320
ASTRA 5B                
1 39617U 14011B   23249.28116142  .00000126  00000+0  00000+0 0  9995
2 39617   0.0915 298.2036 0003601 256.3414 275.2805  1.00274866 34491
COSMOS 2492             
1 39620U 14012A   23249.32879413 -.00000097  00000+0  00000+0 0  9990
2 39620  65.7674 348.2026 0011361 316.3867  43.5538  2.13103141 73619
IRNSS-1B                
1 39635U 14017A   23248.77568730  .00000111  00000+0  00000+0 0  9992
2 39635  28.7028 257.6412 0019782 192.2865 228.9930  1.00275057 34616
LUCH-5V                 
1 39727U 14023A   23249.57844219 -.00000281  00000+0  00000+0 0  9998
2 39727   2.5792  77.2789 0003618 133.7047  77.3905  1.00270437 34189
NAVSTAR 70 (USA 251)    
1 39741U 14026A   23249.35400112 -.00000105  00000+0  00000+0 0  9998
2 39741  56.6968  10.9115 0029054 310.8578  48.8988  2.00557031 68186
COSMOS 2500             
1 40001U 14032A   23248.10429652 -.00000091  00000+0  00000+0 0  9992
2 40001  65.7059 348.0710 0008024 198.0697 161.9331  2.13105883 71807
NAVSTAR 71 (USA 256)    
1 40105U 14045A   23248.93911944 -.00000034  00000+0  00000+0 0  9999
2 40105  54.8130 129.0081 0024903 113.1909 247.1427  2.00577816 65718
GSAT0201 (GALILEO 5)    
1 40128U 14050A   23249.49895939 -.00000092  00000+0  00000+0 0  9991
2 40128  49.9331 314.4807 1608803 140.4617 232.4702  1.85519218 59499
GSAT0202 (GALILEO 6)    
1 40129U 14050B   23248.68035222 -.00000092  00000+0  00000+0 0  9993
2 40129  49.9530 313.5850 1606769 141.2391 231.4765  1.85519849 61644
IRNSS-1C                
1 40269U 14061A   23249.50807021 -.00000174  00000+0  00000+0 0  9997
2 40269   3.9678 112.6449 0020041  17.7241 120.8843  1.00270392 32513
NAVSTAR 72 (USA 258)    
1 40294U 14068A   23248.81784554 -.00000039  00000+0  00000+0 0  9990
2 40294  56.1787  70.4018 0049122  61.9358 298.6025  2.00571890 64841
COSMOS 2501             
1 40315U 14075A   23249.29271905  .00000066  00000+0  00000+0 0  9995
2 40315  63.6404 225.5913 0019975 211.3441 148.5284  2.13101337 68223
NAVSTAR 73 (USA 260)    
1 40534U 15013A   23248.95391502  .00000045  00000+0  00000+0 0  9996
2 40534  53.4642 246.2226 0080433  25.2908 335.1054  2.00554618 61469
GSAT0203 (GALILEO 7)    
1 40544U 15017A   23248.83595987 -.00000107  00000+0  00000+0 0  9991
2 40544  56.9051   9.2315 0003176 225.9715 134.0054  1.70476215 51896
GSAT0204 (GALILEO 8)    
1 40545U 15017B   23247.91642251 -.00000105  00000+0  00000+0 0  9995
2 40545  56.9112   9.2708 0003472 207.9226 152.0612  1.70475680 52545
IRNSS-1D                
1 40547U 15018A   23245.95396405 -.00000287  00000+0  00000+0 0  9998
2 40547  28.0777 257.6583 0020041 192.2399 347.2610  1.00273097 30770
BEIDOU-3S IGSO-1S       
1 40549U 15019A   23249.57530553 -.00000161  00000+0  00000+0 0  9998
2 40549  51.0942 307.5446 0041057 195.9566 142.6173  1.00255849 30890
NAVSTAR 74 (USA 262)    
1 40730U 15033A   23249.11561328 -.00000065  00000+0  00000+0 0  9993
2 40730  54.8438 308.6590 0085248  13.9541 346.3409  2.00555165 59630
BEIDOU-3S M2S           
1 40748U 15037A   23248.40646514 -.00000114  00000+0  00000+0 0  9993
2 40748  55.6615 336.7316 0011286 241.0085 118.9193  1.86233124 55204
BEIDOU-3S M1S           
1 40749U 15037B   23249.21351609 -.00000116  00000+0  00000+0 0  9994
2 40749  55.6641 336.6905 0003203 300.5852  59.4233  1.86232894 55229
GSAT0205 (GALILEO 9)    
1 40889U 15045A   23248.85752093  .00000039  00000+0  00000+0 0  9992
2 40889  55.3634 249.6539 0003529 358.2124   1.7911  1.70473426 49702
GSAT0206 (GALILEO 10)   
1 40890U 15045B   23247.31844457  .00000034  00000+0  00000+0 0  9995
2 40890  55.3631 249.6919 0002361 323.6055  36.3796  1.70473376 49704
BEIDOU-3S IGSO-2S       
1 40938U 15053A   23248.65759605 -.00000109  00000+0  00000+0 0  9999
2 40938  50.8066 270.7272 0048170 194.1918 212.3719  1.00282980 29175
NAVSTAR 75 (USA 265)    
1 41019U 15062A   23248.66964654 -.00000039  00000+0  00000+0 0  9995
2 41019  56.1623  70.2577 0089155 221.0079 138.3599  2.00562295 57468
GSAT-15                 
1 41028U 15065A   23249.57958005 -.00000270  00000+0  00000+0 0  9999
2 41028   0.0567 274.9809 0001911 235.2984 137.2738  1.00272943 28626
GSAT0209 (GALILEO 12)   
1 41174U 15079A   23247.49020007 -.00000015  00000+0  00000+0 0  9994
2 41174  55.2996 129.1956 0003106 330.4649  29.5994  1.70473946 48020
GSAT0208 (GALILEO 11)   
1 41175U 15079B   23248.29637868 -.00000020  00000+0  00000+0 0  9999
2 41175  55.2983 129.1716 0002680 327.3126  32.7495  1.70473937 48035
IRNSS-1E                
1 41241U 16003A   23249.57359934 -.00000308  00000+0  00000+0 0  9997
2 41241  30.9811  77.7609 0020354 175.9339  50.0793  1.00275337 27903
NAVSTAR 76 (USA 266)    
1 41328U 16007A   23248.76157790 -.00000032  00000+0  00000+0 0  9997
2 41328  55.0170 129.7937 0071390 233.8705 125.5372  2.00575514 55479
COSMOS 2514             
1 41330U 16008A   23249.27405360 -.00000097  00000+0  00000+0 0  9998
2 41330  65.5028 347.6126 0011762 207.3397 152.6294  2.13102583 58991
IRNSS-1F                
1 41384U 16015A   23249.49788856  .00000147  00000+0  00000+0 0  9998
2 41384   2.9374 129.7276 0018465 176.9988 250.0263  1.00270371 27494
BEIDOU-2 IGSO-6         
1 41434U 16021A   23248.89451564 -.00000152  00000+0  00000+0 0  9994
2 41434  58.7570  48.2475 0047124 217.8930 137.0614  1.00282741 27295
IRNSS-1G                
1 41469U 16027A   23249.59908955 -.00000347  00000+0  00000+0 0  9993
2 41469   2.8277 131.3889 0002730 352.8454 206.2620  1.00278007 27000
GSAT0211 (GALILEO 14)   
1 41549U 16030A   23247.24412218  .00000034  00000+0  00000+0 0  9990
2 41549  55.5104 249.6742 0003952 307.8252  52.1401  1.70473483 45330
GSAT0210 (GALILEO 13)   
1 41550U 16030B   23248.70882852  .00000039  00000+0  00000+0 0  9994
2 41550  55.5090 249.6351 0004212 275.0252  84.9311  1.70473596 45358
COSMOS 2516             
1 41554U 16032A   23247.51170507  .00000060  00000+0  00000+0 0  9999
2 41554  63.8671 226.0542 0015487 214.6526 145.2336  2.13106404 56561
BEIDOU-2 G7             
1 41586U 16037A   23249.58964950 -.00000366  00000+0  00000+0 0  9991
2 41586   1.8758  68.4791 0006811 344.7887 254.9737  1.00270050 26614
EUTELSAT 117 WEST B     
1 41589U 16038B   23249.53934432 -.00000023  00000+0  00000+0 0  9992
2 41589   0.0232  22.7741 0000197  81.3054 318.4530  1.00271284 26486
GSAT0207 (GALILEO 15)   
1 41859U 16069A   23248.95720124 -.00000024  00000+0  00000+0 0  9993
2 41859  54.9630 129.2268 0002969 308.8215  51.2282  1.70473919 42095
GSAT0212 (GALILEO 16)   
1 41860U 16069B   23248.22529093 -.00000020  00000+0  00000+0 0  9993
2 41860  54.9600 129.2439 0002288   0.6676 359.4114  1.70474068 42336
GSAT0213 (GALILEO 17)   
1 41861U 16069C   23249.17793981 -.00000025  00000+0  00000+0 0  9993
2 41861  54.9627 129.2235 0002630 277.1924  82.8532  1.70472902 42211
GSAT0214 (GALILEO 18)   
1 41862U 16069D   23248.15201428 -.00000020  00000+0  00000+0 0  9996
2 41862  54.9609 129.2458 0001807 287.3467  72.7124  1.70472640 42325
SES-15                  
1 42709U 17026A   23249.54552128  .00000049  00000+0  00000+0 0  9991
2 42709   0.0261  44.8062 0000335 153.8463 213.9407  1.00269030 23965
QZS-2 (MICHIBIKI-2)     
1 42738U 17028A   23247.87567319 -.00000151  00000+0  00000+0 0  9992
2 42738  41.0437 257.8584 0752031 270.0959 272.1651  1.00264871 22955
QZS-3 (MICHIBIKI-3)     
1 42917U 17048A   23249.59839767 -.00000360  00000+0  00000+0 0  9995
2 42917   0.0594 201.4061 0002207 350.7010 135.7951  1.00271236 22089
COSMOS 2522             
1 42939U 17055A   23249.11581704  .00000067  00000+0  00000+0 0  9993
2 42939  64.1009 226.5244 0009795 243.3629 116.5288  2.13101972 46347
QZS-4 (MICHIBIKI-4)     
1 42965U 17062A   23247.62202146 -.00000352  00000+0  00000+0 0  9992
2 42965  40.6357 356.4420 0748041 269.2775  81.1294  1.00280539 21612
BEIDOU-3 M1             
1 43001U 17069A   23248.21696630 -.00000031  00000+0  00000+0 0  9996
2 43001  55.8428  96.7959 0007781 302.3522  57.6473  1.86231603 39685
BEIDOU-3 M2             
1 43002U 17069B   23249.22759639 -.00000033  00000+0  00000+0 0  9990
2 43002  55.8427  96.7986 0006255 334.4497  25.5928  1.86231187 39694
GSAT0215 (GALILEO 19)   
1 43055U 17079A   23249.22726105  .00000041  00000+0  00000+0 0  9999
2 43055  55.4859 249.4456 0003731 269.0299  90.9330  1.70474132 35685
GSAT0216 (GALILEO 20)   
1 43056U 17079B   23246.58625198  .00000032  00000+0  00000+0 0  9996
2 43056  55.4873 249.5184 0005310 274.6738  85.2661  1.70474233 35659
GSAT0217 (GALILEO 21)   
1 43057U 17079C   23249.15295128  .00000041  00000+0  00000+0 0  9999
2 43057  55.4843 249.4465 0004652 286.2745  73.6798  1.70474220 35684
GSAT0218 (GALILEO 22)   
1 43058U 17079D   23249.37300422  .00000041  00000+0  00000+0 0  9998
2 43058  55.4844 249.4380 0005753 271.9733  87.9669  1.70474206 35716
BEIDOU-3 M7             
1 43107U 18003A   23248.44145571 -.00000115  00000+0  00000+0 0  9993
2 43107  55.1177 337.4465 0003504  78.5457 281.5332  1.86232460 38437
BEIDOU-3 M8             
1 43108U 18003B   23248.37956737 -.00000115  00000+0  00000+0 0  9990
2 43108  55.1107 337.4356 0004004 242.8603 117.1387  1.86230905 38442
BEIDOU-3 M4             
1 43207U 18018A   23248.82192914 -.00000033  00000+0  00000+0 0  9994
2 43207  55.8019  96.8745 0004962  14.1279 345.9599  1.86231558 37834
BEIDOU-3 M3             
1 43208U 18018B   23248.88858282 -.00000033  00000+0  00000+0 0  9998
2 43208  55.8015  96.8767 0005808 320.3593  39.6720  1.86231456 37836
BEIDOU-3 M9             
1 43245U 18029A   23248.57445410 -.00000114  00000+0  00000+0 0  9992
2 43245  55.0116 335.1751 0001457 215.2378 144.7946  1.86232621 36980
BEIDOU-3 M10            
1 43246U 18029B   23246.89363951 -.00000107  00000+0  00000+0 0  9997
2 43246  55.0102 335.2620 0002696 356.7792   3.2632  1.86232871 36932
IRNSS-1I                
1 43286U 18035A   23249.14410338  .00000075  00000+0  00000+0 0  9994
2 43286  29.2547  90.1604 0019611 176.0397 185.7108  1.00272641 19907
COSMOS 2527             
1 43508U 18053A   23247.66676946 -.00000006  00000+0  00000+0 0  9990
2 43508  65.0915 107.9387 0007348 219.4359 140.5926  2.13102420 40611
BEIDOU-2 IGSO-7         
1 43539U 18057A   23248.77182251 -.00000148  00000+0  00000+0 0  9999
2 43539  55.1208 171.8466 0064522 231.2324 332.7459  1.00283260 18965
GSAT0221 (GALILEO 25)   
1 43564U 18060A   23248.68616472 -.00000106  00000+0  00000+0 0  9992
2 43564  57.2856   9.1641 0002793 253.2065 106.7658  1.70476096 31852
GSAT0222 (GALILEO 26)   
1 43565U 18060B   23248.31766755 -.00000105  00000+0  00000+0 0  9992
2 43565  57.2891   9.1752 0003396 210.7100 149.2728  1.70475838 31890
GSAT0219 (GALILEO 23)   
1 43566U 18060C   23249.12658164 -.00000107  00000+0  00000+0 0  9999
2 43566  57.2884   9.1554 0001838 255.0526 104.9301  1.70476098 31889
GSAT0220 (GALILEO 24)   
1 43567U 18060D   23248.76041858 -.00000106  00000+0  00000+0 0  9994
2 43567  57.2879   9.1649 0002289 249.1681 110.8103  1.70475983 31862
BEIDOU-3 M5             
1 43581U 18062A   23249.26169610  .00000046  00000+0  00000+0 0  9997
2 43581  54.1781 216.8463 0005262 280.1701  79.7449  1.86231927 34739
BEIDOU-3 M6             
1 43582U 18062B   23248.59068036  .00000048  00000+0  00000+0 0  9995
2 43582  54.1779 216.8587 0004977 355.0860   4.8818  1.86229715 34724
BEIDOU-3 M12            
1 43602U 18067A   23249.06391656  .00000046  00000+0  00000+0 0  9991
2 43602  54.2651 215.4984 0006990  12.2976 347.6929  1.86231513 34214
BEIDOU-3 M11            
1 43603U 18067B   23249.19774115  .00000045  00000+0  00000+0 0  9990
2 43603  54.2620 215.4595 0004111 356.6404   3.3306  1.86231491 34246
BEIDOU-3 M13            
1 43622U 18072A   23247.00881806 -.00000023  00000+0  00000+0 0  9998
2 43622  55.7699  96.4758 0004547 299.6749  60.3589  1.86231590 33715
BEIDOU-3 M14            
1 43623U 18072B   23248.48512151 -.00000032  00000+0  00000+0 0  9996
2 43623  55.7729  96.4191 0003097 347.9212  12.1454  1.86231613 33736
BEIDOU-3 M16            
1 43647U 18078A   23247.57362431 -.00000110  00000+0  00000+0 0  9998
2 43647  54.9087 335.3325 0005936   9.8001 350.2546  1.86227234 33224
BEIDOU-3 M15            
1 43648U 18078B   23249.31508006 -.00000115  00000+0  00000+0 0  9998
2 43648  54.9030 335.2763 0002805  22.8395 337.2141  1.86232273 33271
BEIDOU-3 G1             
1 43683U 18085A   23249.54632762 -.00000292  00000+0  00000+0 0  9993
2 43683   1.5188 124.2201 0002494   0.2146 197.5620  1.00266778 17884
COSMOS 2529             
1 43687U 18086A   23248.70454425  .00000067  00000+0  00000+0 0  9992
2 43687  64.3163 226.9744 0011450 262.2929  97.5684  2.13102057 37640
BEIDOU-3 M17            
1 43706U 18093A   23248.92615524  .00000048  00000+0  00000+0 0  9994
2 43706  54.2605 216.7751 0010359 279.8503  80.0063  1.86231978 32631
BEIDOU-3 M18            
1 43707U 18093B   23248.25517599  .00000048  00000+0  00000+0 0  9994
2 43707  54.2614 216.7896 0008539 304.5382  55.3527  1.86229779 32614
NAVSTAR 77 (USA 289)    
1 43873U 18109A   23249.14111295 -.00000035  00000+0  00000+0 0  9995
2 43873  55.1932 132.2939 0025637 191.0831 338.3351  2.00568945 34717
BEIDOU-3 IGSO-1         
1 44204U 19023A   23248.85388034 -.00000208  00000+0  00000+0 0  9996
2 44204  57.2232  48.2248 0023445 194.1204 169.4974  1.00282073 16183
BEIDOU-2 G8             
1 44231U 19027A   23249.56857904 -.00000259  00000+0  00000+0 0  9992
2 44231   1.9613  81.1320 0006536 130.9924 122.5039  1.00271175 15900
COSMOS 2534             
1 44299U 19030A   23249.13626201  .00000068  00000+0  00000+0 0  9994
2 44299  64.3889 226.8862 0013590 281.1428 184.2006  2.13101953 33299
BEIDOU-3 IGSO-2         
1 44337U 19035A   23248.72596434 -.00000152  00000+0  00000+0 0  9995
2 44337  55.1535 167.7803 0033081 197.1678   0.7227  1.00274246 15485
NAVSTAR 78 (USA 293)    
1 44506U 19056A   23249.29760872 -.00000106  00000+0  00000+0 0  9997
2 44506  55.8217  11.3627 0036984 185.2261 356.7862  2.00565654 29713
BEIDOU-3 M24            
1 44542U 19061A   23248.86383501  .00000048  00000+0  00000+0 0  9999
2 44542  54.4878 217.0077 0008393 339.1367  20.8026  1.86231473 26883
BEIDOU-3 M23            
1 44543U 19061B   23249.26161340  .00000047  00000+0  00000+0 0  9999
2 44543  54.4862 216.9631 0005874 322.1712 216.3529  1.86231811 26895
BEIDOU-3 IGSO-3         
1 44709U 19073A   23248.52092745 -.00000172  00000+0  00000+0 0  9996
2 44709  56.5320 291.7398 0035188 189.9357 170.0758  1.00281839 14277
BEIDOU-3 M22            
1 44793U 19078A   23249.24614385 -.00000116  00000+0  00000+0 0  9992
2 44793  54.7558 335.2418 0004800  18.6055 341.4533  1.86232242 25747
BEIDOU-3 M21            
1 44794U 19078B   23248.30281099 -.00000113  00000+0  00000+0 0  9998
2 44794  54.7303 335.2566 0002761   9.8975 350.1500  1.86232650 25730
COSMOS 2544             
1 44850U 19088A   23249.01827421 -.00000012  00000+0  00000+0 0  9994
2 44850  65.0780 107.7361 0011357 252.2068 107.7479  2.13102219 29081
BEIDOU-3 M19            
1 44864U 19090A   23246.93004080 -.00000022  00000+0  00000+0 0  9999
2 44864  55.7043  96.6649 0015462 276.0152  77.4497  1.86231756 25287
BEIDOU-3 M20            
1 44865U 19090B   23249.22561427 -.00000033  00000+0  00000+0 0  9990
2 44865  55.7079  96.6205 0013332 291.4357 250.8874  1.86231812 25310
BEIDOU-3 G2             
1 45344U 20017A   23249.50746105 -.00000152  00000+0  00000+0 0  9995
2 45344   2.0492  16.3128 0003183 158.9277  72.8045  1.00272822 13086
COSMOS 2545             
1 45358U 20018A   23248.27652810 -.00000093  00000+0  00000+0 0  9997
2 45358  64.8434 347.8907 0009932 237.1392 122.7966  2.13102522 27015
BEIDOU-3 G3             
1 45807U 20040A   23249.58964986 -.00000365  00000+0  00000+0 0  9998
2 45807   0.6137 344.1806 0005896 331.0650 352.9965  1.00274848 11897
NAVSTAR 79 (USA 304)    
1 45854U 20041A   23249.37497181 -.00000039  00000+0  00000+0 0  9994
2 45854  55.8849  68.6419 0036124 186.0782 355.1675  2.00563565 23682
GALAXY 30 (G-30)        
1 46114U 20056C   23249.53415149  .00000025  00000+0  00000+0 0  9996
2 46114   0.0187 129.4991 0002368  51.5891 231.5522  1.00272650 11237
COSMOS 2547             
1 46805U 20075A   23248.93477212  .00000068  00000+0  00000+0 0  9993
2 46805  64.6162 226.4496 0008556 244.0365 115.8671  2.13102898 22277
NAVSTAR 80 (USA 309)    
1 46826U 20078A   23249.40905267  .00000045  00000+0  00000+0 0  9993
2 46826  54.3113 251.9791 0036032 194.7166 346.6238  2.00562758 21153
NAVSTAR 81 (USA 319)    
1 48859U 21054A   23249.39817007 -.00000105  00000+0  00000+0 0  9996
2 48859  55.3393  13.1436 0012258 211.3629 144.5018  2.00573576 16391
QZS-1R                  
1 49336U 21096A   23223.77030010 -.00000338  00000+0  00000+0 0  9996
2 49336  35.3027  95.2768 0759716 272.3783 359.4413  1.00237636  6587
GSAT0223 (GALILEO 27)   
1 49809U 21116A   23249.19614032 -.00000107  00000+0  00000+0 0  9994
2 49809  57.2798   9.0491 0003359 178.8993 178.7694  1.70476142 10878
GSAT0224 (GALILEO 28)   
1 49810U 21116B   23248.95957543 -.00000107  00000+0  00000+0 0  9996
2 49810  57.2805   9.0536 0002820 170.5434 154.4219  1.70476124 10896
COSMOS 2557             
1 52984U 22075A   23248.15880869 -.00000093  00000+0  00000+0 0  9999
2 52984  64.7600 350.0538 0011834 275.6108  84.2831  2.13102272  9064
COSMOS 2559             
1 54031U 22130A   23248.57004710 -.00000095  00000+0  00000+0 0  9997
2 54031  64.7311 350.1671 0007115 216.8556 143.1239  2.13101494  7046
COSMOS 2564             
1 54377U 22161A   23249.23244779  .00000068  00000+0  00000+0 0  9998
2 54377  64.7570 226.4930 0010883 226.4210 133.4813  2.13102136  6008
NAVSTAR 82 (USA 343)    
1 55268U 23009A   23248.59464368  .00000017  00000+0  00000+0 0  9990
2 55268  55.0900 188.3646 0004344  91.2160  85.7710  2.00555625  4874
BEIDOU-3 G4             
1 56564U 23066A   23249.59426928 -.00000123  00000+0  00000+0 0  9993
2 56564   2.8391 288.7880 0006813 213.4550 217.0879  1.00273043  1229
IRNSS-1J (NVS-01)       
1 56759U 23076A   23249.59868980 -.00000348  00000+0  00000+0 0  9997
2 56759   4.7340 272.0178 0006027 335.4217  82.9995  1.00272985   948
