NAVSTAR 43 (USA 132)    
1 24876U 97035A   23273.02407585  .00000045  00000+0  00000+0 0  9996
2 24876  55.5932 137.3408 0073635  52.9018 307.8705  2.00564193192072
NAVSTAR 47 (USA 150)    
1 26360U 00025A   23273.20467373 -.00000048  00000+0  00000+0 0  9994
2 26360  54.4551  59.5436 0041713 200.6223  20.1029  2.00568883171391
NAVSTAR 51 (USA 166)    
1 27663U 03005A   23272.67417685 -.00000005  00000+0  00000+0 0  9996
2 27663  55.2336 254.4019 0132719  44.8020 132.1726  2.00564475151424
NAVSTAR 52 (USA 168)    
1 27704U 03010A   23273.19478521 -.00000103  00000+0  00000+0 0  9991
2 27704  55.1154   4.3278 0249452 319.3352  92.7154  2.00576051150234
NAVSTAR 54 (USA 177)    
1 28190U 04009A   23273.25096694 -.00000055  00000+0  00000+0 0  9990
2 28190  55.6704 315.4387 0092604 139.8639 250.0513  2.00566434143071
NAVSTAR 56 (USA 180)    
1 28474U 04045A   23272.59031934 -.00000101  00000+0  00000+0 0  9999
2 28474  55.4427   4.6823 0162748 282.9960  44.5927  2.00555481138532
ANIK F1R                
1 28868U 05036A   23273.53488253 -.00000085  00000+0  00000+0 0  9993
2 28868   1.7554  88.6817 0002340  56.6334 308.9550  1.00271945 66225
NAVSTAR 57 (USA 183)    
1 28874U 05038A   23273.24798587 -.00000051  00000+0  00000+0 0  9997
2 28874  55.7212 312.8915 0140118 279.9433 130.0581  2.00573635131963
INMARSAT 4-F2           
1 28899U 05044A   23273.07945118  .00000000  00000+0  00000+0 0  9999
2 28899   3.8826  40.8531 0003000 161.9955 258.2473  1.00271214 65588
NAVSTAR 58 (USA 190)    
1 29486U 06042A   23272.48393042  .00000005  00000+0  00000+0 0  9993
2 29486  54.6821 190.6594 0103690  32.9456  86.6211  2.00568290124507
NAVSTAR 59 (USA 192)    
1 29601U 06052A   23273.23765737 -.00000004  00000+0  00000+0 0  9991
2 29601  55.2549 253.3404 0083589  79.4651 281.4504  2.00550875123536
NAVSTAR 60 (USA 196)    
1 32260U 07047A   23273.05354339  .00000039  00000+0  00000+0 0  9990
2 32260  53.4766 121.0744 0152241  71.2922 290.4480  2.00550179116939
COSMOS 2433             
1 32275U 07052A   23273.31098801 -.00000072  00000+0  00000+0 0  9998
2 32275  66.0146 349.0723 0004540 229.9768 130.0421  2.13104015123989
COSMOS 2432             
1 32276U 07052B   23273.38678017 -.00000073  00000+0  00000+0 0  9990
2 32276  66.0290 349.1789 0008979 314.4705  50.6730  2.13103136123987
NAVSTAR 61 (USA 199)    
1 32384U 07062A   23272.37733826 -.00000045  00000+0  00000+0 0  9998
2 32384  55.8545 313.7510 0024629 151.7340 210.8988  2.00559923115624
COSMOS 2434             
1 32393U 07065A   23272.74840068  .00000006  00000+0  00000+0 0  9995
2 32393  64.3348 225.4424 0000999  68.2398 111.4385  2.13103003122647
COSMOS 2436             
1 32395U 07065C   23273.51652091  .00000011  00000+0  00000+0 0  9996
2 32395  64.3433 225.4782 0016036 355.4985 188.9456  2.13102677122625
NAVSTAR 62 (USA 201)    
1 32711U 08012A   23272.96683858  .00000009  00000+0  00000+0 0  9991
2 32711  54.4498 189.4654 0177668 236.0094 122.3161  2.00557952113877
NAVSTAR 64 (USA 206)    
1 35752U 09043A   23273.23255859 -.00000032  00000+0  00000+0 0  9998
2 35752  55.4565  66.6833 0057973  69.7469 138.6971  2.00556400103481
COSMOS 2456             
1 36111U 09070A   23273.01577145  .00000050  00000+0  00000+0 0  9998
2 36111  64.5012 104.9242 0001528 340.3570 203.2483  2.13099119107300
COSMOS 2457             
1 36112U 09070B   23272.38823515  .00000058  00000+0  00000+0 0  9991
2 36112  64.4847 104.8105 0006327 146.6747  46.4951  2.13101287107293
COSMOS 2460             
1 36402U 10007C   23273.18643965 -.00000071  00000+0  00000+0 0  9999
2 36402  65.8765 347.7875 0001752 212.4597 221.7573  2.13106177105618
NAVSTAR 65 (USA 213)    
1 36585U 10022A   23272.34032984 -.00000006  00000+0  00000+0 0  9996
2 36585  54.5552 248.5768 0110089  59.6825 341.6389  2.00563159 97707
BEIDOU-2 IGSO-1         
1 36828U 10036A   23272.77722013 -.00000125  00000+0  00000+0 0  9999
2 36828  54.2343 171.9425 0036760 187.5819  33.4426  1.00245818 48261
QZS-1 (MICHIBIKI-1)     
1 37158U 10045A   23273.53912887  .00000019  00000+0  00000+0 0  9992
2 37158  42.9048 127.3727 0003316 108.5541  84.5740  0.87715198 47712
BEIDOU-2 G4             
1 37210U 10057A   23273.48255271 -.00000123  00000+0  00000+0 0  9992
2 37210   1.2340  62.0247 0006969 159.1990 121.4449  1.00272348 47351
BEIDOU-2 IGSO-2         
1 37256U 10068A   23272.96229826 -.00000196  00000+0  00000+0 0  9993
2 37256  49.3632 283.9933 0032325 213.4660 325.8777  1.00275328 46856
BEIDOU-2 IGSO-3         
1 37384U 11013A   23273.30357359 -.00000188  00000+0  00000+0 0  9999
2 37384  60.9786  49.6432 0028301 175.7622   0.9050  1.00274722 45733
GSAT-8                  
1 37605U 11022A   23273.42271521  .00000073  00000+0  00000+0 0  9996
2 37605   0.0130 178.6471 0006494  73.4471 324.0756  1.00272081 45300
NAVSTAR 66 (USA 232)    
1 37753U 11036A   23273.25655883 -.00000101  00000+0  00000+0 0  9996
2 37753  56.7469  10.4633 0126897  56.3745  12.8349  2.00568673 89409
BEIDOU-2 IGSO-4         
1 37763U 11038A   23272.70466365 -.00000089  00000+0  00000+0 0  9998
2 37763  54.5079 174.4880 0112039 227.7552 314.9929  1.00268522 44704
GSAT0101 (GALILEO-PFM)  
1 37846U 11060A   23271.93330523 -.00000101  00000+0  00000+0 0  9990
2 37846  57.1117   8.6344 0000827  70.3225 289.7067  1.70475736 74205
GSAT0102 (GALILEO-FM2)  
1 37847U 11060B   23271.94740137 -.00000101  00000+0  00000+0 0  9998
2 37847  57.1126   8.6339 0001562 310.9334 103.9673  1.70475154 74216
COSMOS 2476             
1 37867U 11064A   23273.15585741  .00000051  00000+0  00000+0 0  9990
2 37867  64.7806 106.4563 0021237 230.6959 329.9084  2.13101683 92649
COSMOS 2477             
1 37868U 11064B   23272.35706503  .00000061  00000+0  00000+0 0  9994
2 37868  64.7876 106.5532 0018434 230.8736 254.7998  2.13101555 92629
COSMOS 2475             
1 37869U 11064C   23271.08978862  .00000074  00000+0  00000+0 0  9997
2 37869  64.7941 106.6087 0022425 249.4705 302.5008  2.13101882 92601
BEIDOU-2 IGSO-5         
1 37948U 11073A   23272.61005671 -.00000144  00000+0  00000+0 0  9993
2 37948  49.4897 283.6668 0095144 220.8177 178.8025  1.00266447 43461
LUCH-5A                 
1 37951U 11074B   23273.54589481 -.00000055  00000+0  00000+0 0  9998
2 37951   6.2096  89.2410 0004397  88.1554 195.0989  1.00270084 43255
BEIDOU-2 G5             
1 38091U 12008A   23273.15006571  .00000047  00000+0  00000+0 0  9993
2 38091   1.7704  68.8229 0005100 176.3184 236.2432  1.00268726 42542
BEIDOU-2 M3             
1 38250U 12018A   23272.43534693 -.00000084  00000+0  00000+0 0  9994
2 38250  56.4972 338.0425 0024404 256.7004 103.0921  1.86231019 77478
BEIDOU-2 M4             
1 38251U 12018B   23272.36668082 -.00000083  00000+0  00000+0 0  9996
2 38251  56.4076 337.3361 0015282 256.9080 102.9865  1.86231727 77825
SES-5                   
1 38652U 12036A   23273.24215840  .00000021  00000+0  00000+0 0  9990
2 38652   0.0533 302.2486 0001952 248.5266 270.1175  1.00270321 34558
BEIDOU-2 M6             
1 38775U 12050B   23272.61345303  .00000029  00000+0  00000+0 0  9998
2 38775  55.7107  95.9195 0010973 340.2188  19.7951  1.86231149 75190
GSAT-10                 
1 38779U 12051B   23273.47468038 -.00000176  00000+0  00000+0 0  9993
2 38779   0.0129 144.3684 0002939 105.4460  13.0414  1.00270329 40350
NAVSTAR 67 (USA 239)    
1 38833U 12053A   23273.14279684  .00000013  00000+0  00000+0 0  9996
2 38833  53.5109 184.1386 0143696  52.4681 308.8651  2.00567578 79564
GSAT0103 (GALILEO-FM3)  
1 38857U 12055A   23271.97253833  .00000042  00000+0  00000+0 0  9993
2 38857  55.2916 128.8150 0002251 254.0979 105.9875  1.70473614 68093
GSAT0104 (GALILEO-FM4)  
1 38858U 12055B   23271.94195779  .00000042  00000+0  00000+0 0  9995
2 38858  55.2918 128.8174 0000791 147.1683 212.9469  1.70473870 68095
BEIDOU-2 G6             
1 38953U 12059A   23273.15205690 -.00000187  00000+0  00000+0 0  9995
2 38953   1.8906  81.8314 0006893 306.5297 119.0965  1.00271925 39973
LUCH-5B                 
1 38977U 12061A   23273.20680444 -.00000143  00000+0  00000+0 0  9996
2 38977   8.3126  58.9054 0005923 123.7292 244.2385  1.00271053 39685
COSMOS 2485             
1 39155U 13019A   23272.83635425  .00000056  00000+0  00000+0 0  9998
2 39155  64.9402 106.9962 0021801 226.6322 133.2568  2.13101818 81156
NAVSTAR 68 (USA 242)    
1 39166U 13023A   23272.50703127 -.00000041  00000+0  00000+0 0  9999
2 39166  55.3368 309.1066 0114735  41.6061 319.3238  2.00564128 75998
IRNSS-1A                
1 39199U 13034A   23272.03104965  .00000094  00000+0  00000+0 0  9997
2 39199  33.4816  78.3233 0020970 179.6474 175.7700  1.00273616 37418
NAVSTAR 69 (USA 248)    
1 39533U 14008A   23273.00544607  .00000008  00000+0  00000+0 0  9995
2 39533  53.5977 189.7056 0067116 215.6088 143.9662  2.00553056 69808
ASTRA 5B                
1 39617U 14011B   23273.21472351  .00000125  00000+0  00000+0 0  9991
2 39617   0.0762 305.6603 0004007 264.8632 258.9730  1.00272345 34733
COSMOS 2492             
1 39620U 14012A   23272.79184644 -.00000069  00000+0  00000+0 0  9991
2 39620  65.7601 347.4155 0012136 312.7405  47.2178  2.13103024 74119
IRNSS-1B                
1 39635U 14017A   23273.00929334  .00000082  00000+0  00000+0 0  9994
2 39635  28.6567 257.2340 0018970 190.9064 338.7090  1.00273489 34853
LUCH-5V                 
1 39727U 14023A   23273.52789294 -.00000279  00000+0  00000+0 0  9998
2 39727   2.6398  77.1676 0003822 148.1131  68.5350  1.00271456552573
NAVSTAR 70 (USA 251)    
1 39741U 14026A   23272.78833442 -.00000100  00000+0  00000+0 0  9992
2 39741  56.6989  10.0035 0029774 309.9439  49.8186  2.00555215 68650
COSMOS 2500             
1 40001U 14032A   23272.03628906 -.00000066  00000+0  00000+0 0  9996
2 40001  65.6985 347.2664 0008415 205.2211 154.7969  2.13105765 72313
NAVSTAR 71 (USA 256)    
1 40105U 14045A   23272.87140689  .00000046  00000+0  00000+0 0  9991
2 40105  54.8222 128.0513 0026774 114.0382 246.3399  2.00548604 66197
GSAT0201 (GALILEO 5)    
1 40128U 14050A   23273.21471211 -.00000072  00000+0  00000+0 0  9999
2 40128  49.9121 313.5312 1608005 141.3579 231.3339  1.85519205 59937
GSAT0202 (GALILEO 6)    
1 40129U 14050B   23271.85702861 -.00000058  00000+0  00000+0 0  9990
2 40129  49.9324 312.6576 1605980 142.1172 230.3623  1.85519869 62072
IRNSS-1C                
1 40269U 14061A   23273.08328019 -.00000171  00000+0  00000+0 0  9999
2 40269   4.0238 111.9237 0020064   5.4407   4.1901  1.00273420 32757
NAVSTAR 72 (USA 258)    
1 40294U 14068A   23272.74865505 -.00000021  00000+0  00000+0 0  9996
2 40294  56.2003  69.4644 0049129  62.5636 297.9444  2.00573349 65321
COSMOS 2501             
1 40315U 14075A   23272.28641724  .00000002  00000+0  00000+0 0  9990
2 40315  63.6379 224.7902 0019595 210.4405 149.4182  2.13101217 68719
NAVSTAR 73 (USA 260)    
1 40534U 15013A   23272.38806738 -.00000008  00000+0  00000+0 0  9992
2 40534  53.4537 245.2517 0081608  25.6960 334.6738  2.00553041 61935
GSAT0203 (GALILEO 7)    
1 40544U 15017A   23272.29929207 -.00000102  00000+0  00000+0 0  9999
2 40544  56.9059   8.5936 0003937 234.5687 125.4158  1.70476049 52293
GSAT0204 (GALILEO 8)    
1 40545U 15017B   23269.03348640 -.00000092  00000+0  00000+0 0  9992
2 40545  56.9128   8.6972 0004055 217.4748 142.5152  1.70475528 15285
IRNSS-1D                
1 40547U 15018A   23272.88253816 -.00000304  00000+0  00000+0 0  9998
2 40547  28.0231 257.2036 0019196 187.8819 352.7388  1.00276460 31041
BEIDOU-3S IGSO-1S       
1 40549U 15019A   23273.07827095 -.00000143  00000+0  00000+0 0  9990
2 40549  51.0531 307.2680 0041012 197.2431 343.9746  1.00250776 31132
NAVSTAR 74 (USA 262)    
1 40730U 15033A   23273.04852297 -.00000045  00000+0  00000+0 0  9998
2 40730  54.8242 307.6865 0086132  13.9468 346.3477  2.00553770 60118
BEIDOU-3S M2S           
1 40748U 15037A   23271.49528932 -.00000077  00000+0  00000+0 0  9999
2 40748  55.6478 335.9495 0012144 244.3468 115.5930  1.86233001 55638
BEIDOU-3S M1S           
1 40749U 15037B   23272.30237449 -.00000082  00000+0  00000+0 0  9997
2 40749  55.6504 335.9083 0004194 295.6157  64.4062  1.86232757 55659
GSAT0205 (GALILEO 9)    
1 40889U 15045A   23272.32092142  .00000002  00000+0  00000+0 0  9993
2 40889  55.3524 249.0059 0003967   2.6415 357.3198  1.70473060 50107
GSAT0206 (GALILEO 10)   
1 40890U 15045B   23273.12818486  .00000001  00000+0  00000+0 0  9990
2 40890  55.3501 248.9791 0002564 334.5321  25.4123  1.70473099 50147
BEIDOU-3S IGSO-2S       
1 40938U 15053A   23272.96785563 -.00000138  00000+0  00000+0 0  9994
2 40938  50.7710 270.4454 0047815 194.6889 348.3129  1.00277078 29410
NAVSTAR 75 (USA 265)    
1 41019U 15062A   23272.60168258 -.00000020  00000+0  00000+0 0  9992
2 41019  56.1834  69.3206 0090234 221.1751 138.1521  2.00562168 57943
GSAT-15                 
1 41028U 15065A   23273.08519468 -.00000270  00000+0  00000+0 0  9998
2 41028   0.0170 157.7530 0002164  23.9404 311.0473  1.00269336 28861
GSAT0209 (GALILEO 12)   
1 41174U 15079A   23272.71334515  .00000039  00000+0  00000+0 0  9994
2 41174  55.3098 128.5018 0002404 339.5929  20.5060  1.70473961 47871
GSAT0208 (GALILEO 11)   
1 41175U 15079B   23272.93298236  .00000038  00000+0  00000+0 0  9997
2 41175  55.3080 128.4938 0001897   0.3827 359.7251  1.70473963 48296
IRNSS-1E                
1 41241U 16003A   23272.88268361 -.00000286  00000+0  00000+0 0  9995
2 41241  31.0364  77.4084 0020614 179.3289 181.1452  1.00279729 28147
NAVSTAR 76 (USA 266)    
1 41328U 16007A   23272.19346491  .00000051  00000+0  00000+0 0  9999
2 41328  55.0253 128.8625 0071752 233.6428 125.7911  2.00574468 55947
COSMOS 2514             
1 41330U 16008A   23273.20640312 -.00000070  00000+0  00000+0 0  9997
2 41330  65.4952 346.8020 0012277 211.8219 148.1649  2.13102540 59500
IRNSS-1F                
1 41384U 16015A   23273.23243868  .00000150  00000+0  00000+0 0  9990
2 41384   2.9852 128.5908 0019243 176.7809 179.5285  1.00280988 27729
BEIDOU-2 IGSO-6         
1 41434U 16021A   23272.72966806 -.00000165  00000+0  00000+0 0  9997
2 41434  58.7925  48.0076 0048066 218.3480 101.3517  1.00277543 27533
IRNSS-1G                
1 41469U 16027A   23272.94920684 -.00000344  00000+0  00000+0 0  9998
2 41469   2.8741 130.2207 0001547 351.3445 358.0689  1.00277667 27234
GSAT0211 (GALILEO 14)   
1 41549U 16030A   23272.46728551  .00000002  00000+0  00000+0 0  9997
2 41549  55.4979 248.9804 0004063 317.2240  42.7031  1.70473177 45767
GSAT0210 (GALILEO 13)   
1 41550U 16030B   23272.17219722  .00000003  00000+0  00000+0 0  9993
2 41550  55.4975 248.9897 0003998 281.1017  78.8132  1.70473371 45751
COSMOS 2516             
1 41554U 16032A   23270.03562920  .00000006  00000+0  00000+0 0  9996
2 41554  63.8647 225.2757 0015319 214.1184 145.7595  2.13106309 57042
BEIDOU-2 G7             
1 41586U 16037A   23273.53611659 -.00000364  00000+0  00000+0 0  9996
2 41586   1.9324  68.7736 0006981 341.4150 262.4134  1.00272141 26844
EUTELSAT 117 WEST B     
1 41589U 16038B   23273.23419241 -.00000024  00000+0  00000+0 0  9993
2 41589   0.0262  38.8433 0000081 150.0344 147.1653  1.00271572 26723
GSAT0207 (GALILEO 15)   
1 41859U 16069A   23272.42058823  .00000040  00000+0  00000+0 0  9999
2 41859  54.9727 128.5756 0002194 313.0721  47.0187  1.70473994 42490
GSAT0212 (GALILEO 16)   
1 41860U 16069B   23272.27522134  .00000040  00000+0  00000+0 0  9995
2 41860  54.9704 128.5763 0001935  16.9224 343.1936  1.70474152 42741
GSAT0213 (GALILEO 17)   
1 41861U 16069C   23273.22805995  .00000035  00000+0  00000+0 0  9995
2 41861  54.9729 128.5559 0002058 270.1194  89.9633  1.70472885 42750
GSAT0214 (GALILEO 18)   
1 41862U 16069D   23269.26920957  .00000038  00000+0  00000+0 0  9994
2 41862  54.9693 128.6599 0001218 279.7101  80.3809  1.70472699 42681
SES-15                  
1 42709U 17026A   23273.24508696  .00000048  00000+0  00000+0 0  9995
2 42709   0.0442  25.2836 0000390 159.8714 142.6678  1.00268483 24201
QZS-2 (MICHIBIKI-2)     
1 42738U 17028A   23272.34865377 -.00000194  00000+0  00000+0 0  9994
2 42738  41.0054 257.5098 0748585 270.4229 105.5337  1.00258303 23202
QZS-3 (MICHIBIKI-3)     
1 42917U 17048A   23273.54557014 -.00000360  00000+0  00000+0 0  9999
2 42917   0.0678 147.5061 0001945  58.1885 126.7829  1.00269383 22432
COSMOS 2522             
1 42939U 17055A   23273.04799870  .00000008  00000+0  00000+0 0  9992
2 42939  64.0985 225.7045 0009035 243.0338 116.8470  2.13101935 46851
QZS-4 (MICHIBIKI-4)     
1 42965U 17062A   23272.55770201 -.00000336  00000+0  00000+0 0  9996
2 42965  40.6255 356.1254 0749354 269.7396  82.5943  1.00273262 21861
BEIDOU-3 M1             
1 43001U 17069A   23272.91671289  .00000025  00000+0  00000+0 0  9995
2 43001  55.8624  95.9713 0007219 298.6964  61.2854  1.86231413 40141
BEIDOU-3 M2             
1 43002U 17069B   23272.85349290  .00000026  00000+0  00000+0 0  9994
2 43002  55.8615  96.0097 0005554 334.1271  25.9001  1.86231099 40136
GSAT0215 (GALILEO 19)   
1 43055U 17079A   23272.10397514  .00000003  00000+0  00000+0 0  9998
2 43055  55.4745 248.8159 0003483 275.8054  84.1149  1.70473842 36074
GSAT0216 (GALILEO 20)   
1 43056U 17079B   23270.63613681  .00000012  00000+0  00000+0 0  9991
2 43056  55.4757 248.8562 0005092 279.6536  80.2578  1.70473970 36065
GSAT0217 (GALILEO 21)   
1 43057U 17079C   23272.02965543  .00000003  00000+0  00000+0 0  9994
2 43057  55.4729 248.8169 0004528 291.6067  68.3052  1.70473949 36075
GSAT0218 (GALILEO 22)   
1 43058U 17079D   23272.24970466  .00000002  00000+0  00000+0 0  9998
2 43058  55.4729 248.8084 0005535 275.9809  83.9152  1.70473936 36070
BEIDOU-3 M7             
1 43107U 18003A   23272.06728088 -.00000083  00000+0  00000+0 0  9992
2 43107  55.1038 336.6357 0002956  75.5643 284.5326  1.86232338 38876
BEIDOU-3 M8             
1 43108U 18003B   23273.07949571 -.00000089  00000+0  00000+0 0  9993
2 43108  55.0962 336.5878 0004512 247.7911 112.2246  1.86230807 38901
BEIDOU-3 M4             
1 43207U 18018A   23272.44778393  .00000031  00000+0  00000+0 0  9997
2 43207  55.8210  96.0851 0004323  19.6208 340.4538  1.86231337 38277
BEIDOU-3 M3             
1 43208U 18018B   23273.05139190  .00000023  00000+0  00000+0 0  9993
2 43208  55.8209  96.0695 0005116 317.2691  42.7448  1.86231301 38280
BEIDOU-3 M9             
1 43245U 18029A   23272.73719531 -.00000084  00000+0  00000+0 0  9991
2 43245  54.9967 334.3440 0001796 232.5890 127.4598  1.86232348 37433
BEIDOU-3 M10            
1 43246U 18029B   23273.20413256 -.00000087  00000+0  00000+0 0  9993
2 43246  54.9936 334.3568 0002883 345.0090  15.0472  1.86232804 37420
IRNSS-1I                
1 43286U 18035A   23268.08799584  .00000095  00000+0  00000+0 0  9993
2 43286  29.2971  89.8607 0020154 176.9888 183.7212  1.00277929 20094
COSMOS 2527             
1 43508U 18053A   23272.06826053  .00000066  00000+0  00000+0 0  9993
2 43508  65.1015 107.1199 0007463 214.3895 145.6378  2.13102365 41136
BEIDOU-2 IGSO-7         
1 43539U 18057A   23272.78412406 -.00000141  00000+0  00000+0 0  9998
2 43539  55.1183 171.6365 0064085 230.4986   2.2890  1.00275542 19202
GSAT0221 (GALILEO 25)   
1 43564U 18060A   23269.21661626 -.00000092  00000+0  00000+0 0  9999
2 43564  57.2875   8.6114 0003248 252.6639 107.3188  1.70476002 32200
GSAT0222 (GALILEO 26)   
1 43565U 18060B   23270.02131496 -.00000095  00000+0  00000+0 0  9991
2 43565  57.2912   8.5909 0003978 219.4814 140.5078  1.70475747 32268
GSAT0219 (GALILEO 23)   
1 43566U 18060C   23267.31070046 -.00000085  00000+0  00000+0 0  9992
2 43566  57.2900   8.6662 0002535 256.4137 103.5787  1.70476004 32195
GSAT0220 (GALILEO 24)   
1 43567U 18060D   23269.87746299 -.00000095  00000+0  00000+0 0  9997
2 43567  57.2899   8.5973 0002788 251.4482 108.5396  1.70475634 32228
BEIDOU-3 M5             
1 43581U 18062A   23272.88736408 -.00000004  00000+0  00000+0 0  9991
2 43581  54.1724 216.0415 0004478 287.3070  72.6147  1.86231737 35176
BEIDOU-3 M6             
1 43582U 18062B   23273.29052982  .00000000  00000+0  00000+0 0  9991
2 43582  54.1720 216.0174 0005399   5.6553 354.3233  1.86229643 35185
BEIDOU-3 M12            
1 43602U 18067A   23273.22659005  .00000000  00000+0  00000+0 0  9991
2 43602  54.2597 214.6772 0007293  15.8397 344.1572  1.86231422 34666
BEIDOU-3 M11            
1 43603U 18067B   23272.28651567 -.00000008  00000+0  00000+0 0  9991
2 43603  54.2571 214.6750 0004286   2.7708 357.2015  1.86231372 34677
BEIDOU-3 M13            
1 43622U 18072A   23271.70856356  .00000040  00000+0  00000+0 0  9992
2 43622  55.7897  95.6495 0004040 293.6056  66.4139  1.86231420 34178
BEIDOU-3 M14            
1 43623U 18072B   23272.11096674  .00000035  00000+0  00000+0 0  9992
2 43623  55.7920  95.6287 0002453 350.3495   9.7052  1.86231435 34179
BEIDOU-3 M16            
1 43647U 18078A   23273.34794211 -.00000088  00000+0  00000+0 0  9991
2 43647  54.8925 334.4436 0005959   3.8563 356.2127  1.86227169 33711
BEIDOU-3 M15            
1 43648U 18078B   23272.40396172 -.00000082  00000+0  00000+0 0  9996
2 43648  54.8889 334.4800 0002737  11.1369 348.9345  1.86232123 33708
BEIDOU-3 G1             
1 43683U 18085A   23273.23795854 -.00000289  00000+0  00000+0 0  9994
2 43683   1.5706 122.6213 0002445   2.0122 109.8375  1.00269148 18120
COSMOS 2529             
1 43687U 18086A   23273.10599838  .00000008  00000+0  00000+0 0  9997
2 43687  64.3139 226.1449 0010704 263.3419  96.5092  2.13101975 38162
BEIDOU-3 M17            
1 43706U 18093A   23273.08876831 -.00000002  00000+0  00000+0 0  9990
2 43706  54.2549 215.9538 0009593 283.2117  76.6530  1.86231835 33060
BEIDOU-3 M18            
1 43707U 18093B   23272.41806927 -.00000007  00000+0  00000+0 0  9991
2 43707  54.2558 215.9683 0008079 310.4304  49.4678  1.86229654 33068
NAVSTAR 77 (USA 289)    
1 43873U 18109A   23273.08938265  .00000044  00000+0  00000+0 0  9998
2 43873  55.2003 131.3470 0026196 190.2202 351.5960  2.00569662 35194
BEIDOU-3 IGSO-1         
1 44204U 19023A   23272.74320972 -.00000218  00000+0  00000+0 0  9999
2 44204  57.2591  47.9758 0024023 195.1942 152.5814  1.00274465 16391
BEIDOU-2 G8             
1 44231U 19027A   23273.29094137 -.00000258  00000+0  00000+0 0  9999
2 44231   2.0212  81.0204 0006795 131.3046  45.6676  1.00275270 16143
COSMOS 2534             
1 44299U 19030A   23272.61836330  .00000005  00000+0  00000+0 0  9990
2 44299  64.3864 226.0902 0012937 283.0729 196.9471  2.13101766 33791
BEIDOU-3 IGSO-2         
1 44337U 19035A   23272.73150716 -.00000138  00000+0  00000+0 0  9996
2 44337  55.1521 167.5692 0033040 195.9538  27.5194  1.00266396 15724
NAVSTAR 78 (USA 293)    
1 44506U 19056A   23273.45224220 -.00000103  00000+0  00000+0 0  9991
2 44506  55.8244  10.4072 0037760 186.4915 156.4857  2.00565789 30191
BEIDOU-3 M24            
1 44542U 19061A   23273.02653001 -.00000002  00000+0  00000+0 0  9991
2 44542  54.4823 216.1910 0008498 345.5900  14.3567  1.86231435 27336
BEIDOU-3 M23            
1 44543U 19061B   23273.42429124  .00000001  00000+0  00000+0 0  9991
2 44543  54.4806 216.1466 0005714 331.7653 206.7839  1.86231681 27336
BEIDOU-3 IGSO-3         
1 44709U 19073A   23272.45391500 -.00000165  00000+0  00000+0 0  9998
2 44709  56.4935 291.4865 0035099 190.6023 169.3654  1.00274506 14510
BEIDOU-3 M22            
1 44793U 19078A   23271.79806846 -.00000079  00000+0  00000+0 0  9990
2 44793  54.7419 334.4612 0004751  11.9956 348.0812  1.86232084 26165
BEIDOU-3 M21            
1 44794U 19078B   23270.85467859 -.00000074  00000+0  00000+0 0  9999
2 44794  54.7162 334.4756 0002793 358.2508   1.8133  1.86232513 26150
COSMOS 2544             
1 44850U 19088A   23272.95052899  .00000054  00000+0  00000+0 0  9997
2 44850  65.0880 106.9327 0011145 249.1538 110.7969  2.13102136 29599
BEIDOU-3 M19            
1 44864U 19090A   23273.52086743  .00000017  00000+0  00000+0 0  9993
2 44864  55.7258  95.7740 0015197 274.0414 267.3128  1.86231661 25771
BEIDOU-3 M20            
1 44865U 19090B   23273.37980539  .00000018  00000+0  00000+0 0  9994
2 44865  55.7275  95.8115 0012927 289.2836 247.2761  1.86231616 25750
BEIDOU-3 G2             
1 45344U 20017A   23272.87797796 -.00000153  00000+0  00000+0 0  9994
2 45344   2.0648  17.5168 0003276 175.4829 211.4745  1.00272438 13324
COSMOS 2545             
1 45358U 20018A   23272.67808908 -.00000070  00000+0  00000+0 0  9994
2 45358  64.8356 347.0443 0010882 240.4156 119.5358  2.13102459 27531
BEIDOU-3 G3             
1 45807U 20040A   23273.06160535 -.00000367  00000+0  00000+0 0  9998
2 45807   0.5978 349.2955 0007320 319.4490 192.5149  1.00275594 12135
NAVSTAR 79 (USA 304)    
1 45854U 20041A   23273.01546841 -.00000028  00000+0  00000+0 0  9998
2 45854  55.9055  67.7101 0037211 186.8249 143.9655  2.00562681 24156
GALAXY 30 (G-30)        
1 46114U 20056C   23273.23044721  .00000025  00000+0  00000+0 0  9994
2 46114   0.0203 199.7069 0002618   0.3807 126.5948  1.00271421 11352
COSMOS 2547             
1 46805U 20075A   23272.39763630  .00000004  00000+0  00000+0 0  9992
2 46805  64.6140 225.6612 0008024 243.7505 116.1392  2.13102763 22776
NAVSTAR 80 (USA 309)    
1 46826U 20078A   23273.21844640 -.00000006  00000+0  00000+0 0  9994
2 46826  54.3002 251.0125 0036518 194.8899 258.0655  2.00562671 21631
NAVSTAR 81 (USA 319)    
1 48859U 21054A   23272.97937241 -.00000102  00000+0  00000+0 0  9996
2 48859  55.3426  12.1996 0013012 213.5901 249.8189  2.00571890 16872
QZS-1R                  
1 49336U 21096A   23273.37858708 -.00000238  00000+0  00000+0 0  9998
2 49336  35.4067  94.5142 0745006 269.7612 275.5320  1.00283637  7069
GSAT0223 (GALILEO 27)   
1 49809U 21116A   23267.41475998 -.00000085  00000+0  00000+0 0  9990
2 49809  57.2810   8.5598 0003498 188.0129 190.8503  1.70475882 11193
GSAT0224 (GALILEO 28)   
1 49810U 21116B   23271.98968628 -.00000101  00000+0  00000+0 0  9995
2 49810  57.2823   8.4340 0002908 184.8192 234.2616  1.70475851 11297
COSMOS 2557             
1 52984U 22075A   23272.56039959 -.00000072  00000+0  00000+0 0  9994
2 52984  64.7531 349.2049 0012588 275.2121  84.7013  2.13102195  9580
COSMOS 2559             
1 54031U 22130A   23272.50246297 -.00000072  00000+0  00000+0 0  9990
2 54031  64.7243 349.3336 0007577 221.3522 138.6470  2.13101391  7552
COSMOS 2564             
1 54377U 22161A   23273.16466380  .00000009  00000+0  00000+0 0  9996
2 54377  64.7548 225.6931 0010171 224.8191 135.0724  2.13102110  6512
NAVSTAR 82 (USA 343)    
1 55268U 23009A   23269.79232659 -.00000012  00000+0  00000+0 0  9997
2 55268  55.0873 187.5341 0004666  90.6249 271.5536  2.00554056  5301
BEIDOU-3 G4             
1 56564U 23066A   23273.17025497 -.00000128  00000+0  00000+0 0  9995
2 56564   2.7812 288.7010 0006458 220.0275  81.2646  1.00271665  1450
IRNSS-1J (NVS-01)       
1 56759U 23076A   23273.45081583 -.00000354  00000+0  00000+0 0  9992
2 56759   4.6735 271.5740 0006852 345.3050  43.9356  1.00274158  1274
