NAVSTAR 43 (USA 132)    
1 24876U 97035A   23261.05819055  .00000035  00000+0  00000+0 0  9994
2 24876  55.5901 137.8086 0073166  52.6462 308.1163  2.00564182191837
NAVSTAR 47 (USA 150)    
1 26360U 00025A   23261.42439510 -.00000022  00000+0  00000+0 0  9999
2 26360  54.4450  60.0257 0041621 199.9517 154.5537  2.00569835171159
NAVSTAR 51 (USA 166)    
1 27663U 03005A   23261.58931910  .00000043  00000+0  00000+0 0  9997
2 27663  55.2393 254.8430 0132312  44.7311  48.3508  2.00565210151209
NAVSTAR 52 (USA 168)    
1 27704U 03010A   23261.59869578 -.00000082  00000+0  00000+0 0  9994
2 27704  55.1154   4.7960 0249066 319.0652 359.5329  2.00575637149995
NAVSTAR 54 (USA 177)    
1 28190U 04009A   23261.33126619 -.00000039  00000+0  00000+0 0  9999
2 28190  55.6795 315.9133 0092744 139.3392 283.8444  2.00566940142833
NAVSTAR 56 (USA 180)    
1 28474U 04045A   23261.61407260 -.00000081  00000+0  00000+0 0  9996
2 28474  55.4429   5.1216 0162346 282.6767  39.8631  2.00555228138316
ANIK F1R                
1 28868U 05036A   23261.58125010 -.00000066  00000+0  00000+0 0  9993
2 28868   1.7222  88.8323 0002230  53.6461 316.7129  1.00272313 36403
NAVSTAR 57 (USA 183)    
1 28874U 05038A   23261.24018178 -.00000035  00000+0  00000+0 0  9997
2 28874  55.7308 313.3692 0139876 279.7293  99.6020  2.00574589131729
INMARSAT 4-F2           
1 28899U 05044A   23260.99979899  .00000018  00000+0  00000+0 0  9998
2 28899   3.8685  40.7380 0002636 144.3202 235.4480  1.00273098 65460
NAVSTAR 58 (USA 190)    
1 29486U 06042A   23261.56615071  .00000032  00000+0  00000+0 0  9999
2 29486  54.6833 191.0920 0103449  32.5499 123.5932  2.00568972124286
NAVSTAR 59 (USA 192)    
1 29601U 06052A   23261.27100717  .00000041  00000+0  00000+0 0  9993
2 29601  55.2608 253.8158 0083393  79.4161 281.5199  2.00550348123291
NAVSTAR 60 (USA 196)    
1 32260U 07047A   23261.08695221  .00000031  00000+0  00000+0 0  9990
2 32260  53.4707 121.5707 0151862  70.9820 290.7582  2.00550821116692
COSMOS 2433             
1 32275U 07052A   23260.17173818 -.00000063  00000+0  00000+0 0  9990
2 32275  66.0183 349.5093 0004129 223.8858 136.1319  2.13104208123663
COSMOS 2432             
1 32276U 07052B   23260.99451024 -.00000061  00000+0  00000+0 0  9997
2 32276  66.0325 349.5908 0008534 316.9674 261.2733  2.13103309123707
NAVSTAR 61 (USA 199)    
1 32384U 07062A   23261.40852137 -.00000036  00000+0  00000+0 0  9997
2 32384  55.8628 314.1857 0024754 151.1572 211.6170  2.00559517115402
COSMOS 2434             
1 32393U 07065A   23261.49156458  .00000056  00000+0  00000+0 0  9993
2 32393  64.3359 225.8246 0000589  69.6424 114.1224  2.13103089122405
COSMOS 2436             
1 32395U 07065C   23261.08009095  .00000052  00000+0  00000+0 0  9990
2 32395  64.3446 225.9003 0015884 353.9213   9.6749  2.13102781122357
NAVSTAR 62 (USA 201)    
1 32711U 08012A   23261.00062038  .00000029  00000+0  00000+0 0  9997
2 32711  54.4509 189.9422 0177617 235.9429 122.3708  2.00557698113630
NAVSTAR 64 (USA 206)    
1 35752U 09043A   23261.46891843 -.00000008  00000+0  00000+0 0  9992
2 35752  55.4462  67.1530 0058173  69.4423 285.3570  2.00557188103240
COSMOS 2456             
1 36111U 09070A   23261.04826538  .00000049  00000+0  00000+0 0  9999
2 36111  64.4959 105.3353 0001785 338.4379  24.2249  2.13099229107052
COSMOS 2457             
1 36112U 09070B   23261.61776133  .00000048  00000+0  00000+0 0  9997
2 36112  64.4801 105.1807 0006087 146.7360  63.7170  2.13101391107067
COSMOS 2460             
1 36402U 10007C   23258.76588176 -.00000067  00000+0  00000+0 0  9993
2 36402  65.8809 348.2695 0001562 190.7746 340.3458  2.13106417105309
NAVSTAR 65 (USA 213)    
1 36585U 10022A   23261.56939059  .00000044  00000+0  00000+0 0  9998
2 36585  54.5602 249.0118 0109665  59.6593 124.4890  2.00562706 97484
BEIDOU-2 IGSO-1         
1 36828U 10036A   23261.30054596 -.00000111  00000+0  00000+0 0  9995
2 36828  54.2346 172.0468 0036535 188.1054 210.9799  1.00249544 48154
QZS-1 (MICHIBIKI-1)     
1 37158U 10045A   23256.96160730 -.00000006  00000+0  00000+0 0  9999
2 37158  42.9684 127.4546 0002549  76.6089 281.5990  0.87715097 47564
BEIDOU-2 G4             
1 37210U 10057A   23261.59841751 -.00000105  00000+0  00000+0 0  9995
2 37210   1.2060  61.4541 0006323 154.0356 157.1341  1.00273552 47236
BEIDOU-2 IGSO-2         
1 37256U 10068A   23261.59040388 -.00000173  00000+0  00000+0 0  9999
2 37256  49.3847 284.1327 0032281 213.4149 180.5977  1.00279558 46742
BEIDOU-2 IGSO-3         
1 37384U 11013A   23261.33723125 -.00000162  00000+0  00000+0 0  9999
2 37384  60.9604  49.7608 0028351 175.4293   1.4409  1.00278390 45609
GSAT-8                  
1 37605U 11022A   23261.46959255  .00000092  00000+0  00000+0 0  9995
2 37605   0.0328  92.9937 0005499 152.2955 335.9778  1.00271368 43165
NAVSTAR 66 (USA 232)    
1 37753U 11036A   23261.23957157 -.00000079  00000+0  00000+0 0  9994
2 37753  56.7456  10.9291 0126989  56.3694 335.8215  2.00568743 89166
BEIDOU-2 IGSO-4         
1 37763U 11038A   23261.25566522 -.00000067  00000+0  00000+0 0  9998
2 37763  54.5084 174.5906 0111853 227.9737 141.9074  1.00271385 44597
GSAT0101 (GALILEO-PFM)  
1 37846U 11060A   23256.68209446 -.00000097  00000+0  00000+0 0  9998
2 37846  57.1105   9.0469 0001286  75.2562 284.7638  1.70476094 73940
GSAT0102 (GALILEO-FM2)  
1 37847U 11060B   23258.95748459 -.00000088  00000+0  00000+0 0  9993
2 37847  57.1115   8.9854 0001255 326.6780  36.0498  1.70475481 73995
COSMOS 2476             
1 37867U 11064A   23259.53312678  .00000054  00000+0  00000+0 0  9996
2 37867  64.7748 106.9192 0021184 231.5363 318.1934  2.13101799 92357
COSMOS 2477             
1 37868U 11064B   23261.60308309  .00000049  00000+0  00000+0 0  9998
2 37868  64.7829 106.9186 0018406 231.6060 284.0002  2.13101650 92396
COSMOS 2475             
1 37869U 11064C   23260.51333244  .00000051  00000+0  00000+0 0  9997
2 37869  64.7896 106.9679 0022463 250.1232 107.9595  2.13102025 92378
BEIDOU-2 IGSO-5         
1 37948U 11073A   23261.41454584 -.00000125  00000+0  00000+0 0  9999
2 37948  49.5105 283.8035 0095053 220.7746  97.5699  1.00269572 43077
LUCH-5A                 
1 37951U 11074B   23261.60237962 -.00000038  00000+0  00000+0 0  9997
2 37951   6.1767  89.4456 0004449  73.9732 217.7266  1.00269730 42995
BEIDOU-2 G5             
1 38091U 12008A   23261.58785015  .00000063  00000+0  00000+0 0  9992
2 38091   1.7412  68.6149 0003540 174.4687  24.6181  1.00277321 42316
BEIDOU-2 M3             
1 38250U 12018A   23260.62231316 -.00000076  00000+0  00000+0 0  9999
2 38250  56.5037 338.4349 0023928 255.9866 103.8102  1.86231233 77250
BEIDOU-2 M4             
1 38251U 12018B   23260.01674194 -.00000077  00000+0  00000+0 0  9999
2 38251  56.4146 337.7470 0014781 255.8023 104.0964  1.86231956 77249
SES-5                   
1 38652U 12036A   23261.30535382  .00000041  00000+0  00000+0 0  9992
2 38652   0.0559 307.1830 0002015 227.4858 297.2148  1.00271659 34439
BEIDOU-2 M6             
1 38775U 12050B   23261.33747883  .00000028  00000+0  00000+0 0  9993
2 38775  55.7016  96.2977 0011275 340.2310  19.8002  1.86231270 74635
GSAT-10                 
1 38779U 12051B   23261.61159898 -.00000158  00000+0  00000+0 0  9997
2 38779   0.0243 245.0902 0002143 359.6649  55.7098  1.00273008 40064
NAVSTAR 67 (USA 239)    
1 38833U 12053A   23261.17718299  .00000028  00000+0  00000+0 0  9992
2 38833  53.5118 184.6276 0142906  52.2087 309.0968  2.00567456 79321
GSAT0103 (GALILEO-FM3)  
1 38857U 12055A   23261.41400793  .00000040  00000+0  00000+0 0  9998
2 38857  55.2871 129.1057 0002465 260.6355  99.4461  1.70473738 67916
GSAT0104 (GALILEO-FM4)  
1 38858U 12055B   23260.79686480  .00000039  00000+0  00000+0 0  9996
2 38858  55.2871 129.1243 0000501 151.8323 208.2816  1.70474004 68012
BEIDOU-2 G6             
1 38953U 12059A   23261.61816182 -.00000168  00000+0  00000+0 0  9996
2 38953   1.8594  81.8651 0007418 311.7150 270.2458  1.00274824 39855
LUCH-5B                 
1 38977U 12061A   23261.24037515 -.00000126  00000+0  00000+0 0  9993
2 38977   8.2845  58.9998 0005708 113.2483 254.9306  1.00272678 39568
COSMOS 2485             
1 39155U 13019A   23261.10486173  .00000050  00000+0  00000+0 0  9994
2 39155  64.9356 107.3926 0021719 227.3262 132.5772  2.13101948 80903
NAVSTAR 68 (USA 242)    
1 39166U 13023A   23260.54114478 -.00000031  00000+0  00000+0 0  9994
2 39166  55.3464 309.5873 0114463  41.6492 319.2902  2.00564301 75755
IRNSS-1A                
1 39199U 13034A   23252.08242812  .00000073  00000+0  00000+0 0  9991
2 39199  33.4344  78.6203 0020346 176.5021 177.7262  1.00280977 37216
NAVSTAR 69 (USA 248)    
1 39533U 14008A   23261.03896411  .00000028  00000+0  00000+0 0  9990
2 39533  53.5989 190.1928 0067162 215.6996 143.8604  2.00552483 69565
ASTRA 5B                
1 39617U 14011B   23261.29979674  .00000144  00000+0  00000+0 0  9997
2 39617   0.0699 311.9071 0003430 249.6296 286.8564  1.00274241 34616
COSMOS 2492             
1 39620U 14012A   23259.65254675 -.00000063  00000+0  00000+0 0  9997
2 39620  65.7641 347.8566 0011643 314.6502  45.3067  2.13103232 73839
IRNSS-1B                
1 39635U 14017A   23261.08104891  .00000113  00000+0  00000+0 0  9997
2 39635  28.6800 257.4333 0019351 190.4962 353.0346  1.00269737 34735
LUCH-5V                 
1 39727U 14023A   23261.55674293 -.00000261  00000+0  00000+0 0  9991
2 39727   2.6079  77.1975 0003088 136.4594  78.6557  1.00276611 34303
NAVSTAR 70 (USA 251)    
1 39741U 14026A   23261.32045215 -.00000079  00000+0  00000+0 0  9998
2 39741  56.6979  10.4481 0029370 310.3866  49.3795  2.00556231 68425
COSMOS 2500             
1 40001U 14032A   23261.24344118 -.00000060  00000+0  00000+0 0  9991
2 40001  65.7017 347.6297 0008262 201.8630 158.1568  2.13105894 72083
NAVSTAR 71 (USA 256)    
1 40105U 14045A   23261.40323038  .00000033  00000+0  00000+0 0  9995
2 40105  54.8176 128.5099 0026369 113.7316 246.6444  2.00547967 65961
GSAT0201 (GALILEO 5)    
1 40128U 14050A   23260.81784897 -.00000053  00000+0  00000+0 0  9997
2 40128  49.9232 314.0278 1608421 140.8869 231.9363  1.85519316 59706
GSAT0202 (GALILEO 6)    
1 40129U 14050B   23258.92121653 -.00000056  00000+0  00000+0 0  9995
2 40129  49.9441 313.1754 1606444 141.6257 230.9908  1.85520052 61808
IRNSS-1C                
1 40269U 14061A   23261.47524900 -.00000151  00000+0  00000+0 0  9994
2 40269   3.9968 112.2699 0019654  19.5974 119.2643  1.00268467 32632
NAVSTAR 72 (USA 258)    
1 40294U 14068A   23260.78327981 -.00000004  00000+0  00000+0 0  9999
2 40294  56.1896  69.9332 0049128  62.2962 298.2331  2.00572727 65088
COSMOS 2501             
1 40315U 14075A   23260.08567142  .00000041  00000+0  00000+0 0  9999
2 40315  63.6395 225.2151 0019813 210.9932 148.8677  2.13101342 68454
NAVSTAR 73 (USA 260)    
1 40534U 15013A   23261.41886771  .00000041  00000+0  00000+0 0  9995
2 40534  53.4588 245.7063 0081048  25.4760 334.9065  2.00553861 61718
GSAT0203 (GALILEO 7)    
1 40544U 15017A   23259.98103701 -.00000085  00000+0  00000+0 0  9993
2 40544  56.9063   8.9289 0003241 227.1858 132.8032  1.70476798 52080
GSAT0204 (GALILEO 8)    
1 40545U 15017B   23260.82130457 -.00000082  00000+0  00000+0 0  9994
2 40545  56.9124   8.9205 0003852 213.8321 146.1623  1.70475807 15142
IRNSS-1D                
1 40547U 15018A   23261.40928591 -.00000273  00000+0  00000+0 0  9998
2 40547  28.0458 257.3961 0019578 189.9974 168.7721  1.00269743 30927
BEIDOU-3S IGSO-1S       
1 40549U 15019A   23261.59640642 -.00000135  00000+0  00000+0 0  9996
2 40549  51.0748 307.4050 0040757 196.5802 160.6875  1.00253558 31019
NAVSTAR 74 (USA 262)    
1 40730U 15033A   23261.08206400 -.00000029  00000+0  00000+0 0  9990
2 40730  54.8341 308.1730 0085681  13.9296 346.3764  2.00554509 59873
BEIDOU-3S M2S           
1 40748U 15037A   23261.29326652 -.00000073  00000+0  00000+0 0  9997
2 40748  55.6539 336.2954 0011766 242.6834 117.2610  1.86233132 55445
BEIDOU-3S M1S           
1 40749U 15037B   23261.02643559 -.00000074  00000+0  00000+0 0  9998
2 40749  55.6571 336.2906 0003688 297.2178  62.8090  1.86232944 55447
GSAT0205 (GALILEO 9)    
1 40889U 15045A   23261.17580122  .00000039  00000+0  00000+0 0  9994
2 40889  55.3575 249.3137 0003632 359.1746   0.8062  1.70473276 49915
GSAT0206 (GALILEO 10)   
1 40890U 15045B   23260.80989931  .00000038  00000+0  00000+0 0  9995
2 40890  55.3563 249.3193 0002490 328.2284  31.7377  1.70473280 49930
BEIDOU-3S IGSO-2S       
1 40938U 15053A   23261.59012374 -.00000107  00000+0  00000+0 0  9990
2 40938  50.7898 270.5790 0047653 194.9423 200.5664  1.00280165 29300
NAVSTAR 75 (USA 265)    
1 41019U 15062A   23261.13425410 -.00000004  00000+0  00000+0 0  9996
2 41019  56.1734  69.7697 0089727 221.0689 138.2833  2.00562316 57711
GSAT-15                 
1 41028U 15065A   23261.55674293 -.00000251  00000+0  00000+0 0  9994
2 41028   0.0275 253.1716 0002109 264.6506 133.3216  1.00272384 28744
GSAT0209 (GALILEO 12)   
1 41174U 15079A   23260.98167573  .00000040  00000+0  00000+0 0  9990
2 41174  55.3048 128.8246 0002721 336.0960  24.0023  1.70474055 47672
GSAT0208 (GALILEO 11)   
1 41175U 15079B   23259.44155415  .00000035  00000+0  00000+0 0  9996
2 41175  55.3026 128.8651 0002198 346.7917  13.3155  1.70474070 48223
IRNSS-1E                
1 41241U 16003A   23261.40928591 -.00000277  00000+0  00000+0 0  9999
2 41241  31.0090  77.5811 0020787 176.1409   2.5313  1.00270006 28020
NAVSTAR 76 (USA 266)    
1 41328U 16007A   23261.22534568  .00000034  00000+0  00000+0 0  9996
2 41328  55.0212 129.2984 0071549 233.7325 125.7028  2.00575173 55725
COSMOS 2514             
1 41330U 16008A   23261.47487132 -.00000059  00000+0  00000+0 0  9999
2 41330  65.4989 347.1997 0012051 209.5207 150.4670  2.13102618 59256
IRNSS-1F                
1 41384U 16015A   23261.29424498  .00000167  00000+0  00000+0 0  9991
2 41384   2.9609 129.1599 0018881 176.7582 189.1840  1.00275263 27619
BEIDOU-2 IGSO-6         
1 41434U 16021A   23261.28840361 -.00000142  00000+0  00000+0 0  9998
2 41434  58.7747  48.1253 0047897 218.1835 291.1605  1.00280492 27427
IRNSS-1G                
1 41469U 16027A   23261.58684716 -.00000326  00000+0  00000+0 0  9999
2 41469   2.8513 130.7799 0002374   1.6841 205.5862  1.00272101 27121
GSAT0211 (GALILEO 14)   
1 41549U 16030A   23260.14899020  .00000036  00000+0  00000+0 0  9996
2 41549  55.5042 249.3193 0003964 309.3487  50.5975  1.70473449 45552
GSAT0210 (GALILEO 13)   
1 41550U 16030B   23259.26733848  .00000034  00000+0  00000+0 0  9992
2 41550  55.5041 249.3446 0004164 277.6036  82.3320  1.70473564 45537
COSMOS 2516             
1 41554U 16032A   23261.11990977  .00000052  00000+0  00000+0 0  9993
2 41554  63.8657 225.5837 0015351 214.3052 145.5768  2.13106411 56859
BEIDOU-2 G7             
1 41586U 16037A   23261.59721661 -.00000346  00000+0  00000+0 0  9994
2 41586   1.9023  68.5911 0007734 344.7804 269.2973  1.00279273 26739
EUTELSAT 117 WEST B     
1 41589U 16038B   23260.35401720 -.00000006  00000+0  00000+0 0  9995
2 41589   0.0302  30.6276 0000079  74.5485 261.3062  1.00271548 26597
GSAT0207 (GALILEO 15)   
1 41859U 16069A   23258.34260457  .00000029  00000+0  00000+0 0  9999
2 41859  54.9663 128.9662 0002376 315.7285  44.3635  1.70474061 42253
GSAT0212 (GALILEO 16)   
1 41860U 16069B   23260.54357686  .00000038  00000+0  00000+0 0  9997
2 41860  54.9649 128.9022 0002119   6.2339 353.8805  1.70474117 42547
GSAT0213 (GALILEO 17)   
1 41861U 16069C   23260.90974414  .00000039  00000+0  00000+0 0  9993
2 41861  54.9675 128.8980 0002227 274.6685  85.4169  1.70472933 42415
GSAT0214 (GALILEO 18)   
1 41862U 16069D   23261.05700209  .00000039  00000+0  00000+0 0  9990
2 41862  54.9655 128.8878 0001171 281.2231  78.8742  1.70472747 42548
SES-15                  
1 42709U 17026A   23261.56761741  .00000067  00000+0  00000+0 0  9990
2 42709   0.0364  29.3950 0000269 126.6898 276.3371  1.00269037 24083
QZS-2 (MICHIBIKI-2)     
1 42738U 17028A   23261.36868838 -.00000136  00000+0  00000+0 0  9995
2 42738  41.0223 257.6653 0750080 270.2689 102.4614  1.00261278 23095
QZS-3 (MICHIBIKI-3)     
1 42917U 17048A   23261.55557083 -.00000341  00000+0  00000+0 0  9992
2 42917   0.0535 174.2242 0001672   8.0146 141.9800  1.00276363 22202
COSMOS 2522             
1 42939U 17055A   23261.31653488  .00000054  00000+0  00000+0 0  9994
2 42939  64.0998 226.1062 0009445 243.3171 116.5681  2.13102007 46607
QZS-4 (MICHIBIKI-4)     
1 42965U 17062A   23258.54014258 -.00000315  00000+0  00000+0 0  9999
2 42965  40.6313 356.3040 0749101 269.4942  62.4979  1.00278298 21720
BEIDOU-3 M1             
1 43001U 17069A   23261.10379892  .00000028  00000+0  00000+0 0  9992
2 43001  55.8526  96.3667 0007432 300.3313  59.6712  1.86231662 39925
BEIDOU-3 M2             
1 43002U 17069B   23261.04056195  .00000028  00000+0  00000+0 0  9994
2 43002  55.8520  96.4043 0005844 334.6080  25.4396  1.86231204 39915
GSAT0215 (GALILEO 19)   
1 43055U 17079A   23260.37231853  .00000037  00000+0  00000+0 0  9994
2 43055  55.4805 249.1389 0003670 271.7954  88.1435  1.70474037 35878
GSAT0216 (GALILEO 20)   
1 43056U 17079B   23261.25081204  .00000040  00000+0  00000+0 0  9990
2 43056  55.4809 249.1146 0005203 278.6289  81.2933  1.70474153 35905
GSAT0217 (GALILEO 21)   
1 43057U 17079C   23257.95167616  .00000032  00000+0  00000+0 0  9996
2 43057  55.4803 249.2044 0004643 286.7869  73.1493  1.70474237 35835
GSAT0218 (GALILEO 22)   
1 43058U 17079D   23257.58514833  .00000032  00000+0  00000+0 0  9993
2 43058  55.4805 249.2121 0005718 273.6253  86.2981  1.70474203 35852
BEIDOU-3 M7             
1 43107U 18003A   23259.71743303 -.00000079  00000+0  00000+0 0  9991
2 43107  55.1111 337.0599 0003248  77.6790 282.4194  1.86232561 38645
BEIDOU-3 M8             
1 43108U 18003B   23260.72954674 -.00000076  00000+0  00000+0 0  9997
2 43108  55.1036 337.0120 0004263 245.2046 114.8141  1.86230991 38675
BEIDOU-3 M4             
1 43207U 18018A   23261.17181451  .00000028  00000+0  00000+0 0  9994
2 43207  55.8113  96.4627 0004575  17.3855 342.7060  1.86231591 38060
BEIDOU-3 M3             
1 43208U 18018B   23258.01678243  .00000032  00000+0  00000+0 0  9999
2 43208  55.8085  96.5724 0005521 319.7345  40.3131  1.86231620 38000
BEIDOU-3 M9             
1 43245U 18029A   23260.92430776 -.00000073  00000+0  00000+0 0  9998
2 43245  55.0043 334.7517 0001488 222.7121 137.3415  1.86232764 37211
BEIDOU-3 M10            
1 43246U 18029B   23260.85432328 -.00000073  00000+0  00000+0 0  9996
2 43246  55.0015 334.7821 0002759 350.5583   9.5017  1.86232963 37199
IRNSS-1I                
1 43286U 18035A   23261.11123369  .00000109  00000+0  00000+0 0  9998
2 43286  29.2804  89.9718 0019725 176.7443 185.2363  1.00276616 20029
COSMOS 2527             
1 43508U 18053A   23261.27530306  .00000050  00000+0  00000+0 0  9990
2 43508  65.0970 107.4821 0007386 216.1354 143.9008  2.13102447 40900
BEIDOU-2 IGSO-7         
1 43539U 18057A   23261.54155383 -.00000122  00000+0  00000+0 0  9997
2 43539  55.1187 171.7355 0064036 230.8712 263.2634  1.00279471 19090
GSAT0221 (GALILEO 25)   
1 43564U 18060A   23259.83127371 -.00000085  00000+0  00000+0 0  9992
2 43564  57.2861   8.8642 0002955 251.6027 108.3809  1.70476287 32045
GSAT0222 (GALILEO 26)   
1 43565U 18060B   23257.70302799 -.00000093  00000+0  00000+0 0  9995
2 43565  57.2899   8.9228 0003656 214.2499 145.7353  1.70476061 32055
GSAT0219 (GALILEO 23)   
1 43566U 18060C   23257.33875870 -.00000094  00000+0  00000+0 0  9991
2 43566  57.2891   8.9347 0002140 255.3408 104.6431  1.70476322 32021
GSAT0220 (GALILEO 24)   
1 43567U 18060D   23260.49211279 -.00000083  00000+0  00000+0 0  9998
2 43567  57.2892   8.8506 0002600 252.5216 107.4679  1.70476193 32061
BEIDOU-3 M5             
1 43581U 18062A   23261.07452245  .00000039  00000+0  00000+0 0  9991
2 43581  54.1754 216.4444 0004953 284.7251  75.1917  1.86231981 34954
BEIDOU-3 M6             
1 43582U 18062B   23259.86668293  .00000026  00000+0  00000+0 0  9994
2 43582  54.1752 216.4751 0005278 359.4105   0.5544  1.86229849 34939
BEIDOU-3 M12            
1 43602U 18067A   23261.41372614  .00000042  00000+0  00000+0 0  9993
2 43602  54.2625 215.0788 0007141  13.8627 346.1313  1.86231530 34447
BEIDOU-3 M11            
1 43603U 18067B   23260.47364856  .00000033  00000+0  00000+0 0  9998
2 43603  54.2597 215.0764 0004203 359.1715   0.7970  1.86231510 34451
BEIDOU-3 M13            
1 43622U 18072A   23259.89565511  .00000029  00000+0  00000+0 0  9995
2 43622  55.7802  96.0447 0004217 296.9701  63.0679  1.86231648 33954
BEIDOU-3 M14            
1 43623U 18072B   23259.22416363  .00000030  00000+0  00000+0 0  9995
2 43623  55.7814  96.0598 0002790 349.9977  10.0806  1.86231677 33948
BEIDOU-3 M16            
1 43647U 18078A   23259.38686896 -.00000077  00000+0  00000+0 0  9996
2 43647  54.9012 334.9254 0005911   7.2190 352.8535  1.86227391 33446
BEIDOU-3 M15            
1 43648U 18078B   23261.12801155 -.00000073  00000+0  00000+0 0  9995
2 43648  54.8957 334.8693 0002748  17.1751 342.8991  1.86232313 33498
BEIDOU-3 G1             
1 43683U 18085A   23261.56715973 -.00000270  00000+0  00000+0 0  9991
2 43683   1.5429 123.4290 0003034 352.3599 225.6967  1.00274308 18005
COSMOS 2529             
1 43687U 18086A   23261.37452877  .00000055  00000+0  00000+0 0  9996
2 43687  64.3152 226.5436 0011111 262.8290  97.0268  2.13102053 37912
BEIDOU-3 M17            
1 43706U 18093A   23261.27592978  .00000041  00000+0  00000+0 0  9997
2 43706  54.2577 216.3560 0010031 282.2740  77.5866  1.86232053 32863
BEIDOU-3 M18            
1 43707U 18093B   23260.06813466  .00000029  00000+0  00000+0 0  9998
2 43707  54.2588 216.3885 0008440 307.7069  52.1830  1.86229923 32833
NAVSTAR 77 (USA 289)    
1 43873U 18109A   23261.59009980  .00000033  00000+0  00000+0 0  9992
2 43873  55.1966 131.8023 0025898 190.5084 327.9829  2.00569459 34968
BEIDOU-3 IGSO-1         
1 44204U 19023A   23261.21607594 -.00000196  00000+0  00000+0 0  9992
2 44204  57.2411  48.0985 0023936 195.1326 311.3841  1.00278594 16284
BEIDOU-2 G8             
1 44231U 19027A   23261.55905174 -.00000241  00000+0  00000+0 0  9999
2 44231   1.9894  81.0557 0006612 132.2159 129.6536  1.00267593 16025
COSMOS 2534             
1 44299U 19030A   23261.42618534  .00000056  00000+0  00000+0 0  9997
2 44299  64.3877 226.4695 0013306 282.0921 251.6702  2.13101968 33556
BEIDOU-3 IGSO-2         
1 44337U 19035A   23261.56698587 -.00000123  00000+0  00000+0 0  9992
2 44337  55.1519 167.6680 0032847 196.3193 317.0451  1.00270359 15610
NAVSTAR 78 (USA 293)    
1 44506U 19056A   23261.59408816 -.00000079  00000+0  00000+0 0  9990
2 44506  55.8229  10.8777 0037371 185.7492 234.9956  2.00565947 29961
BEIDOU-3 M24            
1 44542U 19061A   23261.21365570  .00000041  00000+0  00000+0 0  9992
2 44542  54.4851 216.5903 0008471 342.2121  17.7305  1.86231529 27110
BEIDOU-3 M23            
1 44543U 19061B   23261.47488493  .00000044  00000+0  00000+0 0  9994
2 44543  54.4834 216.5510 0005901 327.0689 119.9264  1.86231883 27124
BEIDOU-3 IGSO-3         
1 44709U 19073A   23261.48445758 -.00000152  00000+0  00000+0 0  9990
2 44709  56.5106 291.6021 0035256 190.2606 169.7406  1.00277868 14406
BEIDOU-3 M22            
1 44793U 19078A   23259.98517174 -.00000076  00000+0  00000+0 0  9997
2 44793  54.7492 334.8705 0004761  16.0265 344.0531  1.86232326 25952
BEIDOU-3 M21            
1 44794U 19078B   23261.18960590 -.00000073  00000+0  00000+0 0  9994
2 44794  54.7222 334.8106 0002740   3.6295 356.4373  1.86232713 25972
COSMOS 2544             
1 44850U 19088A   23261.21904711  .00000050  00000+0  00000+0 0  9999
2 44850  65.0829 107.3266 0011195 250.4630 109.5022  2.13102199 29340
BEIDOU-3 M19            
1 44864U 19090A   23261.20993646  .00000028  00000+0  00000+0 0  9996
2 44864  55.7155  96.1873 0015284 274.8682 292.5968  1.86231899 25552
BEIDOU-3 M20            
1 44865U 19090B   23259.74345645  .00000030  00000+0  00000+0 0  9996
2 44865  55.7160  96.2691 0013101 290.5006 103.5414  1.86231912 25518
BEIDOU-3 G2             
1 45344U 20017A   23261.47463985 -.00000134  00000+0  00000+0 0  9997
2 45344   2.0567  16.8723 0003144 160.7840  70.3998  1.00271749 13200
COSMOS 2545             
1 45358U 20018A   23261.41584011 -.00000060  00000+0  00000+0 0  9999
2 45358  64.8391 347.4353 0010442 238.6750 121.2780  2.13102609 27294
BEIDOU-3 G3             
1 45807U 20040A   23261.58360648 -.00000347  00000+0  00000+0 0  9997
2 45807   0.6058 346.5707 0005958 328.1199   3.2053  1.00268522 12010
NAVSTAR 79 (USA 304)    
1 45854U 20041A   23261.52691984 -.00000006  00000+0  00000+0 0  9996
2 45854  55.8952  68.1641 0036759 186.5448 128.9886  2.00563263 23929
GALAXY 30 (G-30)        
1 46114U 20056C   23261.57102969  .00000044  00000+0  00000+0 0  9998
2 46114   0.0197 163.4140 0002105   9.5227 264.8617  1.00269899 11232
COSMOS 2547             
1 46805U 20075A   23261.13545890  .00000053  00000+0  00000+0 0  9992
2 46805  64.6152 226.0396 0008302 243.9896 115.9062  2.13102892 22535
NAVSTAR 80 (USA 309)    
1 46826U 20078A   23261.34435600  .00000040  00000+0  00000+0 0  9994
2 46826  54.3065 251.4953 0036158 195.0411 324.2096  2.00562824 21394
NAVSTAR 81 (USA 319)    
1 48859U 21054A   23261.37467652 -.00000079  00000+0  00000+0 0  9995
2 48859  55.3407  12.6654 0012602 212.2956 151.6015  2.00572970 16640
QZS-1R                  
1 49336U 21096A   23261.42341204 -.00000214  00000+0  00000+0 0  9993
2 49336  35.3800  94.6995 0744041 269.5652 279.3593  1.00288554  6954
GSAT0223 (GALILEO 27)   
1 49809U 21116A   23259.75952712 -.00000085  00000+0  00000+0 0  9992
2 49809  57.2805   8.7662 0003567 184.7413 175.9291  1.70476415 11064
GSAT0224 (GALILEO 28)   
1 49810U 21116B   23260.16048331 -.00000084  00000+0  00000+0 0  9993
2 49810  57.2808   8.7537 0002873 176.7344 182.4953  1.70476406 11083
COSMOS 2557             
1 52984U 22075A   23261.29813615 -.00000062  00000+0  00000+0 0  9990
2 52984  64.7563 349.5970 0012226 275.2369  84.6759  2.13102355  9342
COSMOS 2559             
1 54031U 22130A   23260.77089589 -.00000063  00000+0  00000+0 0  9995
2 54031  64.7277 349.7425 0007364 219.0536 140.9443  2.13101582  7306
COSMOS 2564             
1 54377U 22161A   23261.43318294  .00000056  00000+0  00000+0 0  9995
2 54377  64.7560 226.0851 0010562 225.8036 134.0921  2.13102179  6260
NAVSTAR 82 (USA 343)    
1 55268U 23009A   23256.08302088 -.00000024  00000+0  00000+0 0  9992
2 55268  55.0881 188.0713 0004460  90.9394  92.8330  2.00555282  5022
BEIDOU-3 G4             
1 56564U 23066A   23261.61650633 -.00000106  00000+0  00000+0 0  9993
2 56564   2.8119 288.7404 0006757 214.6537 235.8521  1.00272826  1347
IRNSS-1J (NVS-01)       
1 56759U 23076A   23261.48438637 -.00000334  00000+0  00000+0 0  9996
2 56759   4.7062 271.8060 0006183 335.8564  53.2851  1.00267335  1067
