NAVSTAR 43 (USA 132)    
1 24876U 97035A   23259.56245458  .00000036  00000+0  00000+0 0  9998
2 24876  55.5897 137.8671 0073100  52.6066 308.1547  2.00564203191806
NAVSTAR 47 (USA 150)    
1 26360U 00025A   23259.51249937 -.00000027  00000+0  00000+0 0  9993
2 26360  54.4434  60.1039 0041604 199.8469 214.1268  2.00570015171129
NAVSTAR 51 (USA 166)    
1 27663U 03005A   23259.47152515  .00000026  00000+0  00000+0 0  9999
2 27663  55.2403 254.9272 0132243  44.7205 319.1916  2.00565367151161
NAVSTAR 52 (USA 168)    
1 27704U 03010A   23259.59375965 -.00000089  00000+0  00000+0 0  9990
2 27704  55.1154   4.8768 0249012 319.0186 351.8317  2.00575602149955
NAVSTAR 54 (USA 177)    
1 28190U 04009A   23259.30426517 -.00000043  00000+0  00000+0 0  9998
2 28190  55.6811 315.9938 0092778 139.2459 260.3208  2.00567055142796
NAVSTAR 56 (USA 180)    
1 28474U 04045A   23258.63498873 -.00000093  00000+0  00000+0 0  9997
2 28474  55.4429   5.2407 0162251 282.5935  48.9961  2.00555194138252
ANIK F1R                
1 28868U 05036A   23259.60811552 -.00000070  00000+0  00000+0 0  9991
2 28868   1.7174  88.8632 0002260  51.2592 326.7908  1.00272428 36384
NAVSTAR 57 (USA 183)    
1 28874U 05038A   23259.46577340 -.00000039  00000+0  00000+0 0  9993
2 28874  55.7321 313.4397 0139838 279.6967 258.3556  2.00574756131681
INMARSAT 4-F2           
1 28899U 05044A   23259.53653101  .00000015  00000+0  00000+0 0  9998
2 28899   3.8675  40.7313 0002672 146.2667  65.2825  1.00272082 65443
NAVSTAR 58 (USA 190)    
1 29486U 06042A   23259.56901285  .00000018  00000+0  00000+0 0  9995
2 29486  54.6835 191.1711 0103409  32.4824 121.5805  2.00569115124247
NAVSTAR 59 (USA 192)    
1 29601U 06052A   23259.27656080  .00000025  00000+0  00000+0 0  9991
2 29601  55.2618 253.8950 0083369  79.4139 281.5243  2.00550268123257
NAVSTAR 60 (USA 196)    
1 32260U 07047A   23259.59113435  .00000034  00000+0  00000+0 0  9998
2 32260  53.4700 121.6327 0151818  70.9403 290.8023  2.00550936116667
COSMOS 2433             
1 32275U 07052A   23257.82543600 -.00000072  00000+0  00000+0 0  9998
2 32275  66.0189 349.5872 0004070 223.0040 137.0071  2.13104254123615
COSMOS 2432             
1 32276U 07052B   23259.26259410 -.00000066  00000+0  00000+0 0  9995
2 32276  66.0329 349.6483 0008482 317.3482  12.2286  2.13103358123660
NAVSTAR 61 (USA 199)    
1 32384U 07062A   23259.56743227 -.00000040  00000+0  00000+0 0  9995
2 32384  55.8642 314.2586 0024781 151.0494 322.3980  2.00559486115369
COSMOS 2434             
1 32393U 07065A   23259.41196606  .00000035  00000+0  00000+0 0  9998
2 32393  64.3361 225.8952 0000526  70.3942 317.9636  2.13103117122364
COSMOS 2436             
1 32395U 07065C   23259.43246177  .00000035  00000+0  00000+0 0  9991
2 32395  64.3448 225.9562 0015866 353.7549 185.8305  2.13102799122319
NAVSTAR 62 (USA 201)    
1 32711U 08012A   23259.00623528  .00000012  00000+0  00000+0 0  9993
2 32711  54.4511 190.0217 0177603 235.9285 122.3733  2.00557665113590
NAVSTAR 64 (USA 206)    
1 35752U 09043A   23259.54160279 -.00000012  00000+0  00000+0 0  9995
2 35752  55.4445  67.2299 0058210  69.3873 333.8386  2.00557343103218
COSMOS 2456             
1 36111U 09070A   23258.88498536  .00000054  00000+0  00000+0 0  9996
2 36111  64.4950 105.4096 0001848 338.1285 164.9608  2.13099270107003
COSMOS 2457             
1 36112U 09070B   23258.78785272  .00000054  00000+0  00000+0 0  9992
2 36112  64.4789 105.2780 0006008 146.7165  52.7326  2.13101443107002
COSMOS 2460             
1 36402U 10007C   23258.76588176 -.00000067  00000+0  00000+0 0  9993
2 36402  65.8809 348.2695 0001562 190.7746 340.3458  2.13106417105309
NAVSTAR 65 (USA 213)    
1 36585U 10022A   23259.57285170  .00000026  00000+0  00000+0 0  9994
2 36585  54.5611 249.0924 0109595  59.6568 122.8897  2.00562634 97448
BEIDOU-2 IGSO-1         
1 36828U 10036A   23259.35915594 -.00000123  00000+0  00000+0 0  9994
2 36828  54.2348 172.0642 0036516 188.2844 230.1362  1.00250221 48139
QZS-1 (MICHIBIKI-1)     
1 37158U 10045A   23256.96160730 -.00000006  00000+0  00000+0 0  9999
2 37158  42.9684 127.4546 0002549  76.6089 281.5990  0.87715097 47564
BEIDOU-2 G4             
1 37210U 10057A   23259.48405639 -.00000109  00000+0  00000+0 0  9995
2 37210   1.2015  61.3784 0006292 154.0038 113.9730  1.00273893 47214
BEIDOU-2 IGSO-2         
1 37256U 10068A   23259.47828918 -.00000171  00000+0  00000+0 0  9994
2 37256  49.3881 284.1579 0032317 213.1214 138.3832  1.00280410 46716
BEIDOU-2 IGSO-3         
1 37384U 11013A   23259.29874510 -.00000160  00000+0  00000+0 0  9994
2 37384  60.9576  49.7800 0028240 175.2905 345.6784  1.00279083 45582
GSAT-8                  
1 37605U 11022A   23259.50813215  .00000087  00000+0  00000+0 0  9996
2 37605   0.0275  96.2276 0005512 149.7197 347.2648  1.00270835 43142
NAVSTAR 66 (USA 232)    
1 37753U 11036A   23258.64644941 -.00000090  00000+0  00000+0 0  9992
2 37753  56.7453  11.0295 0127000  56.3592 263.4350  2.00568789 89101
BEIDOU-2 IGSO-4         
1 37763U 11038A   23258.59030260 -.00000095  00000+0  00000+0 0  9997
2 37763  54.5087 174.6141 0111898 228.0421 259.6769  1.00272091 44552
GSAT0101 (GALILEO-PFM)  
1 37846U 11060A   23256.68209446 -.00000097  00000+0  00000+0 0  9998
2 37846  57.1105   9.0469 0001286  75.2562 284.7638  1.70476094 73940
GSAT0102 (GALILEO-FM2)  
1 37847U 11060B   23258.95748459 -.00000088  00000+0  00000+0 0  9993
2 37847  57.1115   8.9854 0001255 326.6780  36.0498  1.70475481 73995
COSMOS 2476             
1 37867U 11064A   23259.53312678  .00000054  00000+0  00000+0 0  9996
2 37867  64.7748 106.9192 0021184 231.5363 318.1934  2.13101799 92357
COSMOS 2477             
1 37868U 11064B   23259.28210462  .00000054  00000+0  00000+0 0  9997
2 37868  64.7819 106.9974 0018396 231.8177 303.2171  2.13101695 92344
COSMOS 2475             
1 37869U 11064C   23259.24750706  .00000055  00000+0  00000+0 0  9995
2 37869  64.7891 107.0109 0022470 250.2276 216.7578  2.13102051 92357
BEIDOU-2 IGSO-5         
1 37948U 11073A   23259.54279663 -.00000123  00000+0  00000+0 0  9991
2 37948  49.5134 283.8257 0095064 220.6819 141.9989  1.00270144 43069
LUCH-5A                 
1 37951U 11074B   23259.46266286 -.00000041  00000+0  00000+0 0  9993
2 37951   6.1715  89.4830 0004447  73.5166 165.7544  1.00269685 42977
BEIDOU-2 G5             
1 38091U 12008A   23259.58035574  .00000059  00000+0  00000+0 0  9992
2 38091   1.7367  68.5901 0003533 174.7988  19.5976  1.00276915 42299
BEIDOU-2 M3             
1 38250U 12018A   23259.01144211 -.00000081  00000+0  00000+0 0  9993
2 38250  56.5046 338.4882 0023881 255.9304 103.8647  1.86231268 77226
BEIDOU-2 M4             
1 38251U 12018B   23259.47978724 -.00000078  00000+0  00000+0 0  9994
2 38251  56.4149 337.7649 0014770 255.7725 104.1256  1.86231963 77238
SES-5                   
1 38652U 12036A   23259.31854774  .00000036  00000+0  00000+0 0  9993
2 38652   0.0562 309.5181 0001790 223.6052 301.5473  1.00271291 34411
BEIDOU-2 M6             
1 38775U 12050B   23259.18968416  .00000030  00000+0  00000+0 0  9993
2 38775  55.6999  96.3696 0011329 340.2504  19.7902  1.86231324 74591
GSAT-10                 
1 38779U 12051B   23259.55674521 -.00000163  00000+0  00000+0 0  9998
2 38779   0.0314 253.3025 0002111 352.0665  33.3119  1.00273610 40044
NAVSTAR 67 (USA 239)    
1 38833U 12053A   23258.68432767  .00000008  00000+0  00000+0 0  9995
2 38833  53.5120 184.7294 0142743  52.1574 309.1294  2.00567453 79278
GSAT0103 (GALILEO-FM3)  
1 38857U 12055A   23259.06767354  .00000033  00000+0  00000+0 0  9997
2 38857  55.2861 129.1702 0002520 262.0656  98.0182  1.70473796 67878
GSAT0104 (GALILEO-FM4)  
1 38858U 12055B   23258.45052893  .00000030  00000+0  00000+0 0  9992
2 38858  55.2862 129.1888 0000416 156.6028 203.5104  1.70474060 67869
BEIDOU-2 G6             
1 38953U 12059A   23259.55674521 -.00000172  00000+0  00000+0 0  9990
2 38953   1.8544  81.8785 0007432 311.5478 246.2328  1.00275390 39831
LUCH-5B                 
1 38977U 12061A   23259.16232267 -.00000129  00000+0  00000+0 0  9995
2 38977   8.2801  59.0184 0005688 113.2190 224.7880  1.00272950 39533
COSMOS 2485             
1 39155U 13019A   23259.22782922  .00000055  00000+0  00000+0 0  9990
2 39155  64.9348 107.4559 0021706 227.4877 132.4224  2.13101991 80860
NAVSTAR 68 (USA 242)    
1 39166U 13023A   23259.04541163 -.00000034  00000+0  00000+0 0  9995
2 39166  55.3475 309.6473 0114431  41.6597 319.2825  2.00564343 75722
IRNSS-1A                
1 39199U 13034A   23252.08242812  .00000073  00000+0  00000+0 0  9991
2 39199  33.4344  78.6203 0020346 176.5021 177.7262  1.00280977 37216
NAVSTAR 69 (USA 248)    
1 39533U 14008A   23259.04453322  .00000011  00000+0  00000+0 0  9990
2 39533  53.5990 190.2740 0067161 215.6995 143.8481  2.00552403 69529
ASTRA 5B                
1 39617U 14011B   23259.52852493  .00000140  00000+0  00000+0 0  9995
2 39617   0.0732 309.5459 0003385 251.6425   7.7869  1.00273575 34597
COSMOS 2492             
1 39620U 14012A   23258.71402250 -.00000067  00000+0  00000+0 0  9991
2 39620  65.7644 347.8880 0011620 314.7876  45.1667  2.13103252 73815
IRNSS-1B                
1 39635U 14017A   23259.06577156  .00000107  00000+0  00000+0 0  9993
2 39635  28.6840 257.4673 0019427 190.5026 345.5315  1.00269100 34716
LUCH-5V                 
1 39727U 14023A   23259.54563538 -.00000263  00000+0  00000+0 0  9998
2 39727   2.6022  77.2245 0003771 137.5294  71.5321  1.00267057 34282
NAVSTAR 70 (USA 251)    
1 39741U 14026A   23259.32603558 -.00000087  00000+0  00000+0 0  9994
2 39741  56.6977  10.5253 0029318 310.4711  49.2902  2.00556442 68381
COSMOS 2500             
1 40001U 14032A   23258.42790651 -.00000068  00000+0  00000+0 0  9992
2 40001  65.7026 347.7243 0008219 201.0830 158.9311  2.13106018 72028
NAVSTAR 71 (USA 256)    
1 40105U 14045A   23257.91291988  .00000032  00000+0  00000+0 0  9993
2 40105  54.8161 128.6493 0025252 113.3429 247.0225  2.00578485 65898
GSAT0201 (GALILEO 5)    
1 40128U 14050A   23259.20086540 -.00000057  00000+0  00000+0 0  9992
2 40128  49.9247 314.0925 1608529 140.8254 232.0142  1.85519372 59673
GSAT0202 (GALILEO 6)    
1 40129U 14050B   23258.92121653 -.00000056  00000+0  00000+0 0  9995
2 40129  49.9441 313.1754 1606444 141.6257 230.9908  1.85520052 61831
IRNSS-1C                
1 40269U 14061A   23259.55674521 -.00000155  00000+0  00000+0 0  9999
2 40269   3.9922 112.3293 0019723  19.2944 146.9774  1.00268767 32617
NAVSTAR 72 (USA 258)    
1 40294U 14068A   23259.28760817 -.00000006  00000+0  00000+0 0  9993
2 40294  56.1883  69.9917 0049131  62.2593 298.2747  2.00572657 65057
COSMOS 2501             
1 40315U 14075A   23259.14714980  .00000031  00000+0  00000+0 0  9997
2 40315  63.6395 225.2478 0019832 211.0271 148.8318  2.13101354 68438
NAVSTAR 73 (USA 260)    
1 40534U 15013A   23259.42446694  .00000023  00000+0  00000+0 0  9999
2 40534  53.4597 245.7888 0080954  25.4399 334.9410  2.00554010 61672
GSAT0203 (GALILEO 7)    
1 40544U 15017A   23259.39446436 -.00000087  00000+0  00000+0 0  9995
2 40544  56.9062   8.9449 0003463 228.3946 131.5899  1.70476376 52072
GSAT0204 (GALILEO 8)    
1 40545U 15017B   23258.47495550 -.00000090  00000+0  00000+0 0  9999
2 40545  56.9123   8.9842 0003769 212.5702 147.4177  1.70475876 52723
IRNSS-1D                
1 40547U 15018A   23259.40296112 -.00000279  00000+0  00000+0 0  9998
2 40547  28.0498 257.4304 0019625 190.0225 164.4745  1.00270642 30905
BEIDOU-3S IGSO-1S       
1 40549U 15019A   23259.52749230 -.00000132  00000+0  00000+0 0  9996
2 40549  51.0781 307.4291 0040791 196.3975 134.1592  1.00254139 30994
NAVSTAR 74 (USA 262)    
1 40730U 15033A   23258.58906003 -.00000033  00000+0  00000+0 0  9992
2 40730  54.8361 308.2743 0085582  13.9378 346.3736  2.00554748 59820
BEIDOU-3S M2S           
1 40748U 15037A   23258.60851853 -.00000081  00000+0  00000+0 0  9993
2 40748  55.6555 336.3862 0011698 242.4015 117.5413  1.86233229 55390
BEIDOU-3S M1S           
1 40749U 15037B   23258.87863534 -.00000080  00000+0  00000+0 0  9991
2 40749  55.6584 336.3633 0003594 297.6799  62.3457  1.86233016 55407
GSAT0205 (GALILEO 9)    
1 40889U 15045A   23258.24287652  .00000032  00000+0  00000+0 0  9993
2 40889  55.3590 249.3947 0003598 358.8117   1.1737  1.70473317 49863
GSAT0206 (GALILEO 10)   
1 40890U 15045B   23259.05014163  .00000033  00000+0  00000+0 0  9991
2 40890  55.3571 249.3678 0002509 328.1770  31.7913  1.70473386 49907
BEIDOU-3S IGSO-2S       
1 40938U 15053A   23259.39665473 -.00000107  00000+0  00000+0 0  9999
2 40938  50.7928 270.6040 0047739 194.7994 128.8260  1.00280818 29274
NAVSTAR 75 (USA 265)    
1 41019U 15062A   23258.64133911 -.00000006  00000+0  00000+0 0  9992
2 41019  56.1712  69.8673 0089582 221.0603 138.3006  2.00562415 57664
GSAT-15                 
1 41028U 15065A   23259.63790381 -.00000255  00000+0  00000+0 0  9991
2 41028   0.0343 259.7459 0001945 259.7966 158.9231  1.00271409 28723
GSAT0209 (GALILEO 12)   
1 41174U 15079A   23259.22192871  .00000034  00000+0  00000+0 0  9997
2 41174  55.3040 128.8730 0002736 336.2074  23.8928  1.70474106 47641
GSAT0208 (GALILEO 11)   
1 41175U 15079B   23257.09520791  .00000021  00000+0  00000+0 0  9993
2 41175  55.3016 128.9295 0002139 344.0891  16.0106  1.70474012 48024
IRNSS-1E                
1 41241U 16003A   23259.57589464 -.00000275  00000+0  00000+0 0  9994
2 41241  31.0046  77.6089 0020732 176.1118  60.7247  1.00270898 28005
NAVSTAR 76 (USA 266)    
1 41328U 16007A   23259.23115324  .00000037  00000+0  00000+0 0  9992
2 41328  55.0205 129.3777 0071513 233.7626 125.6749  2.00575157 55689
COSMOS 2514             
1 41330U 16008A   23258.65929625 -.00000067  00000+0  00000+0 0  9992
2 41330  65.4998 347.2950 0011998 209.0432 150.9394  2.13102711 59195
IRNSS-1F                
1 41384U 16015A   23259.53026538  .00000164  00000+0  00000+0 0  9995
2 41384   2.9577 129.2460 0018830 176.7481 272.3170  1.00274447 27594
BEIDOU-2 IGSO-6         
1 41434U 16021A   23259.35569760 -.00000140  00000+0  00000+0 0  9992
2 41434  58.7719  48.1444 0047783 218.2085 313.4056  1.00281050 27407
IRNSS-1G                
1 41469U 16027A   23259.55055035 -.00000330  00000+0  00000+0 0  9994
2 41469   2.8473 130.8849 0002435   0.2269 191.8580  1.00273188 27108
GSAT0211 (GALILEO 14)   
1 41549U 16030A   23257.21607366  .00000032  00000+0  00000+0 0  9996
2 41549  55.5057 249.3999 0003920 308.0379  51.9178  1.70473507 45500
GSAT0210 (GALILEO 13)   
1 41550U 16030B   23259.26733848  .00000034  00000+0  00000+0 0  9992
2 41550  55.5041 249.3446 0004164 277.6036  82.3320  1.70473564 45537
COSMOS 2516             
1 41554U 16032A   23259.24290862  .00000033  00000+0  00000+0 0  9999
2 41554  63.8659 225.6486 0015369 214.3738 145.5032  2.13106435 56818
BEIDOU-2 G7             
1 41586U 16037A   23259.53889789 -.00000349  00000+0  00000+0 0  9994
2 41586   1.8976  68.5744 0006679 343.8277 247.2292  1.00264995 26713
EUTELSAT 117 WEST B     
1 41589U 16038B   23259.28025225 -.00000009  00000+0  00000+0 0  9990
2 41589   0.0093  30.6789 0000223  64.8468 243.3386  1.00271476 26585
GSAT0207 (GALILEO 15)   
1 41859U 16069A   23258.34260457  .00000029  00000+0  00000+0 0  9999
2 41859  54.9663 128.9662 0002376 315.7285  44.3635  1.70474061 42253
GSAT0212 (GALILEO 16)   
1 41860U 16069B   23258.78382113  .00000031  00000+0  00000+0 0  9996
2 41860  54.9642 128.9509 0002120   2.4495 357.6635  1.70474283 42517
GSAT0213 (GALILEO 17)   
1 41861U 16069C   23259.14998509  .00000033  00000+0  00000+0 0  9992
2 41861  54.9667 128.9468 0002233 275.0166  85.0704  1.70473020 42389
GSAT0214 (GALILEO 18)   
1 41862U 16069D   23256.95087894  .00000019  00000+0  00000+0 0  9999
2 41862  54.9644 129.0016 0001369 284.0740  76.0161  1.70472793 42476
SES-15                  
1 42709U 17026A   23259.57720855  .00000063  00000+0  00000+0 0  9995
2 42709   0.0372  28.5406 0000279 139.6749 265.6914  1.00269720 24060
QZS-2 (MICHIBIKI-2)     
1 42738U 17028A   23258.81682689 -.00000148  00000+0  00000+0 0  9992
2 42738  41.0265 257.7018 0750465 270.2358 261.3820  1.00261963 23069
QZS-3 (MICHIBIKI-3)     
1 42917U 17048A   23259.40583286 -.00000346  00000+0  00000+0 0  9992
2 42917   0.0538 178.8349 0002254  17.4814  71.8327  1.00266444 22187
COSMOS 2522             
1 42939U 17055A   23258.97023320  .00000031  00000+0  00000+0 0  9993
2 42939  64.1001 226.1866 0009513 243.3472 116.5316  2.13102030 46550
QZS-4 (MICHIBIKI-4)     
1 42965U 17062A   23258.54014258 -.00000315  00000+0  00000+0 0  9999
2 42965  40.6313 356.3040 0749101 269.4942  62.4979  1.00278298 21720
BEIDOU-3 M1             
1 43001U 17069A   23257.88211031  .00000032  00000+0  00000+0 0  9997
2 43001  55.8501  96.4738 0007510 301.3994  58.6158  1.86231784 39862
BEIDOU-3 M2             
1 43002U 17069B   23258.89276465  .00000031  00000+0  00000+0 0  9991
2 43002  55.8504  96.4760 0005920 334.7882  25.2687  1.86231266 39873
GSAT0215 (GALILEO 19)   
1 43055U 17079A   23258.61257085  .00000033  00000+0  00000+0 0  9999
2 43055  55.4814 249.1873 0003689 271.5877  88.3546  1.70474102 35843
GSAT0216 (GALILEO 20)   
1 43056U 17079B   23258.90447997  .00000033  00000+0  00000+0 0  9995
2 43056  55.4820 249.1791 0005227 277.8676  82.0566  1.70474226 35868
GSAT0217 (GALILEO 21)   
1 43057U 17079C   23257.95167616  .00000032  00000+0  00000+0 0  9996
2 43057  55.4803 249.2044 0004643 286.7869  73.1493  1.70474237 35835
GSAT0218 (GALILEO 22)   
1 43058U 17079D   23257.58514833  .00000032  00000+0  00000+0 0  9993
2 43058  55.4805 249.2121 0005718 273.6253  86.2981  1.70474203 35852
BEIDOU-3 M7             
1 43107U 18003A   23258.64353071 -.00000082  00000+0  00000+0 0  9995
2 43107  55.1118 337.0967 0003283  77.8655 282.2313  1.86232608 38623
BEIDOU-3 M8             
1 43108U 18003B   23259.11868188 -.00000081  00000+0  00000+0 0  9998
2 43108  55.1045 337.0672 0004217 244.7754 115.2421  1.86231055 38641
BEIDOU-3 M4             
1 43207U 18018A   23259.02402306  .00000031  00000+0  00000+0 0  9994
2 43207  55.8096  96.5343 0004676  16.9850 343.1161  1.86231675 38024
BEIDOU-3 M3             
1 43208U 18018B   23258.01678243  .00000032  00000+0  00000+0 0  9999
2 43208  55.8085  96.5724 0005521 319.7345  40.3131  1.86231620 38000
BEIDOU-3 M9             
1 43245U 18029A   23258.77651050 -.00000079  00000+0  00000+0 0  9994
2 43245  55.0056 334.8254 0001485 220.8382 139.2139  1.86232869 37174
BEIDOU-3 M10            
1 43246U 18029B   23259.24347569 -.00000078  00000+0  00000+0 0  9994
2 43246  55.0025 334.8374 0002734 351.5482   8.5112  1.86233080 37169
IRNSS-1I                
1 43286U 18035A   23258.91531451  .00000109  00000+0  00000+0 0  9997
2 43286  29.2757  90.0063 0019645 176.5286 112.6957  1.00276102 19993
COSMOS 2527             
1 43508U 18053A   23258.92901609  .00000056  00000+0  00000+0 0  9992
2 43508  65.0960 107.5608 0007365 216.6381 143.4064  2.13102504 40850
BEIDOU-2 IGSO-7         
1 43539U 18057A   23259.43388851 -.00000135  00000+0  00000+0 0  9994
2 43539  55.1189 171.7538 0064089 230.9768 222.2563  1.00280262 19079
GSAT0221 (GALILEO 25)   
1 43564U 18060A   23259.24468650 -.00000087  00000+0  00000+0 0  9997
2 43564  57.2860   8.8800 0003036 251.4636 108.5171  1.70476309 32033
GSAT0222 (GALILEO 26)   
1 43565U 18060B   23257.70302799 -.00000093  00000+0  00000+0 0  9995
2 43565  57.2899   8.9228 0003656 214.2499 145.7353  1.70476061 32055
GSAT0219 (GALILEO 23)   
1 43566U 18060C   23257.33875870 -.00000094  00000+0  00000+0 0  9991
2 43566  57.2891   8.9347 0002140 255.3408 104.6431  1.70476322 32021
GSAT0220 (GALILEO 24)   
1 43567U 18060D   23259.31893937 -.00000087  00000+0  00000+0 0  9998
2 43567  57.2894   8.8820 0002747 252.0082 107.9758  1.70476205 32045
BEIDOU-3 M5             
1 43581U 18062A   23259.46366991  .00000022  00000+0  00000+0 0  9995
2 43581  54.1757 216.4992 0005015 283.9859  75.9221  1.86232018 34925
BEIDOU-3 M6             
1 43582U 18062B   23259.32972636  .00000020  00000+0  00000+0 0  9998
2 43582  54.1753 216.4934 0005260 359.0220   0.9401  1.86229881 34929
BEIDOU-3 M12            
1 43602U 18067A   23259.26591719  .00000019  00000+0  00000+0 0  9996
2 43602  54.2629 215.1518 0007112  13.6156 346.3671  1.86231562 34406
BEIDOU-3 M11            
1 43603U 18067B   23258.32584239  .00000008  00000+0  00000+0 0  9990
2 43603  54.2602 215.1494 0004187 358.6478   1.3118  1.86231541 34411
BEIDOU-3 M13            
1 43622U 18072A   23259.35870711  .00000030  00000+0  00000+0 0  9999
2 43622  55.7797  96.0626 0004224 297.2250  62.8153  1.86231666 33940
BEIDOU-3 M14            
1 43623U 18072B   23259.22416363  .00000030  00000+0  00000+0 0  9995
2 43623  55.7814  96.0598 0002790 349.9977  10.0806  1.86231677 33937
BEIDOU-3 M16            
1 43647U 18078A   23259.38686896 -.00000077  00000+0  00000+0 0  9996
2 43647  54.9012 334.9254 0005911   7.2190 352.8535  1.86227391 33446
BEIDOU-3 M15            
1 43648U 18078B   23258.98021018 -.00000079  00000+0  00000+0 0  9993
2 43648  54.8970 334.9433 0002756  18.2489 341.8243  1.86232375 33458
BEIDOU-3 G1             
1 43683U 18085A   23259.55694340 -.00000274  00000+0  00000+0 0  9995
2 43683   1.5388 123.5635 0003010 352.1413 220.0991  1.00275257 17986
COSMOS 2529             
1 43687U 18086A   23259.02822552  .00000032  00000+0  00000+0 0  9991
2 43687  64.3154 226.6234 0011183 262.7245  97.1248  2.13102089 37861
BEIDOU-3 M17            
1 43706U 18093A   23259.12812690  .00000018  00000+0  00000+0 0  9998
2 43706  54.2583 216.4288 0010115 281.9218  77.9273  1.86232105 32827
BEIDOU-3 M18            
1 43707U 18093B   23258.99422241  .00000016  00000+0  00000+0 0  9990
2 43707  54.2590 216.4250 0008451 307.4929  52.3924  1.86229927 32815
NAVSTAR 77 (USA 289)    
1 43873U 18109A   23259.17651618  .00000036  00000+0  00000+0 0  9997
2 43873  55.1956 131.8975 0025813 190.5915  25.1156  2.00569455 34914
BEIDOU-3 IGSO-1         
1 44204U 19023A   23259.31160404 -.00000194  00000+0  00000+0 0  9992
2 44204  57.2385  48.1180 0023847 195.1364 343.8544  1.00279337 16269
BEIDOU-2 G8             
1 44231U 19027A   23259.54218144 -.00000244  00000+0  00000+0 0  9992
2 44231   1.9846  81.0691 0006605 132.3374 121.4847  1.00268402 16006
COSMOS 2534             
1 44299U 19030A   23259.43085956  .00000036  00000+0  00000+0 0  9999
2 44299  64.3880 226.5371 0013366 281.9549 161.0602  2.13102016 33516
BEIDOU-3 IGSO-2         
1 44337U 19035A   23259.40125659 -.00000134  00000+0  00000+0 0  9999
2 44337  55.1520 167.6869 0032828 196.5042 255.0677  1.00271182 15598
NAVSTAR 78 (USA 293)    
1 44506U 19056A   23258.46717346 -.00000092  00000+0  00000+0 0  9998
2 44506  55.8226  11.0011 0037270 185.6640 137.2759  2.00566028 29893
BEIDOU-3 M24            
1 44542U 19061A   23259.06584550  .00000017  00000+0  00000+0 0  9996
2 44542  54.4855 216.6629 0008459 341.6648  18.2669  1.86231558 27079
BEIDOU-3 M23            
1 44543U 19061B   23259.51192623  .00000023  00000+0  00000+0 0  9990
2 44543  54.4839 216.6172 0005925 326.2191 244.6973  1.86231942 27083
BEIDOU-3 IGSO-3         
1 44709U 19073A   23258.49287926 -.00000143  00000+0  00000+0 0  9998
2 44709  56.5156 291.6337 0035244 190.2455 169.7763  1.00278777 14372
BEIDOU-3 M22            
1 44793U 19078A   23257.30041595 -.00000085  00000+0  00000+0 0  9990
2 44793  54.7508 334.9633 0004774  17.2182 342.8571  1.86232401 25893
BEIDOU-3 M21            
1 44794U 19078B   23259.04180993 -.00000079  00000+0  00000+0 0  9993
2 44794  54.7236 334.8849 0002741   5.3119 354.7544  1.86232788 25935
COSMOS 2544             
1 44850U 19088A   23258.87275740  .00000056  00000+0  00000+0 0  9996
2 44850  65.0820 107.4054 0011213 250.8182 109.1552  2.13102262 29293
BEIDOU-3 M19            
1 44864U 19090A   23259.01993897  .00000031  00000+0  00000+0 0  9994
2 44864  55.7136  96.2604 0015280 275.2238 263.9509  1.86231982 25514
BEIDOU-3 M20            
1 44865U 19090B   23259.41395218  .00000030  00000+0  00000+0 0  9991
2 44865  55.7157  96.2801 0013109 290.5432 242.5818  1.86231926 25504
BEIDOU-3 G2             
1 45344U 20017A   23259.53983786 -.00000138  00000+0  00000+0 0  9991
2 45344   2.0554  16.7773 0003119 161.3184  91.5237  1.00272133 13186
COSMOS 2545             
1 45358U 20018A   23259.06953438 -.00000067  00000+0  00000+0 0  9997
2 45358  64.8399 347.5166 0010349 238.3396 121.6096  2.13102635 27242
BEIDOU-3 G3             
1 45807U 20040A   23259.62741347 -.00000351  00000+0  00000+0 0  9993
2 45807   0.6071 346.1715 0005988 328.4730  17.1121  1.00269756 11993
NAVSTAR 79 (USA 304)    
1 45854U 20041A   23259.58837640 -.00000009  00000+0  00000+0 0  9993
2 45854  55.8936  68.2403 0036640 186.4709 169.3426  2.00563387 23887
GALAXY 30 (G-30)        
1 46114U 20056C   23259.59755998  .00000040  00000+0  00000+0 0  9999
2 46114   0.0211 175.0514 0002148 355.8656 274.4897  1.00271503 11213
COSMOS 2547             
1 46805U 20075A   23258.78916353  .00000030  00000+0  00000+0 0  9990
2 46805  64.6154 226.1184 0008352 244.0258 115.8644  2.13102924 22487
NAVSTAR 80 (USA 309)    
1 46826U 20078A   23259.30929296  .00000023  00000+0  00000+0 0  9997
2 46826  54.3074 251.5778 0036149 195.0039 294.8260  2.00562890 21350
NAVSTAR 81 (USA 319)    
1 48859U 21054A   23259.34443250 -.00000088  00000+0  00000+0 0  9997
2 48859  55.3405  12.7465 0012551 212.2474 125.6472  2.00573183 16596
QZS-1R                  
1 49336U 21096A   23259.57059277 -.00000220  00000+0  00000+0 0  9999
2 49336  35.3764  94.7279 0743855 269.5397 330.4118  1.00289359  6931
GSAT0223 (GALILEO 27)   
1 49809U 21116A   23254.47783885 -.00000104  00000+0  00000+0 0  9991
2 49809  57.2800   8.9075 0003509 182.5037 176.6685  1.70476482 10960
GSAT0224 (GALILEO 28)   
1 49810U 21116B   23257.82102084 -.00000092  00000+0  00000+0 0  9997
2 49810  57.2808   8.8163 0002843 175.5101 187.9356  1.70476487 11057
COSMOS 2557             
1 52984U 22075A   23258.48256362 -.00000071  00000+0  00000+0 0  9997
2 52984  64.7571 349.6949 0012138 275.2883  84.6182  2.13102412  9288
COSMOS 2559             
1 54031U 22130A   23259.36310440 -.00000067  00000+0  00000+0 0  9995
2 54031  64.7281 349.7915 0007335 218.7387 141.2562  2.13101627  7275
COSMOS 2564             
1 54377U 22161A   23259.08687771  .00000033  00000+0  00000+0 0  9997
2 54377  64.7562 226.1635 0010624 225.9355 133.9537  2.13102194  6210
NAVSTAR 82 (USA 343)    
1 55268U 23009A   23256.08302088 -.00000024  00000+0  00000+0 0  9992
2 55268  55.0881 188.0713 0004460  90.9394  92.8330  2.00555282  5022
BEIDOU-3 G4             
1 56564U 23066A   23259.48405639 -.00000112  00000+0  00000+0 0  9996
2 56564   2.8169 288.7487 0006711 214.6691 186.0355  1.00273120  1322
IRNSS-1J (NVS-01)       
1 56759U 23076A   23259.54925900 -.00000340  00000+0  00000+0 0  9991
2 56759   4.7108 271.8403 0006198 336.1197  74.4611  1.00268530  1046
