NAVSTAR 43 (USA 132)    
1 24876U 97035A   23219.17744835 -.00000003  00000+0  00000+0 0  9999
2 24876  55.5823 139.4451 0071228  51.6963 308.9532  2.00563882190794
NAVSTAR 47 (USA 150)    
1 26360U 00025A   23218.29164882 -.00000063  00000+0  00000+0 0  9998
2 26360  54.4065  61.7918 0041177 198.3977 330.8168  2.00572675170280
NAVSTAR 51 (USA 166)    
1 27663U 03005A   23218.81329539  .00000019  00000+0  00000+0 0  9996
2 27663  55.2592 256.5459 0131321  44.6197 121.5173  2.00567618150339
NAVSTAR 52 (USA 168)    
1 27704U 03010A   23218.86751552 -.00000097  00000+0  00000+0 0  9994
2 27704  55.1148   6.5188 0248213 318.1015 104.8162  2.00573476149137
NAVSTAR 54 (USA 177)    
1 28190U 04009A   23220.36287521 -.00000096  00000+0  00000+0 0  9990
2 28190  55.7118 317.5417 0093119 137.2873 224.1663  2.00568039142049
NAVSTAR 56 (USA 180)    
1 28474U 04045A   23218.81603179 -.00000096  00000+0  00000+0 0  9993
2 28474  55.4417   6.8326 0161559 281.8483  96.9573  2.00578830137451
ANIK F1R                
1 28868U 05036A   23219.65797521 -.00000083  00000+0  00000+0 0  9995
2 28868   1.6179  89.4227 0002632  35.5661 320.4696  1.00271770 65689
NAVSTAR 57 (USA 183)    
1 28874U 05038A   23218.38609006 -.00000083  00000+0  00000+0 0  9993
2 28874  55.7652 315.0715 0138777 279.1939 115.5029  2.00577319130850
INMARSAT 4-F2           
1 28899U 05044A   23219.97965993  .00000001  00000+0  00000+0 0  9992
2 28899   3.8452  40.6262 0002868 110.0573 222.1077  1.00273874 65038
NAVSTAR 58 (USA 190)    
1 29486U 06042A   23220.01113855  .00000066  00000+0  00000+0 0  9994
2 29486  54.6876 192.7381 0102544  31.1864 359.0203  2.00571391123609
NAVSTAR 59 (USA 192)    
1 29601U 06052A   23218.39380878  .00000019  00000+0  00000+0 0  9991
2 29601  55.2795 255.5201 0084257  79.2556 281.7523  2.00576074122478
NAVSTAR 60 (USA 196)    
1 32260U 07047A   23219.70262112 -.00000033  00000+0  00000+0 0  9994
2 32260  53.4536 123.2872 0150231  69.9101 291.7334  2.00552771115885
COSMOS 2433             
1 32275U 07052A   23218.87693366 -.00000076  00000+0  00000+0 0  9999
2 32275  66.0301 350.8799 0002730 204.1708 155.8216  2.13104065122827
COSMOS 2432             
1 32276U 07052B   23220.12271569 -.00000082  00000+0  00000+0 0  9995
2 32276  66.0440 350.9468 0007840 328.9336 213.9321  2.13103242122846
NAVSTAR 61 (USA 199)    
1 32384U 07062A   23220.46130201 -.00000094  00000+0  00000+0 0  9993
2 32384  55.8947 315.8061 0024994 148.1487 169.5326  2.00557383114635
COSMOS 2434             
1 32393U 07065A   23219.71860493  .00000083  00000+0  00000+0 0  9992
2 32393  64.3383 227.2446 0000303 200.0338 336.7393  2.13103103121549
COSMOS 2436             
1 32395U 07065C   23220.30455101  .00000088  00000+0  00000+0 0  9992
2 32395  64.3469 227.2861 0015456 351.2143  50.6263  2.13102866121492
NAVSTAR 62 (USA 201)    
1 32711U 08012A   23218.12152453  .00000061  00000+0  00000+0 0  9999
2 32711  54.4546 191.6509 0177196 235.6086 122.6795  2.00556386112771
NAVSTAR 64 (USA 206)    
1 35752U 09043A   23218.34741328 -.00000056  00000+0  00000+0 0  9996
2 35752  55.4077  68.8755 0058504  67.8725 111.8630  2.00559505102361
COSMOS 2456             
1 36111U 09070A   23219.45543166 -.00000031  00000+0  00000+0 0  9992
2 36111  64.4791 106.7644 0003191 323.9237 170.5389  2.13099222106208
COSMOS 2457             
1 36112U 09070B   23219.34424689 -.00000030  00000+0  00000+0 0  9998
2 36112  64.4631 106.6341 0004697 153.6216  26.1111  2.13101367106205
COSMOS 2460             
1 36402U 10007C   23219.54437833 -.00000080  00000+0  00000+0 0  9994
2 36402  65.8929 349.5780 0001756 128.5444 192.7992  2.13106263104557
NAVSTAR 65 (USA 213)    
1 36585U 10022A   23219.69261681  .00000035  00000+0  00000+0 0  9994
2 36585  54.5771 250.7038 0108644  59.6988 127.4611  2.00560527 96634
BEIDOU-2 IGSO-1         
1 36828U 10036A   23219.99146541 -.00000112  00000+0  00000+0 0  9996
2 36828  54.2383 172.4187 0037039 190.5744  58.8726  1.00261356 47759
QZS-1 (MICHIBIKI-1)     
1 37158U 10045A   23220.88141204 -.00000055  00000+0  00000+0 0  9990
2 37158  42.7871 127.7436 0037956 276.9156 198.0934  0.88387943 47242
BEIDOU-2 G4             
1 37210U 10057A   23220.06317392 -.00000122  00000+0  00000+0 0  9990
2 37210   1.1175  59.5548 0004964 146.0316 293.3570  1.00269822 46818
BEIDOU-2 IGSO-2         
1 37256U 10068A   23219.62868781 -.00000198  00000+0  00000+0 0  9998
2 37256  49.4562 284.6405 0032315 210.3912 153.7856  1.00292882 46317
BEIDOU-2 IGSO-3         
1 37384U 11013A   23219.38863019 -.00000181  00000+0  00000+0 0  9995
2 37384  60.8977  50.1633 0027170 173.2079 339.2972  1.00288765 45199
GSAT-8                  
1 37605U 11022A   23220.04862361  .00000078  00000+0  00000+0 0  9999
2 37605   0.0119 114.2917 0003489 136.9643 137.5879  1.00269912 44777
NAVSTAR 66 (USA 232)    
1 37753U 11036A   23220.32124156 -.00000093  00000+0  00000+0 0  9990
2 37753  56.7395  12.5133 0127297  56.1032 310.5169  2.00568283 88333
BEIDOU-2 IGSO-4         
1 37763U 11038A   23220.34340406 -.00000056  00000+0  00000+0 0  9992
2 37763  54.5124 174.9537 0112319 228.4631 132.0520  1.00279575 44173
GSAT0101 (GALILEO-PFM)  
1 37846U 11060A   23219.72728951 -.00000096  00000+0  00000+0 0  9998
2 37846  57.1058  10.0451 0002702  68.3932 291.6357  1.70475920 73445
GSAT0102 (GALILEO-FM2)  
1 37847U 11060B   23218.47063184 -.00000093  00000+0  00000+0 0  9997
2 37847  57.1066  10.0791 0001977  20.1887 334.9372  1.70475262 73414
COSMOS 2476             
1 37867U 11064A   23219.62964661 -.00000032  00000+0  00000+0 0  9994
2 37867  64.7599 108.2750 0021595 235.3358 301.8561  2.13101723 91551
COSMOS 2477             
1 37868U 11064B   23219.34778940 -.00000029  00000+0  00000+0 0  9993
2 37868  64.7669 108.3538 0018840 236.1710 262.6858  2.13101644 91505
COSMOS 2475             
1 37869U 11064C   23220.41720715 -.00000040  00000+0  00000+0 0  9994
2 37869  64.7746 108.3294 0023252 253.3016 304.4160  2.13102055 91535
BEIDOU-2 IGSO-5         
1 37948U 11073A   23220.10657434 -.00000154  00000+0  00000+0 0  9991
2 37948  49.5802 284.3015 0094748 219.7135 306.6056  1.00279026 42935
LUCH-5A                 
1 37951U 11074B   23220.05851883 -.00000059  00000+0  00000+0 0  9998
2 37951   6.0742  90.1737 0005136  42.6203  11.4914  1.00271779 42724
BEIDOU-2 G5             
1 38091U 12008A   23220.04940809  .00000048  00000+0  00000+0 0  9995
2 38091   1.6464  67.9685 0001245 187.6324 137.1598  1.00274607 42005
BEIDOU-2 M3             
1 38250U 12018A   23218.73966996 -.00000107  00000+0  00000+0 0  9998
2 38250  56.5274 339.8227 0022181 255.0310 104.7339  1.86231060 76819
BEIDOU-2 M4             
1 38251U 12018B   23219.20817915 -.00000110  00000+0  00000+0 0  9992
2 38251  56.4382 339.1024 0013075 254.5259 105.3405  1.86231792 76829
SES-5                   
1 38652U 12036A   23220.03868682  .00000026  00000+0  00000+0 0  9992
2 38652   0.0502 286.3678 0002102 217.7130 191.0923  1.00272322 40591
BEIDOU-2 M6             
1 38775U 12050B   23218.91823372 -.00000047  00000+0  00000+0 0  9999
2 38775  55.6691  97.7207 0012681 337.3169  22.6956  1.86231222 74194
GSAT-10                 
1 38779U 12051B   23220.05420215 -.00000173  00000+0  00000+0 0  9991
2 38779   0.0153  99.5547 0001122 151.6229 167.6346  1.00272466 39829
NAVSTAR 67 (USA 239)    
1 38833U 12053A   23219.29745856  .00000059  00000+0  00000+0 0  9991
2 38833  53.5152 186.3380 0140163  51.4175 309.8033  2.00566696 79377
GSAT0103 (GALILEO-FM3)  
1 38857U 12055A   23218.00659040 -.00000013  00000+0  00000+0 0  9997
2 38857  55.2723 130.3001 0003802 272.8477  87.1335  1.70473621 67310
GSAT0104 (GALILEO-FM4)  
1 38858U 12055B   23219.73583644 -.00000027  00000+0  00000+0 0  9990
2 38858  55.2730 130.2540 0001203 275.9819  84.0262  1.70473922 67312
BEIDOU-2 G6             
1 38953U 12059A   23220.05446365 -.00000184  00000+0  00000+0 0  9999
2 38953   1.9620  82.2656 0008318 320.9183  16.7488  1.00270700 39578
LUCH-5B                 
1 38977U 12061A   23219.98105056 -.00000147  00000+0  00000+0 0  9996
2 38977   8.1953  59.3632 0005826  94.6001 139.1297  1.00271138 39705
COSMOS 2485             
1 39155U 13019A   23219.34064895 -.00000028  00000+0  00000+0 0  9992
2 39155  64.9202 108.8024 0022043 231.2528 128.6116  2.13101941 80011
NAVSTAR 68 (USA 242)    
1 39166U 13023A   23220.15619560 -.00000087  00000+0  00000+0 0  9990
2 39166  55.3792 311.2076 0114044  41.8039 319.1013  2.00564282 74937
IRNSS-1A                
1 39199U 13034A   23219.23313436  .00000059  00000+0  00000+0 0  9996
2 39199  33.3585  79.1114 0019283 176.7515 198.5719  1.00271062 37175
NAVSTAR 69 (USA 248)    
1 39533U 14008A   23218.15877135  .00000060  00000+0  00000+0 0  9993
2 39533  53.6026 191.9383 0067281 215.7446 143.7787  2.00550059 69259
ASTRA 5B                
1 39617U 14011B   23220.32902187  .00000130  00000+0  00000+0 0  9996
2 39617   0.0481 318.5364 0002800 208.4948 291.4662  1.00273622 34400
COSMOS 2492             
1 39620U 14012A   23220.27571174 -.00000085  00000+0  00000+0 0  9993
2 39620  65.7710 349.1757 0010736 326.2610  65.1996  2.13103279 72992
IRNSS-1B                
1 39635U 14017A   23220.19194115  .00000117  00000+0  00000+0 0  9996
2 39635  28.7591 258.1227 0020768 191.5765 350.9043  1.00273559 34311
LUCH-5V                 
1 39727U 14023A   23220.41488855 -.00000278  00000+0  00000+0 0  9996
2 39727   2.5074  77.4063 0002966 109.1897  14.1588  1.00271936552045
NAVSTAR 70 (USA 251)    
1 39741U 14026A   23218.44094811 -.00000090  00000+0  00000+0 0  9992
2 39741  56.6929  12.1085 0028537 312.3746  47.3905  2.00559193 67556
COSMOS 2500             
1 40001U 14032A   23219.47976722 -.00000081  00000+0  00000+0 0  9994
2 40001  65.7151 349.0322 0007329 190.0408 169.9510  2.13105894 71190
NAVSTAR 71 (USA 256)    
1 40105U 14045A   23220.02342009 -.00000029  00000+0  00000+0 0  9993
2 40105  54.8042 130.1641 0023721 112.9546 247.3196  2.00575858 66020
GSAT0201 (GALILEO 5)    
1 40128U 14050A   23218.23725283 -.00000104  00000+0  00000+0 0  9997
2 40128  49.9615 315.7317 1610143 139.2673 233.9791  1.85518998 60852
GSAT0202 (GALILEO 6)    
1 40129U 14050B   23219.03573690 -.00000109  00000+0  00000+0 0  9995
2 40129  49.9801 314.7708 1607753 140.1204 232.8921  1.85519576 61067
IRNSS-1C                
1 40269U 14061A   23220.05420215 -.00000171  00000+0  00000+0 0  9999
2 40269   3.8993 113.5603 0020862  13.7843 291.4750  1.00270345 32351
NAVSTAR 72 (USA 258)    
1 40294U 14068A   23218.90404261 -.00000057  00000+0  00000+0 0  9991
2 40294  56.1517  71.5751 0048768  60.7282 299.8261  2.00569908 64220
COSMOS 2501             
1 40315U 14075A   23219.26016140  .00000078  00000+0  00000+0 0  9990
2 40315  63.6419 226.6389 0020239 211.7082 148.1974  2.13101383 67589
NAVSTAR 73 (USA 260)    
1 40534U 15013A   23219.03822616  .00000034  00000+0  00000+0 0  9996
2 40534  53.4761 247.4637 0079234  25.0426 335.3893  2.00556404 61288
GSAT0203 (GALILEO 7)    
1 40544U 15017A   23218.92022476 -.00000095  00000+0  00000+0 0  9992
2 40544  56.9011  10.0438 0002140 217.1042 142.8807  1.70476038 52048
GSAT0204 (GALILEO 8)    
1 40545U 15017B   23219.17377463 -.00000095  00000+0  00000+0 0  9990
2 40545  56.9071  10.0510 0002617 195.6388 164.3531  1.70475578 52050
IRNSS-1D                
1 40547U 15018A   23215.52198882 -.00000270  00000+0  00000+0 0  9999
2 40547  28.1351 258.1761 0021579 191.1849 162.0965  1.00266847 30724
BEIDOU-3S IGSO-1S       
1 40549U 15019A   23220.10449679 -.00000191  00000+0  00000+0 0  9997
2 40549  51.1478 307.8920 0040701 194.5280 306.9219  1.00261987 30614
NAVSTAR 74 (USA 262)    
1 40730U 15033A   23220.19685500 -.00000086  00000+0  00000+0 0  9992
2 40730  54.8680 309.8333 0084556  14.0611 346.2149  2.00556664 59071
BEIDOU-3S M2S           
1 40748U 15037A   23217.80035486 -.00000102  00000+0  00000+0 0  9990
2 40748  55.6804 337.7669 0009965 238.3347 121.5806  1.86233005 54632
BEIDOU-3S M1S           
1 40749U 15037B   23217.53346175 -.00000100  00000+0  00000+0 0  9999
2 40749  55.6837 337.7621 0002389 325.0664  34.9301  1.86232802 54626
GSAT0205 (GALILEO 9)    
1 40889U 15045A   23218.94172993  .00000036  00000+0  00000+0 0  9991
2 40889  55.3771 250.4815 0003121 359.1500   0.9058  1.70473605 49192
GSAT0206 (GALILEO 10)   
1 40890U 15045B   23216.22951824  .00000040  00000+0  00000+0 0  9995
2 40890  55.3774 250.5520 0001968 321.0700  38.9845  1.70473575 49177
BEIDOU-3S IGSO-2S       
1 40938U 15053A   23219.11229987 -.00000119  00000+0  00000+0 0  9994
2 40938  50.8499 271.0724 0048028 193.4364 346.0893  1.00289479 28863
NAVSTAR 75 (USA 265)    
1 41019U 15062A   23219.75175075 -.00000061  00000+0  00000+0 0  9999
2 41019  56.1364  71.3914 0088018 221.1337 138.2633  2.00562211 56883
GSAT-15                 
1 41028U 15065A   23220.05629411 -.00000265  00000+0  00000+0 0  9991
2 41028   0.0405 264.1231 0002584 206.4623 319.4760  1.00271076 28393
GSAT0209 (GALILEO 12)   
1 41174U 15079A   23219.33406682 -.00000024  00000+0  00000+0 0  9993
2 41174  55.2904 129.9701 0003883 320.9200  39.0754  1.70473819 47549
GSAT0208 (GALILEO 11)   
1 41175U 15079B   23220.14024623 -.00000031  00000+0  00000+0 0  9994
2 41175  55.2891 129.9461 0003261 322.7130  37.2854  1.70473886 47556
IRNSS-1E                
1 41241U 16003A   23217.62534781 -.00000314  00000+0  00000+0 0  9990
2 41241  30.9083  78.2487 0018457 177.6679  34.8786  1.00278946 27700
NAVSTAR 76 (USA 266)    
1 41328U 16007A   23219.34496292 -.00000018  00000+0  00000+0 0  9996
2 41328  55.0093 130.9630 0071608 234.7884 124.5641  2.00551393 54923
COSMOS 2514             
1 41330U 16008A   23219.24131619 -.00000080  00000+0  00000+0 0  9997
2 41330  65.5125 348.6287 0010851 202.4499 157.5093  2.13102551 58351
IRNSS-1F                
1 41384U 16015A   23220.25917569  .00000150  00000+0  00000+0 0  9990
2 41384   2.8791 131.1385 0018045 180.8457 130.3403  1.00274668 27199
BEIDOU-2 IGSO-6         
1 41434U 16021A   23219.48361323 -.00000158  00000+0  00000+0 0  9996
2 41434  58.7108  48.5461 0046218 217.8967 318.8472  1.00288298 27006
IRNSS-1G                
1 41469U 16027A   23219.99175066 -.00000343  00000+0  00000+0 0  9999
2 41469   2.7719 132.8993 0004153 345.8689 323.9881  1.00277427 26702
GSAT0211 (GALILEO 14)   
1 41549U 16030A   23217.32835225  .00000036  00000+0  00000+0 0  9995
2 41549  55.5242 250.4987 0003425 305.9128  54.1171  1.70473751 44805
GSAT0210 (GALILEO 13)   
1 41550U 16030B   23217.61989755  .00000035  00000+0  00000+0 0  9996
2 41550  55.5231 250.4918 0004034 269.6724  90.3415  1.70473754 44800
COSMOS 2516             
1 41554U 16032A   23217.94909773  .00000066  00000+0  00000+0 0  9994
2 41554  63.8682 227.0772 0015540 214.8207 145.1054  2.13106426 55937
BEIDOU-2 G7             
1 41586U 16037A   23220.42549259 -.00000362  00000+0  00000+0 0  9990
2 41586   1.8083  68.0778 0007441 349.8580 162.4601  1.00271983 26318
EUTELSAT 117 WEST B     
1 41589U 16038B   23220.37270955 -.00000019  00000+0  00000+0 0  9991
2 41589   0.0120 230.0812 0000246 232.0192 231.6849  1.00271616 26239
GSAT0207 (GALILEO 15)   
1 41859U 16069A   23217.28159758 -.00000010  00000+0  00000+0 0  9999
2 41859  54.9525 130.1059 0004014 304.6598  55.3266  1.70473761 41774
GSAT0212 (GALILEO 16)   
1 41860U 16069B   23217.13629325 -.00000009  00000+0  00000+0 0  9995
2 41860  54.9500 130.1069 0002973 335.9560  24.0540  1.70473958 41808
GSAT0213 (GALILEO 17)   
1 41861U 16069C   23216.32894774 -.00000007  00000+0  00000+0 0  9996
2 41861  54.9521 130.1353 0003901 281.4512  78.5264  1.70472652 41786
GSAT0214 (GALILEO 18)   
1 41862U 16069D   23219.40909004 -.00000025  00000+0  00000+0 0  9992
2 41862  54.9511 130.0438 0003249 287.1750  72.8122  1.70472595 41833
SES-15                  
1 42709U 17026A   23220.33313538  .00000052  00000+0  00000+0 0  9991
2 42709   0.0163  42.5722 0000882 135.3193 129.4528  1.00272249 23710
QZS-2 (MICHIBIKI-2)     
1 42738U 17028A   23218.43013177 -.00000144  00000+0  00000+0 0  9992
2 42738  41.0888 258.2795 0755440 269.7124  83.2168  1.00272508 22657
QZS-3 (MICHIBIKI-3)     
1 42917U 17048A   23219.63295889 -.00000356  00000+0  00000+0 0  9993
2 42917   0.0590 177.9400 0002529 334.2023 158.5593  1.00276360 21893
COSMOS 2522             
1 42939U 17055A   23219.08329925  .00000076  00000+0  00000+0 0  9991
2 42939  64.1024 227.5550 0010228 242.8265 117.0982  2.13101953 45703
QZS-4 (MICHIBIKI-4)     
1 42965U 17062A   23219.71091118 -.00000356  00000+0  00000+0 0  9990
2 42965  40.6466 356.7957 0746811 268.8031  84.7983  1.00288410 21333
BEIDOU-3 M1             
1 43001U 17069A   23219.22156553 -.00000050  00000+0  00000+0 0  9991
2 43001  55.8210  97.7654 0008911 303.3970  56.5852  1.86231552 39144
BEIDOU-3 M2             
1 43002U 17069B   23219.69517667 -.00000055  00000+0  00000+0 0  9995
2 43002  55.8205  97.7860 0007359 331.0516  28.9735  1.86231142 39145
GSAT0215 (GALILEO 19)   
1 43055U 17079A   23215.20554664  .00000048  00000+0  00000+0 0  9996
2 43055  55.5014 250.3838 0003415 260.5009  99.5373  1.70474347 35105
GSAT0216 (GALILEO 20)   
1 43056U 17079B   23213.73775815  .00000061  00000+0  00000+0 0  9991
2 43056  55.5022 250.4242 0005025 270.2614  89.7689  1.70474489 35067
GSAT0217 (GALILEO 21)   
1 43057U 17079C   23219.23729282  .00000038  00000+0  00000+0 0  9994
2 43057  55.4982 250.2714 0004683 281.5700  78.4335  1.70474383 35172
GSAT0218 (GALILEO 22)   
1 43058U 17079D   23218.87075988  .00000037  00000+0  00000+0 0  9990
2 43058  55.4964 250.2789 0005674 269.9267  90.0645  1.70474421 35160
BEIDOU-3 M7             
1 43107U 18003A   23219.98307508 -.00000116  00000+0  00000+0 0  9991
2 43107  55.1348 338.4215 0004195  77.8930 282.1647  1.86232444 37916
BEIDOU-3 M8             
1 43108U 18003B   23217.77313456 -.00000103  00000+0  00000+0 0  9992
2 43108  55.1292 338.4844 0003261 239.2508 120.7289  1.86230839 37871
BEIDOU-3 M4             
1 43207U 18018A   23218.21567197 -.00000037  00000+0  00000+0 0  9997
2 43207  55.7792  97.8991 0005611   2.4851 357.5887  1.86231438 37266
BEIDOU-3 M3             
1 43208U 18018B   23218.81925717 -.00000045  00000+0  00000+0 0  9999
2 43208  55.7791  97.8833 0006978 318.6074  41.4085  1.86231323 37270
BEIDOU-3 M9             
1 43245U 18029A   23219.57915969 -.00000113  00000+0  00000+0 0  9990
2 43245  55.0302 336.1713 0001025 186.0780 173.9340  1.86232526 36446
BEIDOU-3 M10            
1 43246U 18029B   23218.43534053 -.00000106  00000+0  00000+0 0  9998
2 43246  55.0284 336.2398 0002911  10.5904 349.4297  1.86232860 36419
IRNSS-1I                
1 43286U 18035A   23219.76230203  .00000066  00000+0  00000+0 0  9990
2 43286  29.1875  90.6338 0018948 179.6760  15.1624  1.00273509 19592
COSMOS 2527             
1 43508U 18053A   23219.98041983 -.00000036  00000+0  00000+0 0  9994
2 43508  65.0817 108.8677 0007567 227.5471 132.4488  2.13102414 40023
BEIDOU-2 IGSO-7         
1 43539U 18057A   23219.47653811 -.00000116  00000+0  00000+0 0  9994
2 43539  55.1230 172.1026 0065075 231.8545 195.2193  1.00292028 18689
GSAT0221 (GALILEO 25)   
1 43564U 18060A   23218.18379006 -.00000092  00000+0  00000+0 0  9997
2 43564  57.2819   9.9846 0001759 259.4969 100.4821  1.70475867 31340
GSAT0222 (GALILEO 26)   
1 43565U 18060B   23218.98842457 -.00000094  00000+0  00000+0 0  9993
2 43565  57.2852   9.9638 0002433 197.4150 162.5762  1.70475587 31397
GSAT0219 (GALILEO 23)   
1 43566U 18060C   23218.03762249 -.00000092  00000+0  00000+0 0  9998
2 43566  57.2847   9.9917 0000844 276.9871  83.0020  1.70475870 31354
GSAT0220 (GALILEO 24)   
1 43567U 18060D   23218.84461074 -.00000094  00000+0  00000+0 0  9992
2 43567  57.2844   9.9695 0001105 261.6274  98.3595  1.70475647 31341
BEIDOU-3 M5             
1 43581U 18062A   23219.19271092  .00000075  00000+0  00000+0 0  9996
2 43581  54.1828 217.8719 0005740 273.9846  85.9535  1.86231805 34175
BEIDOU-3 M6             
1 43582U 18062B   23218.52134152  .00000069  00000+0  00000+0 0  9991
2 43582  54.1825 217.8843 0004576 347.0213  12.9692  1.86229512 34163
BEIDOU-3 M12            
1 43602U 18067A   23218.45791586  .00000069  00000+0  00000+0 0  9991
2 43602  54.2699 216.5394 0006679   9.3092 350.7032  1.86231556 33646
BEIDOU-3 M11            
1 43603U 18067B   23219.12868283  .00000075  00000+0  00000+0 0  9993
2 43603  54.2670 216.4823 0003915 350.9612   9.0332  1.86231504 33689
BEIDOU-3 M13            
1 43622U 18072A   23220.16122946 -.00000060  00000+0  00000+0 0  9990
2 43622  55.7497  97.3752 0005525 302.2477  57.7636  1.86231678 33216
BEIDOU-3 M14            
1 43623U 18072B   23220.02668733 -.00000059  00000+0  00000+0 0  9993
2 43623  55.7514  97.3723 0004037 339.3800  20.6690  1.86231681 33216
BEIDOU-3 M16            
1 43647U 18078A   23217.50357765 -.00000101  00000+0  00000+0 0  9992
2 43647  54.9278 336.3680 0006278  15.7429 344.2903  1.86227172 32670
BEIDOU-3 M15            
1 43648U 18078B   23219.78279309 -.00000115  00000+0  00000+0 0  9997
2 43648  54.9219 336.2936 0003319  33.3335 326.7002  1.86232231 32738
BEIDOU-3 G1             
1 43683U 18085A   23220.42386653 -.00000288  00000+0  00000+0 0  9999
2 43683   1.4579 126.2736 0002993 351.4486 131.4313  1.00265816 17589
COSMOS 2529             
1 43687U 18086A   23219.14127777  .00000076  00000+0  00000+0 0  9995
2 43687  64.3176 227.9808 0011832 261.2611  98.6348  2.13102085 37018
BEIDOU-3 M17            
1 43706U 18093A   23219.39412483  .00000077  00000+0  00000+0 0  9994
2 43706  54.2653 217.7802 0010782 276.8244  83.0571  1.86231901 32061
BEIDOU-3 M18            
1 43707U 18093B   23219.25975385  .00000076  00000+0  00000+0 0  9994
2 43707  54.2660 217.7763 0008743 300.0170  59.9001  1.86229700 32073
NAVSTAR 77 (USA 289)    
1 43873U 18109A   23219.21664115 -.00000012  00000+0  00000+0 0  9999
2 43873  55.1857 133.4768 0025153 192.4937 329.3799  2.00567572 34060
BEIDOU-3 IGSO-1         
1 44204U 19023A   23219.91827071 -.00000217  00000+0  00000+0 0  9990
2 44204  57.1777  48.5287 0022790 193.6502 163.2493  1.00290679 15884
BEIDOU-2 G8             
1 44231U 19027A   23219.97618920 -.00000256  00000+0  00000+0 0  9994
2 44231   1.8879  81.2436 0005955 125.6485 245.2677  1.00270024 15609
COSMOS 2534             
1 44299U 19030A   23219.46046059  .00000080  00000+0  00000+0 0  9998
2 44299  64.3900 227.8938 0013847 279.8898  99.1713  2.13101969 32675
BEIDOU-3 IGSO-2         
1 44337U 19035A   23219.48897213 -.00000125  00000+0  00000+0 0  9995
2 44337  55.1551 168.0371 0033326 198.3722 244.6017  1.00283231 15224
NAVSTAR 78 (USA 293)    
1 44506U 19056A   23218.42980876 -.00000091  00000+0  00000+0 0  9999
2 44506  55.8166  12.5835 0035699 183.6740  30.1518  2.00564973 29080
BEIDOU-3 M24            
1 44542U 19061A   23218.25779219  .00000067  00000+0  00000+0 0  9995
2 44542  54.4928 218.0433 0008210 333.7701  26.1906  1.86231349 26312
BEIDOU-3 M23            
1 44543U 19061B   23218.72502376  .00000072  00000+0  00000+0 0  9992
2 44543  54.4909 217.9964 0005881 314.9490 270.1237  1.86231608 26312
BEIDOU-3 IGSO-3         
1 44709U 19073A   23218.60705876 -.00000192  00000+0  00000+0 0  9990
2 44709  56.5813 292.0556 0034987 188.3332 171.7000  1.00290975 13959
BEIDOU-3 M22            
1 44793U 19078A   23217.56606768 -.00000101  00000+0  00000+0 0  9992
2 44793  54.7764 336.3367 0005253  25.3038 334.7357  1.86232138 25169
BEIDOU-3 M21            
1 44794U 19078B   23218.23365588 -.00000106  00000+0  00000+0 0  9995
2 44794  54.7496 336.2964 0003069  21.7248 338.3022  1.86232580 25171
COSMOS 2544             
1 44850U 19088A   23219.92412060 -.00000035  00000+0  00000+0 0  9995
2 44850  65.0678 108.7131 0012087 256.4612 103.4644  2.13102178 28445
BEIDOU-3 M19            
1 44864U 19090A   23219.82854538 -.00000057  00000+0  00000+0 0  9996
2 44864  55.6840  97.5741 0016196 277.8196 265.3695  1.86231805 24772
BEIDOU-3 M20            
1 44865U 19090B   23220.22962681 -.00000061  00000+0  00000+0 0  9997
2 44865  55.6863  97.5935 0014242 292.6580 249.2268  1.86231759 24769
BEIDOU-3 G2             
1 45344U 20017A   23220.41192495 -.00000149  00000+0  00000+0 0  9997
2 45344   2.0328  14.8071 0003182 137.7926  32.3746  1.00272647 12802
COSMOS 2545             
1 45358U 20018A   23219.65162947 -.00000083  00000+0  00000+0 0  9993
2 45358  64.8526 348.8825 0008698 235.1217 124.8032  2.13102553 26402
BEIDOU-3 G3             
1 45807U 20040A   23219.77202309 -.00000361  00000+0  00000+0 0  9996
2 45807   0.6416 338.3520 0004917 357.4618   8.6385  1.00275848 11616
NAVSTAR 79 (USA 304)    
1 45854U 20041A   23220.43752427 -.00000063  00000+0  00000+0 0  9994
2 45854  55.8589  69.7846 0034838 185.7108 341.2660  2.00564251 23095
GALAXY 30 (G-30)        
1 46114U 20056C   23220.37114057  .00000029  00000+0  00000+0 0  9995
2 46114   0.0186  90.3046 0002106  60.6348 174.2787  1.00270528 10935
COSMOS 2547             
1 46805U 20075A   23219.84085658  .00000084  00000+0  00000+0 0  9998
2 46805  64.6173 227.4288 0008842 243.7725 116.1670  2.13102995 21655
NAVSTAR 80 (USA 309)    
1 46826U 20078A   23220.46536108  .00000037  00000+0  00000+0 0  9993
2 46826  54.3240 253.1561 0035211 194.1098 328.3916  2.00562679 20565
NAVSTAR 81 (USA 319)    
1 48859U 21054A   23218.24031068 -.00000091  00000+0  00000+0 0  9995
2 48859  55.3331  14.3907 0011045 208.8110 328.3710  2.00575173 15764
QZS-1R                  
1 49336U 21096A   23219.55604903 -.00000325  00000+0  00000+0 0  9991
2 49336  35.2944  95.3419 0759676 272.2987 278.7053  1.00238802  6532
GSAT0223 (GALILEO 27)   
1 49809U 21116A   23218.08660493 -.00000092  00000+0  00000+0 0  9993
2 49809  57.2757   9.8861 0002975 158.0225 187.0193  1.70475742 10347
GSAT0224 (GALILEO 28)   
1 49810U 21116B   23218.80895456 -.00000094  00000+0  00000+0 0  9996
2 49810  57.2771   9.8648 0002688 145.3713  35.4730  1.70475829 10372
COSMOS 2557             
1 52984U 22075A   23219.53387420 -.00000082  00000+0  00000+0 0  9992
2 52984  64.7683 351.0488 0010991 277.7813  82.0995  2.13102203  8430
COSMOS 2559             
1 54031U 22130A   23217.59869652 -.00000074  00000+0  00000+0 0  9996
2 54031  64.7399 351.2445 0006315 212.0508 147.9152  2.13101382  6387
COSMOS 2564             
1 54377U 22161A   23220.13840766  .00000087  00000+0  00000+0 0  9995
2 54377  64.7580 227.4669 0011309 226.7467 133.1902  2.13102167  5380
NAVSTAR 82 (USA 343)    
1 55268U 23009A   23216.93729976  .00000053  00000+0  00000+0 0  9992
2 55268  55.0934 189.6052 0004088  95.6586 263.8384  2.00557491  4230
BEIDOU-3 G4             
1 56564U 23066A   23219.92620271 -.00000119  00000+0  00000+0 0  9999
2 56564   2.9111 288.9204 0007162 204.6682 315.9051  1.00269949   935
IRNSS-1J (NVS-01)       
1 56759U 23076A   23219.63348187 -.00000341  00000+0  00000+0 0  9994
2 56759   4.8093 272.5816 0005332 341.0720  59.7886  1.00275068   731
