NAVSTAR 43 (USA 132)    
1 24876U 97035A   23285.98710559  .00000075  00000+0  00000+0 0  9995
2 24876  55.5970 136.8341 0074119  53.1390 307.6407  2.00564445192334
NAVSTAR 47 (USA 150)    
1 26360U 00025A   23286.36766017 -.00000038  00000+0  00000+0 0  9991
2 26360  54.4662  59.0053 0041805 201.5194 163.8019  2.00568165171660
NAVSTAR 51 (USA 166)    
1 27663U 03005A   23286.62271649 -.00000009  00000+0  00000+0 0  9998
2 27663  55.2263 253.8474 0133322  44.8934 123.6785  2.00563783151708
NAVSTAR 52 (USA 168)    
1 27704U 03010A   23286.10215937 -.00000092  00000+0  00000+0 0  9993
2 27704  55.1151   3.8067 0249937 319.6536  52.7493  2.00576957150491
NAVSTAR 54 (USA 177)    
1 28190U 04009A   23286.27185649 -.00000035  00000+0  00000+0 0  9993
2 28190  55.6606 314.9204 0092438 140.3707 291.3837  2.00566231143333
NAVSTAR 56 (USA 180)    
1 28474U 04045A   23286.62168890 -.00000089  00000+0  00000+0 0  9995
2 28474  55.4425   4.1206 0163273 283.4445  95.0744  2.00556284138820
ANIK F1R                
1 28868U 05036A   23286.52988781 -.00000065  00000+0  00000+0 0  9995
2 28868   1.7880  88.4984 0001577  84.4194 292.4197  1.00273309 36658
NAVSTAR 57 (USA 183)    
1 28874U 05038A   23286.38869330 -.00000032  00000+0  00000+0 0  9990
2 28874  55.7111 312.3688 0140308 280.2142 258.4733  2.00572932132229
INMARSAT 4-F2           
1 28899U 05044A   23278.94424344 -.00000024  00000+0  00000+0 0  9990
2 28899   3.8913  40.9277 0006145  43.1630 334.3200  1.00395805 65629
NAVSTAR 58 (USA 190)    
1 29486U 06042A   23286.45477722  .00000016  00000+0  00000+0 0  9995
2 29486  54.6806 190.1058 0104008  33.4519  94.0422  2.00567742124788
NAVSTAR 59 (USA 192)    
1 29601U 06052A   23286.20152018 -.00000012  00000+0  00000+0 0  9993
2 29601  55.2486 252.8261 0083887  79.4717 281.4464  2.00551645123794
NAVSTAR 60 (USA 196)    
1 32260U 07047A   23286.51599179  .00000069  00000+0  00000+0 0  9991
2 32260  53.4835 120.5162 0152572  71.6145 290.1231  2.00549709117201
COSMOS 2433             
1 32275U 07052A   23285.98098349 -.00000056  00000+0  00000+0 0  9993
2 32275  66.0111 348.6509 0004902 235.3959 124.6286  2.13104212124217
COSMOS 2432             
1 32276U 07052B   23286.53221951 -.00000054  00000+0  00000+0 0  9991
2 32276  66.0254 348.7420 0009488 312.6403  57.2129  2.13103346124254
NAVSTAR 61 (USA 199)    
1 32384U 07062A   23286.45584704 -.00000032  00000+0  00000+0 0  9997
2 32384  55.8440 313.1931 0024455 152.1517 295.6766  2.00560829115900
COSMOS 2434             
1 32393U 07065A   23286.35716250 -.00000003  00000+0  00000+0 0  9990
2 32393  64.3331 224.9807 0001581  68.1568 111.7641  2.13103110122933
COSMOS 2436             
1 32395U 07065C   23286.58274493 -.00000001  00000+0  00000+0 0  9993
2 32395  64.3417 225.0351 0016223 357.4624 130.9885  2.13102759122898
NAVSTAR 62 (USA 201)    
1 32711U 08012A   23285.93022722  .00000011  00000+0  00000+0 0  9992
2 32711  54.4486 188.9486 0177757 236.0857 122.2637  2.00558541114139
NAVSTAR 64 (USA 206)    
1 35752U 09043A   23286.42043078 -.00000021  00000+0  00000+0 0  9999
2 35752  55.4678  66.1573 0057665  70.0256 300.3620  2.00555822103755
COSMOS 2456             
1 36111U 09070A   23286.38382003  .00000076  00000+0  00000+0 0  9997
2 36111  64.5071 104.4651 0001314 339.0366  19.9448  2.13099196107583
COSMOS 2457             
1 36112U 09070B   23286.41637882  .00000076  00000+0  00000+0 0  9990
2 36112  64.4916 104.3284 0006521 147.2941   7.7588  2.13101379107593
COSMOS 2460             
1 36402U 10007C   23286.31681361 -.00000053  00000+0  00000+0 0  9990
2 36402  65.8726 347.3485 0002007 228.7281 198.7891  2.13106381105895
NAVSTAR 65 (USA 213)    
1 36585U 10022A   23286.45723228 -.00000012  00000+0  00000+0 0  9998
2 36585  54.5487 248.0070 0110740  59.7096  94.7765  2.00564003 97983
BEIDOU-2 IGSO-1         
1 36828U 10036A   23286.60189862 -.00000091  00000+0  00000+0 0  9997
2 36828  54.2326 171.8125 0037649 192.2798 339.1952  1.00299470 48403
QZS-1 (MICHIBIKI-1)     
1 37158U 10045A   23286.63741918  .00000068  00000+0  00000+0 0  9996
2 37158  42.9216 127.2254 0003812 104.8133 264.6117  0.87715716 47827
BEIDOU-2 G4             
1 37210U 10057A   23286.59597814 -.00000103  00000+0  00000+0 0  9998
2 37210   1.2629  62.5329 0007187 163.9803 169.9651  1.00272779 47480
BEIDOU-2 IGSO-2         
1 37256U 10068A   23286.41567030 -.00000187  00000+0  00000+0 0  9990
2 37256  49.3409 283.8312 0031763 214.1616 141.7614  1.00271517 46987
BEIDOU-2 IGSO-3         
1 37384U 11013A   23286.27217001 -.00000178  00000+0  00000+0 0  9997
2 37384  60.9971  49.5197 0028400 177.5448   0.5978  1.00272111 45850
GSAT-8                  
1 37605U 11022A   23286.54805567  .00000092  00000+0  00000+0 0  9997
2 37605   0.0488  59.3798 0007043 193.4642  21.4152  1.00272855 43414
NAVSTAR 66 (USA 232)    
1 37753U 11036A   23286.21826944 -.00000092  00000+0  00000+0 0  9993
2 37753  56.7481   9.9610 0126857  56.3469  12.0368  2.00569019 89666
BEIDOU-2 IGSO-4         
1 37763U 11038A   23286.16899712 -.00000053  00000+0  00000+0 0  9990
2 37763  54.5063 174.3680 0111786 227.6186 135.3832  1.00266446 44840
GSAT0101 (GALILEO-PFM)  
1 37846U 11060A   23284.83818171 -.00000095  00000+0  00000+0 0  9995
2 37846  57.1128   8.2849 0000417  40.9336 319.1064  1.70476083 74429
GSAT0102 (GALILEO-FM2)  
1 37847U 11060B   23286.51004534 -.00000088  00000+0  00000+0 0  9995
2 37847  57.1136   8.2394 0002103 301.6101  50.6794  1.70475476 74450
COSMOS 2476             
1 37867U 11064A   23286.28576251  .00000079  00000+0  00000+0 0  9994
2 37867  64.7864 106.0104 0021338 230.1711 323.2297  2.13101786 92921
COSMOS 2477             
1 37868U 11064B   23285.72969826  .00000081  00000+0  00000+0 0  9990
2 37868  64.7942 106.0995 0018550 230.2178  74.4582  2.13101716 92900
COSMOS 2475             
1 37869U 11064C   23285.90933236  .00000080  00000+0  00000+0 0  9996
2 37869  64.8007 106.1057 0022468 248.8188 152.1879  2.13101967 92937
BEIDOU-2 IGSO-5         
1 37948U 11073A   23286.40711610 -.00000135  00000+0  00000+0 0  9992
2 37948  49.4668 283.5011 0094677 221.0874 118.7717  1.00263908 43320
LUCH-5A                 
1 37951U 11074B   23286.59973781 -.00000034  00000+0  00000+0 0  9994
2 37951   6.2425  89.0169 0004110  97.0890 218.6272  1.00272234 43240
BEIDOU-2 G5             
1 38091U 12008A   23286.48729824  .00000066  00000+0  00000+0 0  9997
2 38091   1.8017  69.0001 0005603 181.8002   5.1205  1.00273689 42566
BEIDOU-2 M3             
1 38250U 12018A   23286.39621020 -.00000068  00000+0  00000+0 0  9997
2 38250  56.4895 337.5789 0024826 257.6979 102.0959  1.86231299 77737
BEIDOU-2 M4             
1 38251U 12018B   23286.32748520 -.00000067  00000+0  00000+0 0  9995
2 38251  56.3998 336.8713 0015718 258.3777 101.5177  1.86232015 77737
SES-5                   
1 38652U 12036A   23286.53796104  .00000042  00000+0  00000+0 0  9996
2 38652   0.0501 299.2181 0001873 263.5767  17.7084  1.00272555 34684
BEIDOU-2 M6             
1 38775U 12050B   23286.03723490  .00000049  00000+0  00000+0 0  9998
2 38775  55.7216  95.4697 0010726 339.7714  20.2237  1.86231276 75091
GSAT-10                 
1 38779U 12051B   23286.55362512 -.00000158  00000+0  00000+0 0  9996
2 38779   0.0527  92.7006 0003349 160.7831  50.7154  1.00272011 40313
NAVSTAR 67 (USA 239)    
1 38833U 12053A   23286.10554361  .00000019  00000+0  00000+0 0  9990
2 38833  53.5101 183.6090 0144545  52.7455 308.6274  2.00567940 79829
GSAT0103 (GALILEO-FM3)  
1 38857U 12055A   23286.05056093  .00000072  00000+0  00000+0 0  9990
2 38857  55.2978 128.4278 0002081 246.3602 113.7201  1.70473775 68331
GSAT0104 (GALILEO-FM4)  
1 38858U 12055B   23286.01996031  .00000072  00000+0  00000+0 0  9992
2 38858  55.2977 128.4300 0001140 142.1839 217.9263  1.70474033 68330
BEIDOU-2 G6             
1 38953U 12059A   23286.55379916 -.00000166  00000+0  00000+0 0  9993
2 38953   1.9240  81.7625 0006851 301.2093 282.3087  1.00270453 40100
LUCH-5B                 
1 38977U 12061A   23286.17557491 -.00000123  00000+0  00000+0 0  9999
2 38977   8.3410  58.7947 0005473 129.0344 240.5737  1.00273326 39817
COSMOS 2485             
1 39155U 13019A   23285.97562833  .00000081  00000+0  00000+0 0  9997
2 39155  64.9464 106.5529 0021885 226.1743 133.7004  2.13101938 81437
NAVSTAR 68 (USA 242)    
1 39166U 13023A   23286.46723568 -.00000029  00000+0  00000+0 0  9996
2 39166  55.3259 308.5460 0115188  41.5621 319.3605  2.00564306 76270
IRNSS-1A                
1 39199U 13034A   23285.00813442  .00000111  00000+0  00000+0 0  9995
2 39199  33.5121  78.1314 0021312 180.2649 179.9760  1.00277493 37553
NAVSTAR 69 (USA 248)    
1 39533U 14008A   23285.96910474  .00000010  00000+0  00000+0 0  9995
2 39533  53.5966 189.1777 0067062 215.5032 144.0999  2.00553932 70066
ASTRA 5B                
1 39617U 14011B   23286.54170302  .00000145  00000+0  00000+0 0  9994
2 39617   0.0712 306.5259 0003488 275.3179  18.5178  1.00273344 34860
COSMOS 2492             
1 39620U 14012A   23286.40041064 -.00000052  00000+0  00000+0 0  9994
2 39620  65.7561 346.9586 0012651 311.4702  48.4946  2.13103242 74404
IRNSS-1B                
1 39635U 14017A   23285.00813442  .00000089  00000+0  00000+0 0  9996
2 39635  28.6316 257.0326 0018702 190.6731 350.6579  1.00276744 34973
LUCH-5V                 
1 39727U 14023A   23286.63992289 -.00000257  00000+0  00000+0 0  9990
2 39727   2.6718  77.1079 0004129 157.6538 112.2150  1.00267526 34554
NAVSTAR 70 (USA 251)    
1 39741U 14026A   23286.25071055 -.00000091  00000+0  00000+0 0  9992
2 39741  56.7001   9.4817 0030262 309.6541  50.1199  2.00554527 68925
COSMOS 2500             
1 40001U 14032A   23286.58318372 -.00000052  00000+0  00000+0 0  9999
2 40001  65.6941 346.7769 0008554 209.2658 150.7598  2.13105967 72620
NAVSTAR 71 (USA 256)    
1 40105U 14045A   23285.83537529  .00000074  00000+0  00000+0 0  9995
2 40105  54.8275 127.5331 0027139 114.3474 246.0285  2.00549578 66459
GSAT0201 (GALILEO 5)    
1 40128U 14050A   23286.15058151 -.00000052  00000+0  00000+0 0  9998
2 40128  49.9008 313.0133 1607544 141.8446 230.7226  1.85519494 60178
GSAT0202 (GALILEO 6)    
1 40129U 14050B   23286.40982503 -.00000051  00000+0  00000+0 0  9993
2 40129  49.9195 312.0752 1605520 142.6651 229.6699  1.85520184 62341
IRNSS-1C                
1 40269U 14061A   23286.55362512 -.00000150  00000+0  00000+0 0  9998
2 40269   4.0571 111.5112 0019529   6.5758 186.0981  1.00271236 32885
NAVSTAR 72 (USA 258)    
1 40294U 14068A   23285.21255824 -.00000012  00000+0  00000+0 0  9999
2 40294  56.2112  68.9763 0049041  62.7545 297.7465  2.00574351 65574
COSMOS 2501             
1 40315U 14075A   23286.36423350 -.00000004  00000+0  00000+0 0  9990
2 40315  63.6360 224.3002 0019294 209.6198 150.2608  2.13101302 69013
NAVSTAR 73 (USA 260)    
1 40534U 15013A   23286.34895566 -.00000015  00000+0  00000+0 0  9998
2 40534  53.4470 244.6735 0082390  26.0018 334.3796  2.00552301 62215
GSAT0203 (GALILEO 7)    
1 40544U 15017A   23284.03096618 -.00000098  00000+0  00000+0 0  9999
2 40544  56.9071   8.2748 0003377 228.6165 131.3891  1.70476443 53152
GSAT0204 (GALILEO 8)    
1 40545U 15017B   23286.04447132 -.00000090  00000+0  00000+0 0  9996
2 40545  56.9141   8.2345 0004454 226.0646 133.9396  1.70475811 15577
IRNSS-1D                
1 40547U 15018A   23286.34439878 -.00000294  00000+0  00000+0 0  9996
2 40547  27.9954 256.9753 0018893 187.4242 172.9981  1.00270166 31185
BEIDOU-3S IGSO-1S       
1 40549U 15019A   23286.50396558 -.00000119  00000+0  00000+0 0  9990
2 40549  51.0305 307.1102 0040586 197.4792 149.1528  1.00249129 31264
NAVSTAR 74 (USA 262)    
1 40730U 15033A   23286.51084634 -.00000029  00000+0  00000+0 0  9998
2 40730  54.8135 307.1393 0086756  14.0094 346.2790  2.00553124 60401
BEIDOU-3S M2S           
1 40748U 15037A   23286.52985944 -.00000066  00000+0  00000+0 0  9997
2 40748  55.6390 335.4396 0012548 246.8952 113.0436  1.86233258 55918
BEIDOU-3S M1S           
1 40749U 15037B   23286.26306518 -.00000067  00000+0  00000+0 0  9994
2 40749  55.6423 335.4350 0004777 296.0340  63.9878  1.86233032 55912
GSAT0205 (GALILEO 9)    
1 40889U 15045A   23285.81243384 -.00000003  00000+0  00000+0 0  9999
2 40889  55.3443 248.6337 0004249   6.4616 353.5037  1.70473105 50335
GSAT0206 (GALILEO 10)   
1 40890U 15045B   23286.03310890 -.00000003  00000+0  00000+0 0  9993
2 40890  55.3433 248.6231 0002761 342.6718  17.2782  1.70473109 50362
BEIDOU-3S IGSO-2S       
1 40938U 15053A   23286.41323368 -.00000134  00000+0  00000+0 0  9996
2 40938  50.7523 270.2904 0047350 194.9327 161.8820  1.00274451 29546
NAVSTAR 75 (USA 265)    
1 41019U 15062A   23286.06346487 -.00000013  00000+0  00000+0 0  9991
2 41019  56.1951  68.7938 0090900 221.3600 137.9503  2.00562266 58210
GSAT-15                 
1 41028U 15065A   23286.64092234 -.00000250  00000+0  00000+0 0  9999
2 41028   0.0514  89.8633 0002284 104.3671 151.9702  1.00271125 28994
GSAT0209 (GALILEO 12)   
1 41174U 15079A   23286.20474604  .00000073  00000+0  00000+0 0  9995
2 41174  55.3158 128.1307 0002102 345.2103  14.8852  1.70474291 48680
GSAT0208 (GALILEO 11)   
1 41175U 15079B   23285.25121386  .00000067  00000+0  00000+0 0  9999
2 41175  55.3136 128.1550 0001758 356.8699   3.2306  1.70474192 48508
IRNSS-1E                
1 41241U 16003A   23286.34439878 -.00000265  00000+0  00000+0 0  9991
2 41241  31.0675  77.2057 0021196 180.0417   0.2843  1.00273853 28279
NAVSTAR 76 (USA 266)    
1 41328U 16007A   23286.15291578  .00000076  00000+0  00000+0 0  9992
2 41328  55.0308 128.3077 0072045 233.5759 125.8492  2.00573878 56227
COSMOS 2514             
1 41330U 16008A   23285.87646711 -.00000054  00000+0  00000+0 0  9994
2 41330  65.4913 346.3724 0012456 214.3456 145.6458  2.13102640 59773
IRNSS-1F                
1 41384U 16015A   23286.54353050  .00000170  00000+0  00000+0 0  9995
2 41384   3.0135 127.9645 0019284 173.4728 308.4997  1.00269009 27864
BEIDOU-2 IGSO-6         
1 41434U 16021A   23285.84121804 -.00000156  00000+0  00000+0 0  9995
2 41434  58.8115  47.8761 0048701 219.2054 153.7341  1.00275723 27675
IRNSS-1G                
1 41469U 16027A   23286.62590741 -.00000323  00000+0  00000+0 0  9992
2 41469   2.9024 129.5352 0001102   3.1786 244.1423  1.00271005 27374
GSAT0211 (GALILEO 14)   
1 41549U 16030A   23285.95879710 -.00000002  00000+0  00000+0 0  9990
2 41549  55.4908 248.6097 0004066 322.7932  37.1382  1.70473197 45996
GSAT0210 (GALILEO 13)   
1 41550U 16030B   23286.25027106 -.00000002  00000+0  00000+0 0  9990
2 41550  55.4899 248.6028 0003780 287.1548  72.7630  1.70473449 45991
COSMOS 2516             
1 41554U 16032A   23285.99010244 -.00000007  00000+0  00000+0 0  9996
2 41554  63.8626 224.7248 0015145 213.5791 146.3133  2.13106450 57381
BEIDOU-2 G7             
1 41586U 16037A   23286.60228285 -.00000344  00000+0  00000+0 0  9995
2 41586   1.9628  68.9059 0006785 336.9644 303.3167  1.00266012 26986
EUTELSAT 117 WEST B     
1 41589U 16038B   23285.65402753 -.00000007  00000+0  00000+0 0  9993
2 41589   0.0200  54.8978 0000274  56.3464  28.1854  1.00272110 26856
GSAT0207 (GALILEO 15)   
1 41859U 16069A   23285.91198029  .00000070  00000+0  00000+0 0  9993
2 41859  54.9789 128.2011 0001889 314.1743  45.9121  1.70474249 42720
GSAT0212 (GALILEO 16)   
1 41860U 16069B   23284.59342839  .00000062  00000+0  00000+0 0  9999
2 41860  54.9761 128.2346 0001936  23.3040 336.8053  1.70474474 42956
GSAT0213 (GALILEO 17)   
1 41861U 16069C   23286.13295833  .00000071  00000+0  00000+0 0  9993
2 41861  54.9788 128.1980 0001843 263.5088  96.5719  1.70473113 42842
GSAT0214 (GALILEO 18)   
1 41862U 16069D   23283.93388034  .00000057  00000+0  00000+0 0  9999
2 41862  54.9759 128.2528 0000917 266.4998  93.5883  1.70472984 42937
SES-15                  
1 42709U 17026A   23286.09771795  .00000066  00000+0  00000+0 0  9994
2 42709   0.0065 116.0448 0000928  63.4241 107.9520  1.00272529 24332
QZS-2 (MICHIBIKI-2)     
1 42738U 17028A   23285.24754345 -.00000200  00000+0  00000+0 0  9997
2 42738  40.9841 257.3268 0746557 270.5951  81.0689  1.00254702 23321
QZS-3 (MICHIBIKI-3)     
1 42917U 17048A   23286.62083631 -.00000340  00000+0  00000+0 0  9999
2 42917   0.0562 207.9351 0001521 353.6355 170.9177  1.00275167 22458
COSMOS 2522             
1 42939U 17055A   23286.18727007 -.00000005  00000+0  00000+0 0  9992
2 42939  64.0968 225.2547 0008485 242.5771 117.3247  2.13102037 47131
QZS-4 (MICHIBIKI-4)     
1 42965U 17062A   23286.53792549 -.00000310  00000+0  00000+0 0  9990
2 42965  40.6198 355.9472 0749799 270.0629  88.9554  1.00270649 22015
BEIDOU-3 M1             
1 43001U 17069A   23285.26657886  .00000051  00000+0  00000+0 0  9993
2 43001  55.8723  95.5597 0007143 297.2412  62.7266  1.86231705 40378
BEIDOU-3 M2             
1 43002U 17069B   23285.20338709  .00000051  00000+0  00000+0 0  9998
2 43002  55.8717  95.5978 0005328 332.5722  27.4406  1.86231238 40369
GSAT0215 (GALILEO 19)   
1 43055U 17079A   23286.18201251 -.00000002  00000+0  00000+0 0  9993
2 43055  55.4672 248.4288 0003233 282.1575  77.7655  1.70473868 36319
GSAT0216 (GALILEO 20)   
1 43056U 17079B   23286.47389860 -.00000001  00000+0  00000+0 0  9998
2 43056  55.4674 248.4206 0004829 284.2532  75.6521  1.70474031 36301
GSAT0217 (GALILEO 21)   
1 43057U 17079C   23284.34793513 -.00000004  00000+0  00000+0 0  9990
2 43057  55.4663 248.4781 0004434 294.8788  65.0388  1.70474052 36284
GSAT0218 (GALILEO 22)   
1 43058U 17079D   23286.32773562 -.00000002  00000+0  00000+0 0  9991
2 43058  55.4654 248.4212 0005254 280.0333  79.8665  1.70473964 36347
BEIDOU-3 M7             
1 43107U 18003A   23285.49103355 -.00000072  00000+0  00000+0 0  9995
2 43107  55.0961 336.1746 0002727  71.4954 288.6034  1.86232599 39122
BEIDOU-3 M8             
1 43108U 18003B   23285.96640601 -.00000070  00000+0  00000+0 0  9996
2 43108  55.0889 336.1452 0004699 250.6823 109.3368  1.86231043 39146
BEIDOU-3 M4             
1 43207U 18018A   23285.87154815  .00000050  00000+0  00000+0 0  9996
2 43207  55.8315  95.6370 0004082  20.6216 339.4335  1.86231616 38528
BEIDOU-3 M3             
1 43208U 18018B   23285.93820960  .00000050  00000+0  00000+0 0  9995
2 43208  55.8309  95.6393 0004979 315.1159  44.8821  1.86231596 38524
BEIDOU-3 M9             
1 43245U 18029A   23286.16092577 -.00000067  00000+0  00000+0 0  9998
2 43245  54.9886 333.8824 0001832 240.4251 119.6268  1.86232872 37689
BEIDOU-3 M10            
1 43246U 18029B   23286.09089909 -.00000067  00000+0  00000+0 0  9996
2 43246  54.9857 333.9130 0003086 341.4650  18.5939  1.86233029 37673
IRNSS-1I                
1 43286U 18035A   23286.54788163  .00000125  00000+0  00000+0 0  9999
2 43286  29.3415  89.5658 0021158 177.3418   7.2335  1.00274893 20273
COSMOS 2527             
1 43508U 18053A   23286.61527698  .00000080  00000+0  00000+0 0  9998
2 43508  65.1078 106.6320 0007601 213.0383 146.9677  2.13102490 41446
BEIDOU-2 IGSO-7         
1 43539U 18057A   23286.60525041 -.00000103  00000+0  00000+0 0  9992
2 43539  55.1170 171.5154 0063641 230.1813 311.9596  1.00271934 19345
GSAT0221 (GALILEO 25)   
1 43564U 18060A   23282.70805994 -.00000103  00000+0  00000+0 0  9999
2 43564  57.2884   8.2479 0003648 255.1165 104.8749  1.70476387 32432
GSAT0222 (GALILEO 26)   
1 43565U 18060B   23281.75302228 -.00000106  00000+0  00000+0 0  9999
2 43565  57.2920   8.2745 0004252 224.4666 135.5296  1.70476095 32464
GSAT0219 (GALILEO 23)   
1 43566U 18060C   23286.08140677 -.00000090  00000+0  00000+0 0  9991
2 43566  57.2914   8.1602 0003234 260.9258  99.0791  1.70476322 32513
GSAT0220 (GALILEO 24)   
1 43567U 18060D   23285.71526084 -.00000091  00000+0  00000+0 0  9992
2 43567  57.2910   8.1707 0003455 256.5813 103.4204  1.70476335 32499
BEIDOU-3 M5             
1 43581U 18062A   23286.31107726 -.00000010  00000+0  00000+0 0  9996
2 43581  54.1692 215.5845 0004082 293.7667  66.1867  1.86232037 35424
BEIDOU-3 M6             
1 43582U 18062B   23286.17743628 -.00000011  00000+0  00000+0 0  9999
2 43582  54.1689 215.5787 0005773  10.6484 349.3592  1.86229945 35422
BEIDOU-3 M12            
1 43602U 18067A   23286.11338582 -.00000011  00000+0  00000+0 0  9990
2 43602  54.2567 214.2395 0007488  18.0404 341.9838  1.86231554 34903
BEIDOU-3 M11            
1 43603U 18067B   23286.24721773 -.00000010  00000+0  00000+0 0  9992
2 43603  54.2537 214.2006 0004425   6.9131 353.0914  1.86231500 34934
BEIDOU-3 M13            
1 43622U 18072A   23284.05842522  .00000050  00000+0  00000+0 0  9995
2 43622  55.7998  95.2365 0003978 290.4342  69.5660  1.86231574 34403
BEIDOU-3 M14            
1 43623U 18072B   23286.60862588  .00000047  00000+0  00000+0 0  9999
2 43623  55.8038  95.1441 0002181 348.1094  11.9199  1.86231534 34442
BEIDOU-3 M16            
1 43647U 18078A   23286.23509435 -.00000067  00000+0  00000+0 0  9992
2 43647  54.8847 333.9988 0006089   1.6917 358.3805  1.86227394 33945
BEIDOU-3 M15            
1 43648U 18078B   23286.36466706 -.00000066  00000+0  00000+0 0  9999
2 43648  54.8803 333.9980 0002853   5.1496 354.9235  1.86232378 33965
BEIDOU-3 G1             
1 43683U 18085A   23286.56493806 -.00000268  00000+0  00000+0 0  9993
2 43683   1.5994 121.7552 0002715   2.0338 241.4610  1.00276967 18250
COSMOS 2529             
1 43687U 18086A   23286.24527724 -.00000004  00000+0  00000+0 0  9998
2 43687  64.3123 225.6986 0010158 264.0428  95.8291  2.13102070 38447
BEIDOU-3 M17            
1 43706U 18093A   23285.43857784 -.00000021  00000+0  00000+0 0  9999
2 43706  54.2520 215.5343 0009229 285.5862  74.3045  1.86232122 33311
BEIDOU-3 M18            
1 43707U 18093B   23286.37889196 -.00000009  00000+0  00000+0 0  9992
2 43707  54.2524 215.4941 0007907 314.5056  45.4265  1.86229964 33322
NAVSTAR 77 (USA 289)    
1 43873U 18109A   23286.42005803  .00000077  00000+0  00000+0 0  9999
2 43873  55.2060 130.8204 0026428 189.7762 257.7936  2.00570401 35461
BEIDOU-3 IGSO-1         
1 44204U 19023A   23286.55648685 -.00000210  00000+0  00000+0 0  9999
2 44204  57.2794  47.8327 0024277 197.0233  97.1328  1.00271121 16538
BEIDOU-2 G8             
1 44231U 19027A   23286.63675331 -.00000237  00000+0  00000+0 0  9999
2 44231   2.0542  80.9506 0006881 136.2598 178.5358  1.00272109 16279
COSMOS 2534             
1 44299U 19030A   23286.54013661 -.00000001  00000+0  00000+0 0  9998
2 44299  64.3850 225.6186 0012498 284.3980  75.9383  2.13101977 34096
BEIDOU-3 IGSO-2         
1 44337U 19035A   23286.60895479 -.00000098  00000+0  00000+0 0  9994
2 44337  55.1513 167.4470 0032770 195.1997 357.4994  1.00262717 15869
NAVSTAR 78 (USA 293)    
1 44506U 19056A   23286.47471214 -.00000091  00000+0  00000+0 0  9990
2 44506  55.8256   9.8924 0038041 187.2152 198.7166  2.00566502 30463
BEIDOU-3 M24            
1 44542U 19061A   23285.91333816 -.00000015  00000+0  00000+0 0  9995
2 44542  54.4792 215.7555 0008571 349.7506  10.2258  1.86231562 27570
BEIDOU-3 M23            
1 44543U 19061B   23286.32132951 -.00000009  00000+0  00000+0 0  9992
2 44543  54.4776 215.7110 0005765 337.5954 207.8603  1.86231973 27589
BEIDOU-3 IGSO-3         
1 44709U 19073A   23286.41562154 -.00000157  00000+0  00000+0 0  9995
2 44709  56.4713 291.3390 0034965 190.8679 169.0672  1.00270209 14632
BEIDOU-3 M22            
1 44793U 19078A   23286.29572167 -.00000067  00000+0  00000+0 0  9994
2 44793  54.7329 333.9591 0004850   8.7570 351.3215  1.86232308 26434
BEIDOU-3 M21            
1 44794U 19078B   23286.42619285 -.00000067  00000+0  00000+0 0  9993
2 44794  54.7066 333.9358 0002996 352.9517   7.1141  1.86232765 26440
COSMOS 2544             
1 44850U 19088A   23286.55904831  .00000080  00000+0  00000+0 0  9999
2 44850  65.0939 106.4759 0011170 248.0167 111.9180  2.13102243 29881
BEIDOU-3 M19            
1 44864U 19090A   23285.67844253  .00000049  00000+0  00000+0 0  9995
2 44864  55.7356  95.3672 0015227 273.4489 138.9844  1.86231939 26013
BEIDOU-3 M20            
1 44865U 19090B   23286.28957948  .00000048  00000+0  00000+0 0  9999
2 44865  55.7378  95.3797 0012909 288.5119 263.4390  1.86231879 26009
BEIDOU-3 G2             
1 45344U 20017A   23286.55301597 -.00000133  00000+0  00000+0 0  9992
2 45344   2.0742  18.1962 0003155 185.7137  97.0927  1.00272071 13457
COSMOS 2545             
1 45358U 20018A   23286.28664817 -.00000054  00000+0  00000+0 0  9997
2 45358  64.8314 346.5717 0011304 242.4694 117.4880  2.13102691 27829
BEIDOU-3 G3             
1 45807U 20040A   23286.60295920 -.00000347  00000+0  00000+0 0  9997
2 45807   0.5915 352.3242 0007851 315.6351  41.5823  1.00269303 12260
NAVSTAR 79 (USA 304)    
1 45854U 20041A   23286.46560378 -.00000018  00000+0  00000+0 0  9991
2 45854  55.9171  67.1805 0037732 187.4740 134.9224  2.00562687 24429
GALAXY 30 (G-30)        
1 46114U 20056C   23284.58467228  .00000038  00000+0  00000+0 0  9999
2 46114   0.0186 187.0795 0002519  19.1280 259.1863  1.00270965 11475
COSMOS 2547             
1 46805U 20075A   23286.00613681 -.00000007  00000+0  00000+0 0  9999
2 46805  64.6127 225.2044 0007632 243.3804 116.5292  2.13102842 23062
NAVSTAR 80 (USA 309)    
1 46826U 20078A   23286.27057137 -.00000013  00000+0  00000+0 0  9999
2 46826  54.2941 250.4829 0036675 195.0034 322.2637  2.00562857 21892
NAVSTAR 81 (USA 319)    
1 48859U 21054A   23286.05384844 -.00000094  00000+0  00000+0 0  9995
2 48859  55.3442  11.6764 0013366 215.3891 328.8077  2.00571653 17138
QZS-1R                  
1 49336U 21096A   23286.34735755 -.00000190  00000+0  00000+0 0  9992
2 49336  35.4337  94.3164 0746232 269.9942 277.4371  1.00279933  7208
GSAT0223 (GALILEO 27)   
1 49809U 21116A   23285.56317590 -.00000092  00000+0  00000+0 0  9997
2 49809  57.2825   8.0704 0003716 205.2993 151.6623  1.70476462 11493
GSAT0224 (GALILEO 28)   
1 49810U 21116B   23279.50556902 -.00000111  00000+0  00000+0 0  9990
2 49810  57.2829   8.2311 0002917 191.6737 160.0776  1.70476466 11410
COSMOS 2557             
1 52984U 22075A   23285.69971637 -.00000060  00000+0  00000+0 0  9997
2 52984  64.7494 348.7473 0013004 275.4541  84.4667  2.13102371  9864
COSMOS 2559             
1 54031U 22130A   23286.11108960 -.00000058  00000+0  00000+0 0  9990
2 54031  64.7207 348.8592 0007793 224.2083 135.7993  2.13101581  7845
COSMOS 2564             
1 54377U 22161A   23286.30395319 -.00000003  00000+0  00000+0 0  9994
2 54377  64.7533 225.2544 0009679 223.3834 136.5289  2.13102244  6791
NAVSTAR 82 (USA 343)    
1 55268U 23009A   23286.41037029  .00000020  00000+0  00000+0 0  9997
2 55268  55.0865 186.8830 0004982  88.8272  31.8623  2.00553227  5632
BEIDOU-3 G4             
1 56564U 23066A   23286.59582755 -.00000108  00000+0  00000+0 0  9998
2 56564   2.7488 288.6553 0005985 223.3691 244.4254  1.00272178  1595
IRNSS-1J (NVS-01)       
1 56759U 23076A   23286.55135480 -.00000336  00000+0  00000+0 0  9993
2 56759   4.6409 271.3318 0007296 348.1502  90.4291  1.00268576  1404
