NAVSTAR 43 (USA 132)    
1 24876U 97035A   23222.16891405 -.00000045  00000+0  00000+0 0  9994
2 24876  55.5827 139.3282 0071370  51.7491 308.8955  2.00563930190853
NAVSTAR 47 (USA 150)    
1 26360U 00025A   23220.57346807 -.00000069  00000+0  00000+0 0  9997
2 26360  54.4085  61.6983 0041194 198.4313 178.4504  2.00572563170339
NAVSTAR 51 (USA 166)    
1 27663U 03005A   23221.08304163  .00000037  00000+0  00000+0 0  9995
2 27663  55.2582 256.4555 0131348  44.6254 320.4184  2.00567526150382
NAVSTAR 52 (USA 168)    
1 27704U 03010A   23221.79542447 -.00000105  00000+0  00000+0 0  9991
2 27704  55.1149   6.4008 0248249 318.1666  58.9495  2.00573707149190
NAVSTAR 54 (USA 177)    
1 28190U 04009A   23222.37635838 -.00000095  00000+0  00000+0 0  9990
2 28190  55.7101 317.4617 0093111 137.4021 237.9157  2.00568045142082
NAVSTAR 56 (USA 180)    
1 28474U 04045A   23221.75373080 -.00000104  00000+0  00000+0 0  9995
2 28474  55.4419   6.7151 0161628 281.9164  58.2103  2.00579026137517
ANIK F1R                
1 28868U 05036A   23222.09463128 -.00000082  00000+0  00000+0 0  9999
2 28868   1.6239  89.3888 0002485  41.6494 114.0203  1.00272246 65709
NAVSTAR 57 (USA 183)    
1 28874U 05038A   23221.31950242 -.00000093  00000+0  00000+0 0  9992
2 28874  55.7627 314.9550 0138855 279.2140  73.6923  2.00577201130913
INMARSAT 4-F2           
1 28899U 05044A   23222.20036219  .00000002  00000+0  00000+0 0  9993
2 28899   3.8484  40.6405 0002644 111.9828 301.8140  1.00272890 65052
NAVSTAR 58 (USA 190)    
1 29486U 06042A   23222.01405299  .00000052  00000+0  00000+0 0  9997
2 29486  54.6875 192.6587 0102576  31.2420   5.2326  2.00571306123645
NAVSTAR 59 (USA 192)    
1 29601U 06052A   23221.38509903  .00000042  00000+0  00000+0 0  9992
2 29601  55.2783 255.4011 0084242  79.2811 281.7284  2.00576296122538
NAVSTAR 60 (USA 196)    
1 32260U 07047A   23222.19562929 -.00000060  00000+0  00000+0 0  9990
2 32260  53.4545 123.1837 0150354  69.9703 291.6702  2.00552687115939
COSMOS 2433             
1 32275U 07052A   23220.28470917 -.00000083  00000+0  00000+0 0  9990
2 32275  66.0297 350.8332 0002786 205.0173 154.9744  2.13104105122855
COSMOS 2432             
1 32276U 07052B   23221.74650650 -.00000091  00000+0  00000+0 0  9996
2 32276  66.0436 350.8930 0007839 328.4080  20.1716  2.13103280122874
NAVSTAR 61 (USA 199)    
1 32384U 07062A   23220.46130201 -.00000094  00000+0  00000+0 0  9993
2 32384  55.8947 315.8061 0024994 148.1487 169.5326  2.00557383114635
COSMOS 2434             
1 32393U 07065A   23222.36480465  .00000096  00000+0  00000+0 0  9998
2 32393  64.3382 227.1546 0000280 199.4515 207.4086  2.13103137121607
COSMOS 2436             
1 32395U 07065C   23220.30455101  .00000088  00000+0  00000+0 0  9992
2 32395  64.3469 227.2861 0015456 351.2143  50.6263  2.13102866121492
NAVSTAR 62 (USA 201)    
1 32711U 08012A   23220.61450637  .00000062  00000+0  00000+0 0  9992
2 32711  54.4545 191.5515 0177234 235.6319 122.6609  2.00556493112827
NAVSTAR 64 (USA 206)    
1 35752U 09043A   23220.60389745 -.00000065  00000+0  00000+0 0  9999
2 35752  55.4098  68.7852 0058519  67.9711 301.0250  2.00559418102413
COSMOS 2456             
1 36111U 09070A   23221.39285657 -.00000047  00000+0  00000+0 0  9993
2 36111  64.4798 106.6978 0003116 324.6365 216.1337  2.13099247106242
COSMOS 2457             
1 36112U 09070B   23221.22063000 -.00000046  00000+0  00000+0 0  9991
2 36112  64.4638 106.5696 0004760 152.9916  26.2351  2.13101405106248
COSMOS 2460             
1 36402U 10007C   23220.55235748 -.00000086  00000+0  00000+0 0  9994
2 36402  65.8926 349.5444 0001740 129.9819 244.6584  2.13106289104580
NAVSTAR 65 (USA 213)    
1 36585U 10022A   23219.69261681  .00000035  00000+0  00000+0 0  9994
2 36585  54.5771 250.7038 0108644  59.6988 127.4611  2.00560527 96634
BEIDOU-2 IGSO-1         
1 36828U 10036A   23221.34060573 -.00000116  00000+0  00000+0 0  9992
2 36828  54.2382 172.4065 0036986 190.5285 185.8898  1.00261061 47779
QZS-1 (MICHIBIKI-1)     
1 37158U 10045A   23222.34988505 -.00000050  00000+0  00000+0 0  9991
2 37158  42.7890 127.7215 0037811 277.0061 305.2836  0.88387227 47265
BEIDOU-2 G4             
1 37210U 10057A   23221.88174455 -.00000120  00000+0  00000+0 0  9990
2 37210   1.1216  59.6495 0004981 146.1011 229.6805  1.00272481 46838
BEIDOU-2 IGSO-2         
1 37256U 10068A   23221.11646543 -.00000193  00000+0  00000+0 0  9990
2 37256  49.4536 284.6223 0032353 210.3516 331.0061  1.00292581 46324
BEIDOU-2 IGSO-3         
1 37384U 11013A   23221.33393675 -.00000176  00000+0  00000+0 0  9993
2 37384  60.9010  50.1443 0027162 173.2307 321.6076  1.00288493 45213
GSAT-8                  
1 37605U 11022A   23222.31299191  .00000078  00000+0  00000+0 0  9996
2 37605   0.0246  97.5578 0003832 154.1041 234.5878  1.00270431 44797
NAVSTAR 66 (USA 232)    
1 37753U 11036A   23220.32124156 -.00000093  00000+0  00000+0 0  9990
2 37753  56.7395  12.5133 0127297  56.1032 310.5169  2.00568283 88333
BEIDOU-2 IGSO-4         
1 37763U 11038A   23221.34652043 -.00000069  00000+0  00000+0 0  9990
2 37763  54.5123 174.9448 0112297 228.4630 134.1924  1.00279452 44183
GSAT0101 (GALILEO-PFM)  
1 37846U 11060A   23219.72728951 -.00000096  00000+0  00000+0 0  9998
2 37846  57.1058  10.0451 0002702  68.3932 291.6357  1.70475920 73445
GSAT0102 (GALILEO-FM2)  
1 37847U 11060B   23220.80154426 -.00000098  00000+0  00000+0 0  9992
2 37847  57.1068  10.0162 0001780  18.0796 327.5739  1.70475334 73454
COSMOS 2476             
1 37867U 11064A   23221.54691503 -.00000047  00000+0  00000+0 0  9996
2 37867  64.7604 108.2098 0021556 235.1550 332.8975  2.13101759 91598
COSMOS 2477             
1 37868U 11064B   23221.30969587 -.00000046  00000+0  00000+0 0  9990
2 37868  64.7676 108.2871 0018793 235.9326 328.0285  2.13101674 91547
COSMOS 2475             
1 37869U 11064C   23220.41720715 -.00000040  00000+0  00000+0 0  9994
2 37869  64.7746 108.3294 0023252 253.3016 304.4160  2.13102055 91535
BEIDOU-2 IGSO-5         
1 37948U 11073A   23221.63365685 -.00000146  00000+0  00000+0 0  9995
2 37948  49.5776 284.2828 0094781 219.7033 137.9125  1.00278811 42944
LUCH-5A                 
1 37951U 11074B   23222.43787828 -.00000060  00000+0  00000+0 0  9991
2 37951   6.0801  90.1311 0005037  44.7088 148.3629  1.00272421 42742
BEIDOU-2 G5             
1 38091U 12008A   23222.12766674  .00000049  00000+0  00000+0 0  9993
2 38091   1.6512  68.0056 0001419 188.0590 166.9425  1.00275549 42023
BEIDOU-2 M3             
1 38250U 12018A   23221.96140210 -.00000122  00000+0  00000+0 0  9997
2 38250  56.5256 339.7160 0022317 255.0082 104.7522  1.86231168 76870
BEIDOU-2 M4             
1 38251U 12018B   23222.42989807 -.00000123  00000+0  00000+0 0  9994
2 38251  56.4364 338.9954 0013213 254.5118 105.3500  1.86231896 76883
SES-5                   
1 38652U 12036A   23222.06854990  .00000027  00000+0  00000+0 0  9995
2 38652   0.0503 288.8488 0001886 213.0853 205.9862  1.00270461 40619
BEIDOU-2 M6             
1 38775U 12050B   23222.13994267 -.00000067  00000+0  00000+0 0  9992
2 38775  55.6716  97.6125 0012551 337.7946  22.2154  1.86231302 74255
GSAT-10                 
1 38779U 12051B   23221.71021878 -.00000172  00000+0  00000+0 0  9996
2 38779   0.0191  96.5852 0001137 154.9674  45.0626  1.00272333 39837
NAVSTAR 67 (USA 239)    
1 38833U 12053A   23221.79030088  .00000041  00000+0  00000+0 0  9994
2 38833  53.5151 186.2362 0140336  51.4605 309.7633  2.00566772 79421
GSAT0103 (GALILEO-FM3)  
1 38857U 12055A   23220.93950685 -.00000036  00000+0  00000+0 0  9996
2 38857  55.2733 130.2193 0003647 273.0419  86.9346  1.70473679 67365
GSAT0104 (GALILEO-FM4)  
1 38858U 12055B   23222.08216883 -.00000043  00000+0  00000+0 0  9998
2 38858  55.2737 130.1893 0000971 280.4534  79.5514  1.70473967 67357
BEIDOU-2 G6             
1 38953U 12059A   23221.05779507 -.00000183  00000+0  00000+0 0  9996
2 38953   1.9644  82.2598 0008241 320.5897  19.2676  1.00270684 39581
LUCH-5B                 
1 38977U 12061A   23221.39603005 -.00000147  00000+0  00000+0 0  9991
2 38977   8.1985  59.3490 0005683  95.2827 289.2551  1.00272928 39726
COSMOS 2485             
1 39155U 13019A   23221.21768573 -.00000046  00000+0  00000+0 0  9995
2 39155  64.9209 108.7390 0022005 231.0588 128.8028  2.13101981 80057
NAVSTAR 68 (USA 242)    
1 39166U 13023A   23220.15619560 -.00000087  00000+0  00000+0 0  9990
2 39166  55.3792 311.2076 0114044  41.8039 319.1013  2.00564282 74937
IRNSS-1A                
1 39199U 13034A   23221.69676418  .00000054  00000+0  00000+0 0  9996
2 39199  33.3641  79.0748 0019356 176.6407   8.0358  1.00271821 37199
NAVSTAR 69 (USA 248)    
1 39533U 14008A   23220.65182463  .00000061  00000+0  00000+0 0  9995
2 39533  53.6025 191.8367 0067273 215.7438 143.7851  2.00550234 69304
ASTRA 5B                
1 39617U 14011B   23222.06299240  .00000131  00000+0  00000+0 0  9999
2 39617   0.0754 296.6840 0003330 237.8774 189.9034  1.00275874 34427
COSMOS 2492             
1 39620U 14012A   23221.64240396 -.00000092  00000+0  00000+0 0  9992
2 39620  65.7761 349.1303 0010865 322.4248  37.5036  2.13103147 73020
IRNSS-1B                
1 39635U 14017A   23222.19844455  .00000126  00000+0  00000+0 0  9997
2 39635  28.7545 258.0891 0020696 191.7668 355.0758  1.00274189 34331
LUCH-5V                 
1 39727U 14023A   23221.78707262 -.00000277  00000+0  00000+0 0  9992
2 39727   2.5106  77.4016 0003013 111.7108 146.9815  1.00271662552051
NAVSTAR 70 (USA 251)    
1 39741U 14026A   23220.93392535 -.00000095  00000+0  00000+0 0  9998
2 39741  56.6933  12.0120 0028563 312.2297  47.5358  2.00559082 67606
COSMOS 2500             
1 40001U 14032A   23221.35678360 -.00000091  00000+0  00000+0 0  9992
2 40001  65.7144 348.9692 0007376 190.4861 169.5036  2.13105886 71234
NAVSTAR 71 (USA 256)    
1 40105U 14045A   23220.02342009 -.00000029  00000+0  00000+0 0  9993
2 40105  54.8042 130.1641 0023721 112.9546 247.3196  2.00575858 66020
GSAT0201 (GALILEO 5)    
1 40128U 14050A   23218.23725283 -.00000104  00000+0  00000+0 0  9997
2 40128  49.9615 315.7317 1610143 139.2673 233.9791  1.85518998 60852
GSAT0202 (GALILEO 6)    
1 40129U 14050B   23221.19171039 -.00000113  00000+0  00000+0 0  9991
2 40129  49.9782 314.6846 1607633 140.2057 232.7849  1.85519692 61103
IRNSS-1C                
1 40269U 14061A   23222.34758352 -.00000171  00000+0  00000+0 0  9999
2 40269   3.9046 113.4909 0020855  14.0705  39.1237  1.00269977 32381
NAVSTAR 72 (USA 258)    
1 40294U 14068A   23221.89544301 -.00000059  00000+0  00000+0 0  9995
2 40294  56.1544  71.4577 0048828  60.8675 299.6877  2.00570069 64286
COSMOS 2501             
1 40315U 14075A   23221.13720414  .00000092  00000+0  00000+0 0  9991
2 40315  63.6419 226.5734 0020234 211.6924 148.2172  2.13101404 67621
NAVSTAR 73 (USA 260)    
1 40534U 15013A   23221.53120230  .00000055  00000+0  00000+0 0  9990
2 40534  53.4751 247.3602 0079323  25.0441 335.3927  2.00556248 61334
GSAT0203 (GALILEO 7)    
1 40544U 15017A   23221.26655978 -.00000099  00000+0  00000+0 0  9996
2 40544  56.9015   9.9801 0002250 217.8452 142.1396  1.70476117 52085
GSAT0204 (GALILEO 8)    
1 40545U 15017B   23221.52011354 -.00000099  00000+0  00000+0 0  9990
2 40545  56.9075   9.9873 0002712 196.9853 163.0061  1.70475695 52098
IRNSS-1D                
1 40547U 15018A   23222.03174510 -.00000261  00000+0  00000+0 0  9995
2 40547  28.1229 258.0662 0020747 190.6942 352.7121  1.00275265 30794
BEIDOU-3S IGSO-1S       
1 40549U 15019A   23221.22221347 -.00000190  00000+0  00000+0 0  9990
2 40549  51.1457 307.8787 0040724 194.5179 350.3703  1.00261869 30625
NAVSTAR 74 (USA 262)    
1 40730U 15033A   23220.19685500 -.00000086  00000+0  00000+0 0  9992
2 40730  54.8680 309.8333 0084556  14.0611 346.2149  2.00556664 59071
BEIDOU-3S M2S           
1 40748U 15037A   23217.80035486 -.00000102  00000+0  00000+0 0  9990
2 40748  55.6804 337.7669 0009965 238.3347 121.5806  1.86233005 54632
BEIDOU-3S M1S           
1 40749U 15037B   23222.36600203 -.00000123  00000+0  00000+0 0  9996
2 40749  55.6807 337.5987 0002421 321.0350  38.9565  1.86232959 54710
GSAT0205 (GALILEO 9)    
1 40889U 15045A   23221.28807773  .00000047  00000+0  00000+0 0  9995
2 40889  55.3760 250.4165 0003128 358.6158   1.4436  1.70473631 49238
GSAT0206 (GALILEO 10)   
1 40890U 15045B   23220.92218374  .00000045  00000+0  00000+0 0  9998
2 40890  55.3756 250.4221 0002027 320.1833  39.8609  1.70473629 49255
BEIDOU-3S IGSO-2S       
1 40938U 15053A   23221.58669471 -.00000106  00000+0  00000+0 0  9990
2 40938  50.8463 271.0433 0048121 193.4305 159.4776  1.00289146 28890
NAVSTAR 75 (USA 265)    
1 41019U 15062A   23219.75175075 -.00000061  00000+0  00000+0 0  9999
2 41019  56.1364  71.3914 0088018 221.1337 138.2633  2.00562211 56883
GSAT-15                 
1 41028U 15065A   23221.78799624 -.00000265  00000+0  00000+0 0  9996
2 41028   0.1212 271.7135 0002188 184.6148 238.8457  1.00272076 28417
GSAT0209 (GALILEO 12)   
1 41174U 15079A   23221.68039261 -.00000041  00000+0  00000+0 0  9998
2 41174  55.2911 129.9056 0003824 321.8426  38.1473  1.70473903 47581
GSAT0208 (GALILEO 11)   
1 41175U 15079B   23220.14024623 -.00000031  00000+0  00000+0 0  9994
2 41175  55.2891 129.9461 0003261 322.7130  37.2854  1.70473886 47556
IRNSS-1E                
1 41241U 16003A   23221.70425080 -.00000322  00000+0  00000+0 0  9994
2 41241  30.9171  78.1858 0019204 174.0922  70.9963  1.00277092 27745
NAVSTAR 76 (USA 266)    
1 41328U 16007A   23221.83799442 -.00000051  00000+0  00000+0 0  9993
2 41328  55.0099 130.8640 0071596 234.7458 124.6017  2.00551511 54977
COSMOS 2514             
1 41330U 16008A   23222.52613885 -.00000096  00000+0  00000+0 0  9999
2 41330  65.5114 348.5176 0010950 202.8277 157.1276  2.13102696 58420
IRNSS-1F                
1 41384U 16015A   23222.32966243  .00000150  00000+0  00000+0 0  9993
2 41384   2.8829 131.0374 0018055 180.7585 157.9718  1.00275790 27214
BEIDOU-2 IGSO-6         
1 41434U 16021A   23221.99147351 -.00000151  00000+0  00000+0 0  9991
2 41434  58.7150  48.5206 0046268 217.9456 144.2337  1.00288125 27021
IRNSS-1G                
1 41469U 16027A   23222.35677007 -.00000343  00000+0  00000+0 0  9995
2 41469   2.7764 132.7735 0004128 347.2120  96.5538  1.00276342 26722
GSAT0211 (GALILEO 14)   
1 41549U 16030A   23217.32835225  .00000036  00000+0  00000+0 0  9995
2 41549  55.5242 250.4987 0003425 305.9128  54.1171  1.70473751 44805
GSAT0210 (GALILEO 13)   
1 41550U 16030B   23221.72599700  .00000049  00000+0  00000+0 0  9995
2 41550  55.5214 250.3785 0004097 270.0689  89.9460  1.70473783 44870
COSMOS 2516             
1 41554U 16032A   23222.17234304  .00000095  00000+0  00000+0 0  9998
2 41554  63.8682 226.9309 0015531 214.8208 145.1116  2.13106475 56026
BEIDOU-2 G7             
1 41586U 16037A   23221.47428500 -.00000362  00000+0  00000+0 0  9991
2 41586   1.8107  68.0930 0007358 349.6221 181.2800  1.00271590 26327
EUTELSAT 117 WEST B     
1 41589U 16038B   23222.16436311 -.00000019  00000+0  00000+0 0  9990
2 41589   0.0114 210.8604 0000328 264.2992 145.3916  1.00272928 26258
GSAT0207 (GALILEO 15)   
1 41859U 16069A   23220.21451105 -.00000031  00000+0  00000+0 0  9990
2 41859  54.9533 130.0244 0003921 304.7621  55.2214  1.70473781 41822
GSAT0212 (GALILEO 16)   
1 41860U 16069B   23217.13629325 -.00000009  00000+0  00000+0 0  9995
2 41860  54.9500 130.1069 0002973 335.9560  24.0540  1.70473958 41808
GSAT0213 (GALILEO 17)   
1 41861U 16069C   23220.43505909 -.00000033  00000+0  00000+0 0  9991
2 41861  54.9533 130.0213 0003759 281.4360  78.5416  1.70472718 41855
GSAT0214 (GALILEO 18)   
1 41862U 16069D   23219.40909004 -.00000025  00000+0  00000+0 0  9992
2 41862  54.9511 130.0438 0003249 287.1750  72.8122  1.70472595 41833
SES-15                  
1 42709U 17026A   23221.01534580  .00000053  00000+0  00000+0 0  9990
2 42709   0.0176  38.5709 0000223 123.6990  31.3400  1.00268093 23721
QZS-2 (MICHIBIKI-2)     
1 42738U 17028A   23221.43812981 -.00000131  00000+0  00000+0 0  9992
2 42738  41.0841 258.2366 0755157 269.7520  89.0496  1.00271728 22689
QZS-3 (MICHIBIKI-3)     
1 42917U 17048A   23221.74752071 -.00000355  00000+0  00000+0 0  9998
2 42917   0.0591 171.9329 0002451 343.2411 198.8870  1.00275623 21912
COSMOS 2522             
1 42939U 17055A   23220.49107911  .00000089  00000+0  00000+0 0  9991
2 42939  64.1023 227.5066 0010222 242.8955 117.0320  2.13101975 45737
QZS-4 (MICHIBIKI-4)     
1 42965U 17062A   23222.24424293 -.00000360  00000+0  00000+0 0  9991
2 42965  40.6456 356.7636 0747046 268.8549 279.3925  1.00288067 21359
BEIDOU-3 M1             
1 43001U 17069A   23221.36936697 -.00000066  00000+0  00000+0 0  9991
2 43001  55.8225  97.6934 0008827 303.7976  56.1819  1.86231645 39182
BEIDOU-3 M2             
1 43002U 17069B   23221.30603191 -.00000066  00000+0  00000+0 0  9996
2 43002  55.8217  97.7321 0007294 331.4260  28.5975  1.86231193 39179
GSAT0215 (GALILEO 19)   
1 43055U 17079A   23221.65793053  .00000049  00000+0  00000+0 0  9990
2 43055  55.4986 250.2056 0003716 264.6984  95.3206  1.70474345 35213
GSAT0216 (GALILEO 20)   
1 43056U 17079B   23220.77669899  .00000045  00000+0  00000+0 0  9999
2 43056  55.4990 250.2296 0005187 270.9574  89.0417  1.70474485 35189
GSAT0217 (GALILEO 21)   
1 43057U 17079C   23219.23729282  .00000038  00000+0  00000+0 0  9994
2 43057  55.4982 250.2714 0004683 281.5700  78.4335  1.70474383 35172
GSAT0218 (GALILEO 22)   
1 43058U 17079D   23220.04392863  .00000042  00000+0  00000+0 0  9992
2 43058  55.4956 250.2466 0005641 270.1614  89.8307  1.70474393 35188
BEIDOU-3 M7             
1 43107U 18003A   23221.05697342 -.00000121  00000+0  00000+0 0  9996
2 43107  55.1342 338.3847 0004173  78.0108 282.0455  1.86232473 37936
BEIDOU-3 M8             
1 43108U 18003B   23217.77313456 -.00000103  00000+0  00000+0 0  9992
2 43108  55.1292 338.4844 0003261 239.2508 120.7289  1.86230839 37871
BEIDOU-3 M4             
1 43207U 18018A   23220.36346996 -.00000061  00000+0  00000+0 0  9995
2 43207  55.7807  97.8269 0005622   3.5261 356.5421  1.86231530 37301
BEIDOU-3 M3             
1 43208U 18018B   23220.96705897 -.00000065  00000+0  00000+0 0  9995
2 43208  55.7806  97.8112 0006907 319.2392  40.7726  1.86231411 37316
BEIDOU-3 M9             
1 43245U 18029A   23221.72695348 -.00000122  00000+0  00000+0 0  9996
2 43245  55.0288 336.0976 0001065 188.5408 171.4684  1.86232687 36483
BEIDOU-3 M10            
1 43246U 18029B   23221.65702604 -.00000122  00000+0  00000+0 0  9993
2 43246  55.0263 336.1292 0002870   9.4299 350.5864  1.86232957 36472
IRNSS-1I                
1 43286U 18035A   23221.69711285  .00000061  00000+0  00000+0 0  9994
2 43286  29.1920  90.6024 0019190 178.2016 355.1075  1.00274285 19616
COSMOS 2527             
1 43508U 18053A   23221.38819705 -.00000046  00000+0  00000+0 0  9997
2 43508  65.0822 108.8205 0007535 227.0587 132.9359  2.13102427 40053
BEIDOU-2 IGSO-7         
1 43539U 18057A   23220.79316288 -.00000118  00000+0  00000+0 0  9997
2 43539  55.1229 172.0911 0065040 231.8500 310.6037  1.00291747 18690
GSAT0221 (GALILEO 25)   
1 43564U 18060A   23220.53013015 -.00000097  00000+0  00000+0 0  9999
2 43564  57.2824   9.9215 0001848 258.0401 101.9395  1.70475965 31386
GSAT0222 (GALILEO 26)   
1 43565U 18060B   23221.33476341 -.00000098  00000+0  00000+0 0  9995
2 43565  57.2856   9.9007 0002440 200.0201 159.9707  1.70475806 31435
GSAT0219 (GALILEO 23)   
1 43566U 18060C   23220.38396290 -.00000097  00000+0  00000+0 0  9993
2 43566  57.2852   9.9286 0000907 271.8422  88.1477  1.70475944 31393
GSAT0220 (GALILEO 24)   
1 43567U 18060D   23221.19095171 -.00000098  00000+0  00000+0 0  9999
2 43567  57.2847   9.9064 0001218 259.2118 100.7748  1.70475838 31383
BEIDOU-3 M5             
1 43581U 18062A   23220.80355795  .00000085  00000+0  00000+0 0  9990
2 43581  54.1827 217.8168 0005744 274.3417  85.6005  1.86231892 34204
BEIDOU-3 M6             
1 43582U 18062B   23221.74307188  .00000085  00000+0  00000+0 0  9998
2 43582  54.1824 217.7743 0004645 347.2100  12.7876  1.86229690 34220
BEIDOU-3 M12            
1 43602U 18067A   23222.21656249  .00000082  00000+0  00000+0 0  9991
2 43602  54.2694 216.4114 0006715   9.5797 350.4405  1.86231613 33718
BEIDOU-3 M11            
1 43603U 18067B   23222.35038033  .00000081  00000+0  00000+0 0  9991
2 43603  54.2666 216.3727 0003924 351.3258   8.6747  1.86231549 33748
BEIDOU-3 M13            
1 43622U 18072A   23221.23513055 -.00000066  00000+0  00000+0 0  9990
2 43622  55.7506  97.3392 0005480 302.2925  57.7181  1.86231695 33231
BEIDOU-3 M14            
1 43623U 18072B   23222.17449140 -.00000067  00000+0  00000+0 0  9999
2 43623  55.7530  97.3004 0003965 340.1229  19.9262  1.86231738 33253
BEIDOU-3 M16            
1 43647U 18078A   23222.33625256 -.00000123  00000+0  00000+0 0  9996
2 43647  54.9247 336.2016 0006196  14.9303 345.0984  1.86227326 32768
BEIDOU-3 M15            
1 43648U 18078B   23221.93058874 -.00000123  00000+0  00000+0 0  9998
2 43648  54.9205 336.2197 0003283  32.8504 327.1807  1.86232351 32779
BEIDOU-3 G1             
1 43683U 18085A   23222.00053865 -.00000286  00000+0  00000+0 0  9999
2 43683   1.4610 126.1572 0003252 340.3097 351.8766  1.00277137 17608
COSMOS 2529             
1 43687U 18086A   23221.01831829  .00000092  00000+0  00000+0 0  9992
2 43687  64.3175 227.9169 0011825 261.3206  98.5791  2.13102106 37059
BEIDOU-3 M17            
1 43706U 18093A   23220.46802291  .00000084  00000+0  00000+0 0  9992
2 43706  54.2652 217.7437 0010785 276.8775  83.0068  1.86231959 32082
BEIDOU-3 M18            
1 43707U 18093B   23221.40757442  .00000085  00000+0  00000+0 0  9996
2 43707  54.2658 217.7032 0008753 300.1756  59.7466  1.86229817 32118
NAVSTAR 77 (USA 289)    
1 43873U 18109A   23221.23942573 -.00000041  00000+0  00000+0 0  9993
2 43873  55.1862 133.3967 0025156 192.4223 350.0379  2.00567742 34106
BEIDOU-3 IGSO-1         
1 44204U 19023A   23221.92453094 -.00000210  00000+0  00000+0 0  9997
2 44204  57.1810  48.5076 0022793 193.7742 167.4812  1.00290322 15918
BEIDOU-2 G8             
1 44231U 19027A   23222.42456958 -.00000256  00000+0  00000+0 0  9999
2 44231   1.8939  81.2324 0006072 127.0787  47.6619  1.00269668 15628
COSMOS 2534             
1 44299U 19030A   23221.46699664  .00000095  00000+0  00000+0 0  9993
2 44299  64.3901 227.8257 0013866 279.8425 198.5661  2.13102053 32713
BEIDOU-3 IGSO-2         
1 44337U 19035A   23221.74192428 -.00000134  00000+0  00000+0 0  9993
2 44337  55.1550 168.0173 0033256 198.3054 338.0457  1.00282706 15247
NAVSTAR 78 (USA 293)    
1 44506U 19056A   23221.12410347 -.00000096  00000+0  00000+0 0  9996
2 44506  55.8174  12.4768 0035830 183.8752 175.3715  2.00565225 29144
BEIDOU-3 M24            
1 44542U 19061A   23222.01644605  .00000085  00000+0  00000+0 0  9994
2 44542  54.4923 217.9160 0008234 334.2502  25.7188  1.86231432 26380
BEIDOU-3 M23            
1 44543U 19061B   23221.87312791  .00000085  00000+0  00000+0 0  9996
2 44543  54.4905 217.8898 0005917 315.3806 220.3579  1.86231773 26374
BEIDOU-3 IGSO-3         
1 44709U 19073A   23220.60121274 -.00000194  00000+0  00000+0 0  9999
2 44709  56.5779 292.0347 0034999 188.5460 171.4787  1.00290363 13977
BEIDOU-3 M22            
1 44793U 19078A   23221.32471251 -.00000121  00000+0  00000+0 0  9990
2 44793  54.7739 336.2069 0005193  24.8269 335.2092  1.86232262 25230
BEIDOU-3 M21            
1 44794U 19078B   23218.23365588 -.00000106  00000+0  00000+0 0  9995
2 44794  54.7496 336.2964 0003069  21.7248 338.3022  1.86232580 25171
COSMOS 2544             
1 44850U 19088A   23221.33189866 -.00000046  00000+0  00000+0 0  9990
2 44850  65.0682 108.6657 0012035 256.2643 103.6598  2.13102199 28473
BEIDOU-3 M19            
1 44864U 19090A   23221.96750317 -.00000067  00000+0  00000+0 0  9995
2 44864  55.6856  97.5023 0016100 277.8408 259.4186  1.86231890 24811
BEIDOU-3 M20            
1 44865U 19090B   23222.40531892 -.00000066  00000+0  00000+0 0  9990
2 44865  55.6879  97.5204 0014144 292.7508 267.8326  1.86231850 24805
BEIDOU-3 G2             
1 45344U 20017A   23221.74424510 -.00000148  00000+0  00000+0 0  9999
2 45344   2.0332  14.8726 0003134 139.5980 151.4564  1.00272744 12811
COSMOS 2545             
1 45358U 20018A   23221.52866882 -.00000093  00000+0  00000+0 0  9992
2 45358  64.8520 348.8174 0008766 235.1522 124.7705  2.13102583 26441
BEIDOU-3 G3             
1 45807U 20040A   23222.03174510 -.00000360  00000+0  00000+0 0  9990
2 45807   0.6389 338.7486 0004973 355.2730 106.1879  1.00274964 11635
NAVSTAR 79 (USA 304)    
1 45854U 20041A   23220.43752427 -.00000063  00000+0  00000+0 0  9994
2 45854  55.8589  69.7846 0034838 185.7108 341.2660  2.00564251 23095
GALAXY 30 (G-30)        
1 46114U 20056C   23221.39285657  .00000030  00000+0  00000+0 0  9995
2 46114   0.0163  92.3461 0002093  58.2158 183.4776  1.00270981 10944
COSMOS 2547             
1 46805U 20075A   23222.18714967  .00000097  00000+0  00000+0 0  9995
2 46805  64.6173 227.3497 0008830 243.8398 116.1046  2.13103026 21709
NAVSTAR 80 (USA 309)    
1 46826U 20078A   23220.46536108  .00000037  00000+0  00000+0 0  9993
2 46826  54.3240 253.1561 0035211 194.1098 328.3916  2.00562679 20565
NAVSTAR 81 (USA 319)    
1 48859U 21054A   23220.48487172 -.00000095  00000+0  00000+0 0  9999
2 48859  55.3335  14.3007 0011141 209.1129 148.8435  2.00575216 15813
QZS-1R                  
1 49336U 21096A   23219.55604903 -.00000325  00000+0  00000+0 0  9991
2 49336  35.2944  95.3419 0759676 272.2987 278.7053  1.00238802  6532
GSAT0223 (GALILEO 27)   
1 49809U 21116A   23221.04907859 -.00000098  00000+0  00000+0 0  9999
2 49809  57.2761   9.8064 0002966 160.8012 202.3756  1.70476004 10395
GSAT0224 (GALILEO 28)   
1 49810U 21116B   23220.85535656 -.00000097  00000+0  00000+0 0  9990
2 49810  57.2773   9.8097 0002667 147.4557 209.3107  1.70476015 10411
COSMOS 2557             
1 52984U 22075A   23221.41091642 -.00000091  00000+0  00000+0 0  9990
2 52984  64.7678 350.9835 0011042 277.5748  82.3042  2.13102245  8477
COSMOS 2559             
1 54031U 22130A   23221.35279798 -.00000091  00000+0  00000+0 0  9990
2 54031  64.7389 351.1139 0006429 212.6056 147.3594  2.13101453  6467
COSMOS 2564             
1 54377U 22161A   23221.54619053  .00000096  00000+0  00000+0 0  9994
2 54377  64.7580 227.4198 0011297 226.7298 133.2103  2.13102177  5414
NAVSTAR 82 (USA 343)    
1 55268U 23009A   23216.93729976  .00000053  00000+0  00000+0 0  9992
2 55268  55.0934 189.6052 0004088  95.6586 263.8384  2.00557491  4230
BEIDOU-3 G4             
1 56564U 23066A   23222.43378108 -.00000117  00000+0  00000+0 0  9996
2 56564   2.9052 288.9078 0007037 206.0313 139.7386  1.00270182   952
IRNSS-1J (NVS-01)       
1 56759U 23076A   23221.74732096 -.00000338  00000+0  00000+0 0  9991
2 56759   4.8041 272.5419 0005500 341.4264 102.5617  1.00274254   754
