NAVSTAR 43 (USA 132)    
1 24876U 97035A   23287.98141480  .00000077  00000+0  00000+0 0  9990
2 24876  55.5976 136.7562 0074184  53.1818 307.5973  2.00564424192379
NAVSTAR 47 (USA 150)    
1 26360U 00025A   23288.35467389 -.00000034  00000+0  00000+0 0  9998
2 26360  54.4678  58.9241 0041819 201.6681 158.4122  2.00567983171708
NAVSTAR 51 (USA 166)    
1 27663U 03005A   23288.61684299  .00000007  00000+0  00000+0 0  9995
2 27663  55.2253 253.7681 0133409  44.9091 123.5266  2.00563639151744
NAVSTAR 52 (USA 168)    
1 27704U 03010A   23288.63651676 -.00000081  00000+0  00000+0 0  9995
2 27704  55.1153   3.7044 0249556 319.5698  82.6877  2.00553089150547
NAVSTAR 54 (USA 177)    
1 28190U 04009A   23288.22012389 -.00000033  00000+0  00000+0 0  9998
2 28190  55.6592 314.8430 0092403 140.4405 258.0747  2.00566122143378
NAVSTAR 56 (USA 180)    
1 28474U 04045A   23288.61615601 -.00000081  00000+0  00000+0 0  9995
2 28474  55.4424   4.0408 0163344 283.5096  95.0568  2.00556307138868
ANIK F1R                
1 28868U 05036A   23288.51697568 -.00000060  00000+0  00000+0 0  9991
2 28868   1.7931  88.4713 0002243  58.6022 315.5624  1.00272152 36678
NAVSTAR 57 (USA 183)    
1 28874U 05038A   23288.22245649 -.00000029  00000+0  00000+0 0  9992
2 28874  55.7097 312.2959 0140330 280.2571 142.5569  2.00572763132269
INMARSAT 4-F2           
1 28899U 05044A   23278.94424344 -.00000024  00000+0  00000+0 0  9990
2 28899   3.8913  40.9277 0006145  43.1630 334.3200  1.00395805 65629
NAVSTAR 58 (USA 190)    
1 29486U 06042A   23288.53116156  .00000037  00000+0  00000+0 0  9990
2 29486  54.6804 190.0235 0104049  33.5226 153.2632  2.00567609124977
NAVSTAR 59 (USA 192)    
1 29601U 06052A   23288.19595620  .00000004  00000+0  00000+0 0  9993
2 29601  55.2476 252.7470 0083938  79.4757 281.4426  2.00551728123830
NAVSTAR 60 (USA 196)    
1 32260U 07047A   23288.51042281  .00000065  00000+0  00000+0 0  9996
2 32260  53.4845 120.4336 0152616  71.6648 290.0657  2.00549579117241
COSMOS 2433             
1 32275U 07052A   23287.85802269 -.00000049  00000+0  00000+0 0  9997
2 32275  66.0107 348.5885 0004950 236.1883 123.8394  2.13104168124251
COSMOS 2432             
1 32276U 07052B   23288.39666976 -.00000048  00000+0  00000+0 0  9990
2 32276  66.0250 348.6801 0009568 312.4354  47.7573  2.13103302124297
NAVSTAR 61 (USA 199)    
1 32384U 07062A   23288.55183670 -.00000029  00000+0  00000+0 0  9993
2 32384  55.8425 313.1101 0024419 152.2019   9.0101  2.00560877115947
COSMOS 2434             
1 32393U 07065A   23287.98779785  .00000015  00000+0  00000+0 0  9994
2 32393  64.3329 224.9254 0001650  68.3097 282.5869  2.13103099122960
COSMOS 2436             
1 32395U 07065C   23288.57360299  .00000021  00000+0  00000+0 0  9995
2 32395  64.3415 224.9676 0016249 357.7563 218.0199  2.13102735122932
NAVSTAR 62 (USA 201)    
1 32711U 08012A   23287.92460364  .00000033  00000+0  00000+0 0  9995
2 32711  54.4485 188.8691 0177778 236.0987 122.2631  2.00558589114172
NAVSTAR 64 (USA 206)    
1 35752U 09043A   23288.40179913 -.00000019  00000+0  00000+0 0  9994
2 35752  55.4695  66.0783 0057607  70.0616 290.9160  2.00555671103791
COSMOS 2456             
1 36111U 09070A   23288.03035674  .00000071  00000+0  00000+0 0  9995
2 36111  64.5077 104.4086 0001293 338.5526 203.5789  2.13099160107624
COSMOS 2457             
1 36112U 09070B   23288.29065948  .00000070  00000+0  00000+0 0  9990
2 36112  64.4925 104.2640 0006541 147.5213   5.4115  2.13101338107636
COSMOS 2460             
1 36402U 10007C   23288.55261119 -.00000046  00000+0  00000+0 0  9995
2 36402  65.8721 347.2738 0002053 231.0896 111.6768  2.13106326106022
NAVSTAR 65 (USA 213)    
1 36585U 10022A   23288.46115817  .00000006  00000+0  00000+0 0  9992
2 36585  54.5478 247.9262 0110839  59.7169 101.7147  2.00564076 98023
BEIDOU-2 IGSO-1         
1 36828U 10036A   23288.64192218 -.00000076  00000+0  00000+0 0  9995
2 36828  54.2324 171.7942 0037636 192.0602 356.0383  1.00298752 48425
QZS-1 (MICHIBIKI-1)     
1 37158U 10045A   23288.21228175  .00000054  00000+0  00000+0 0  9992
2 37158  42.9238 127.2079 0003806 107.1544  39.5954  0.87715870 47831
BEIDOU-2 G4             
1 37210U 10057A   23288.60421097 -.00000098  00000+0  00000+0 0  9994
2 37210   1.2673  62.6086 0007173 164.0661 174.7536  1.00272544 47508
BEIDOU-2 IGSO-2         
1 37256U 10068A   23288.61408743 -.00000191  00000+0  00000+0 0  9994
2 37256  49.3374 283.8051 0031687 214.4272 215.0898  1.00270627 47019
BEIDOU-2 IGSO-3         
1 37384U 11013A   23288.30475344 -.00000181  00000+0  00000+0 0  9993
2 37384  60.9997  49.5006 0028476 177.7415  14.1207  1.00271440 45878
GSAT-8                  
1 37605U 11022A   23288.55421250  .00000097  00000+0  00000+0 0  9998
2 37605   0.0521  65.3042 0007027 186.5717  26.5755  1.00271330 43433
NAVSTAR 66 (USA 232)    
1 37753U 11036A   23288.12099789 -.00000082  00000+0  00000+0 0  9993
2 37753  56.7483   9.8872 0126861  56.3443 305.9302  2.00568991 89709
BEIDOU-2 IGSO-4         
1 37763U 11038A   23288.40862385 -.00000024  00000+0  00000+0 0  9993
2 37763  54.5063 174.3481 0111792 227.5470 223.8867  1.00265847 44868
GSAT0101 (GALILEO-PFM)  
1 37846U 11060A   23287.18453108 -.00000086  00000+0  00000+0 0  9991
2 37846  57.1131   8.2214 0000370  25.8502 334.1968  1.70476031 74461
GSAT0102 (GALILEO-FM2)  
1 37847U 11060B   23288.27581747 -.00000082  00000+0  00000+0 0  9990
2 37847  57.1139   8.1918 0001973 302.6038  53.3779  1.70475454 74480
COSMOS 2476             
1 37867U 11064A   23288.13058306  .00000073  00000+0  00000+0 0  9990
2 37867  64.7872 105.9478 0021369 230.1124 298.5692  2.13101750 92962
COSMOS 2477             
1 37868U 11064B   23288.57764160  .00000072  00000+0  00000+0 0  9990
2 37868  64.7948 106.0022 0018581 230.1555  99.3594  2.13101612 92969
COSMOS 2475             
1 37869U 11064C   23288.62628043  .00000072  00000+0  00000+0 0  9996
2 37869  64.8019 106.0135 0022501 248.7117  76.6423  2.13101910 92972
BEIDOU-2 IGSO-5         
1 37948U 11073A   23288.34676035 -.00000139  00000+0  00000+0 0  9992
2 37948  49.4637 283.4782 0094623 221.1731  98.8151  1.00263341 43347
LUCH-5A                 
1 37951U 11074B   23288.58042611 -.00000031  00000+0  00000+0 0  9991
2 37951   6.2474  88.9833 0004071  97.5365 213.2172  1.00272282 43263
BEIDOU-2 G5             
1 38091U 12008A   23288.55490867  .00000071  00000+0  00000+0 0  9995
2 38091   1.8064  69.0277 0005584 181.9976  31.2893  1.00274142 42582
BEIDOU-2 M3             
1 38250U 12018A   23288.00707798 -.00000063  00000+0  00000+0 0  9999
2 38250  56.4887 337.5254 0024879 257.8490 101.9444  1.86231241 77760
BEIDOU-2 M4             
1 38251U 12018B   23287.93834630 -.00000063  00000+0  00000+0 0  9997
2 38251  56.3990 336.8177 0015774 258.6316 101.2633  1.86231956 77767
SES-5                   
1 38652U 12036A   23288.29563174  .00000046  00000+0  00000+0 0  9994
2 38652   0.0503 298.4642 0001929 261.7321 294.8023  1.00271660 34707
BEIDOU-2 M6             
1 38775U 12050B   23287.64808024  .00000045  00000+0  00000+0 0  9999
2 38775  55.7229  95.4158 0010699 339.6703  20.3167  1.86231243 75124
GSAT-10                 
1 38779U 12051B   23288.52618806 -.00000153  00000+0  00000+0 0  9990
2 38779   0.0572  90.9774 0003333 162.7907  42.4983  1.00271521 40339
NAVSTAR 67 (USA 239)    
1 38833U 12053A   23288.09982322  .00000039  00000+0  00000+0 0  9994
2 38833  53.5100 183.5275 0144674  52.7878 308.6002  2.00567940 79867
GSAT0103 (GALILEO-FM3)  
1 38857U 12055A   23287.81030833  .00000078  00000+0  00000+0 0  9995
2 38857  55.2986 128.3794 0002073 245.3465 114.7299  1.70473738 68369
GSAT0104 (GALILEO-FM4)  
1 38858U 12055B   23287.19312505  .00000077  00000+0  00000+0 0  9995
2 38858  55.2983 128.3978 0001174 142.2090 217.8995  1.70474004 68355
BEIDOU-2 G6             
1 38953U 12059A   23288.52618806 -.00000161  00000+0  00000+0 0  9991
2 38953   1.9288  81.7519 0006881 301.2486 274.2729  1.00269932 40128
LUCH-5B                 
1 38977U 12061A   23288.07896484 -.00000119  00000+0  00000+0 0  9993
2 38977   8.3451  58.7782 0005444 129.1631 207.5662  1.00273082 39827
COSMOS 2485             
1 39155U 13019A   23288.32191689  .00000073  00000+0  00000+0 0  9997
2 39155  64.9473 106.4737 0021923 226.1030 133.7607  2.13101883 81482
NAVSTAR 68 (USA 242)    
1 39166U 13023A   23288.46154383 -.00000026  00000+0  00000+0 0  9998
2 39166  55.3243 308.4659 0115265  41.5517 319.3650  2.00564256 76311
IRNSS-1A                
1 39199U 13034A   23288.48276694  .00000108  00000+0  00000+0 0  9998
2 39199  33.5204  78.0800 0021414 180.4510 354.1877  1.00278542 37581
NAVSTAR 69 (USA 248)    
1 39533U 14008A   23287.96352185  .00000032  00000+0  00000+0 0  9990
2 39533  53.5965 189.0965 0067058 215.4893 144.1271  2.00554014 70103
ASTRA 5B                
1 39617U 14011B   23288.54794687  .00000150  00000+0  00000+0 0  9990
2 39617   0.0671 308.6368 0003488 274.0354  21.9293  1.00274094 34880
COSMOS 2492             
1 39620U 14012A   23288.27745541 -.00000047  00000+0  00000+0 0  9996
2 39620  65.7556 346.8956 0012731 311.3408  48.6261  2.13103198 74445
IRNSS-1B                
1 39635U 14017A   23288.48267991  .00000099  00000+0  00000+0 0  9994
2 39635  28.6237 256.9741 0018951 188.7695 166.8551  1.00268969 35009
LUCH-5V                 
1 39727U 14023A   23288.63792742 -.00000255  00000+0  00000+0 0  9992
2 39727   2.6777  77.0907 0003483 157.4528 113.7290  1.00276138 34579
NAVSTAR 70 (USA 251)    
1 39741U 14026A   23288.24514620 -.00000082  00000+0  00000+0 0  9993
2 39741  56.7002   9.4043 0030333 309.6190  50.1604  2.00554345 68969
COSMOS 2500             
1 40001U 14032A   23288.46020090 -.00000046  00000+0  00000+0 0  9998
2 40001  65.6936 346.7137 0008562 209.8012 150.2262  2.13105999 72664
NAVSTAR 71 (USA 256)    
1 40105U 14045A   23287.82982295  .00000074  00000+0  00000+0 0  9990
2 40105  54.8284 127.4535 0027194 114.4183 245.9541  2.00549660 66492
GSAT0201 (GALILEO 5)    
1 40128U 14050A   23287.22856957 -.00000051  00000+0  00000+0 0  9996
2 40128  49.8999 312.9702 1607486 141.8855 230.6708  1.85519467 60191
GSAT0202 (GALILEO 6)    
1 40129U 14050B   23288.02680162 -.00000048  00000+0  00000+0 0  9995
2 40129  49.9181 312.0106 1605475 142.7260 229.5930  1.85520136 62372
IRNSS-1C                
1 40269U 14061A   23288.52618806 -.00000145  00000+0  00000+0 0  9991
2 40269   4.0620 111.4516 0019429   6.7585 178.0370  1.00270925 33042
NAVSTAR 72 (USA 258)    
1 40294U 14068A   23287.70532228 -.00000013  00000+0  00000+0 0  9992
2 40294  56.2133  68.8788 0049009  62.7907 297.7029  2.00574526 65625
COSMOS 2501             
1 40315U 14075A   23288.24128268  .00000018  00000+0  00000+0 0  9993
2 40315  63.6358 224.2349 0019263 209.5182 150.3708  2.13101281 69053
NAVSTAR 73 (USA 260)    
1 40534U 15013A   23288.34337644  .00000004  00000+0  00000+0 0  9995
2 40534  53.4460 244.5910 0082512  26.0523 334.3337  2.00552167 62250
GSAT0203 (GALILEO 7)    
1 40544U 15017A   23286.96389015 -.00000087  00000+0  00000+0 0  9997
2 40544  56.9076   8.1952 0006633 250.8890 109.0836  1.70476294 53204
GSAT0204 (GALILEO 8)    
1 40545U 15017B   23287.21764750 -.00000086  00000+0  00000+0 0  9999
2 40545  56.9142   8.2025 0004472 226.1995 133.8088  1.70475757 15599
IRNSS-1D                
1 40547U 15018A   23287.82293632 -.00000290  00000+0  00000+0 0  9992
2 40547  27.9922 256.9500 0018868 187.3383 346.8245  1.00269460 31198
BEIDOU-3S IGSO-1S       
1 40549U 15019A   23288.45099500 -.00000122  00000+0  00000+0 0  9997
2 40549  51.0274 307.0875 0040522 197.6226 131.6950  1.00248636 31288
NAVSTAR 74 (USA 262)    
1 40730U 15033A   23288.50525832 -.00000025  00000+0  00000+0 0  9995
2 40730  54.8120 307.0583 0086867  14.0151 346.2670  2.00553040 60428
BEIDOU-3S M2S           
1 40748U 15037A   23287.06680723 -.00000065  00000+0  00000+0 0  9993
2 40748  55.6387 335.4214 0012567 247.0053 112.9334  1.86233272 55921
BEIDOU-3S M1S           
1 40749U 15037B   23288.41086157 -.00000061  00000+0  00000+0 0  9991
2 40749  55.6411 335.3622 0004866 296.2899  63.7308  1.86232977 55957
GSAT0205 (GALILEO 9)    
1 40889U 15045A   23288.15878469  .00000003  00000+0  00000+0 0  9996
2 40889  55.3430 248.5691 0004283   6.9672 352.9993  1.70473065 50371
GSAT0206 (GALILEO 10)   
1 40890U 15045B   23286.03310890 -.00000003  00000+0  00000+0 0  9993
2 40890  55.3433 248.6231 0002761 342.6718  17.2782  1.70473109 50362
BEIDOU-3S IGSO-2S       
1 40938U 15053A   23288.41915341 -.00000136  00000+0  00000+0 0  9998
2 40938  50.7495 270.2677 0047245 195.0311 165.9121  1.00273852 29575
NAVSTAR 75 (USA 265)    
1 41019U 15062A   23288.05780296 -.00000013  00000+0  00000+0 0  9992
2 41019  56.1967  68.7158 0090986 221.3955 137.9089  2.00562059 58251
GSAT-15                 
1 41028U 15065A   23288.63951051 -.00000245  00000+0  00000+0 0  9995
2 41028   0.0557  88.4286 0002337 103.6772 155.5598  1.00272155 29014
GSAT0209 (GALILEO 12)   
1 41174U 15079A   23287.96448627  .00000079  00000+0  00000+0 0  9991
2 41174  55.3166 128.0824 0002063 345.6550  14.4361  1.70474279 48135
GSAT0208 (GALILEO 11)   
1 41175U 15079B   23287.59754167  .00000078  00000+0  00000+0 0  9999
2 41175  55.3149 128.0905 0001656 358.5112   1.5866  1.70474147 48547
IRNSS-1E                
1 41241U 16003A   23287.82272147 -.00000266  00000+0  00000+0 0  9990
2 41241  31.0710  77.1833 0021211 180.1245 173.8770  1.00273143 28287
NAVSTAR 76 (USA 266)    
1 41328U 16007A   23288.14711672  .00000074  00000+0  00000+0 0  9993
2 41328  55.0317 128.2285 0072093 233.5725 125.8474  2.00573886 56266
COSMOS 2514             
1 41330U 16008A   23288.22277787 -.00000047  00000+0  00000+0 0  9991
2 41330  65.4906 346.2928 0012473 214.6830 145.3116  2.13102589 59824
IRNSS-1F                
1 41384U 16015A   23288.54968733  .00000175  00000+0  00000+0 0  9992
2 41384   3.0177 127.8694 0019371 173.5505 312.6943  1.00269947 27885
BEIDOU-2 IGSO-6         
1 41434U 16021A   23288.30620135 -.00000160  00000+0  00000+0 0  9995
2 41434  58.8148  47.8518 0048853 219.2619 323.5180  1.00275053 27692
IRNSS-1G                
1 41469U 16027A   23288.55484001 -.00000318  00000+0  00000+0 0  9991
2 41469   2.9062 129.4385 0001020   5.6311 218.0945  1.00269985 27396
GSAT0211 (GALILEO 14)   
1 41549U 16030A   23287.13197111  .00000000  00000+0  00000+0 0  9997
2 41549  55.4900 248.5775 0004051 322.6259  37.3049  1.70473158 46018
GSAT0210 (GALILEO 13)   
1 41550U 16030B   23288.01003362  .00000003  00000+0  00000+0 0  9994
2 41550  55.4890 248.5545 0003755 287.6433  72.2759  1.70473368 46027
COSMOS 2516             
1 41554U 16032A   23288.33635817  .00000019  00000+0  00000+0 0  9998
2 41554  63.8623 224.6439 0015124 213.4853 146.4167  2.13106421 57436
BEIDOU-2 G7             
1 41586U 16037A   23288.53478146 -.00000340  00000+0  00000+0 0  9998
2 41586   1.9674  68.9275 0007359 342.1261 275.7890  1.00277282 26996
EUTELSAT 117 WEST B     
1 41589U 16038B   23288.52001260  .00000002  00000+0  00000+0 0  9994
2 41589   0.0068  16.1292 0000093 133.9452 303.9289  1.00269437 26883
GSAT0207 (GALILEO 15)   
1 41859U 16069A   23285.91198029  .00000070  00000+0  00000+0 0  9993
2 41859  54.9789 128.2011 0001889 314.1743  45.9121  1.70474249 42720
GSAT0212 (GALILEO 16)   
1 41860U 16069B   23287.52633336  .00000077  00000+0  00000+0 0  9996
2 41860  54.9775 128.1533 0001901  25.4424 334.6657  1.70474469 43006
GSAT0213 (GALILEO 17)   
1 41861U 16069C   23287.89270917  .00000078  00000+0  00000+0 0  9990
2 41861  54.9797 128.1492 0001817 261.4935  98.5832  1.70473109 42875
GSAT0214 (GALILEO 18)   
1 41862U 16069D   23288.03998295  .00000078  00000+0  00000+0 0  9994
2 41862  54.9778 128.1390 0000876 261.7314  98.3552  1.70472970 43008
SES-15                  
1 42709U 17026A   23288.50778800  .00000073  00000+0  00000+0 0  9994
2 42709   0.0240  46.9762 0000224 121.5464 268.9382  1.00266879 24356
QZS-2 (MICHIBIKI-2)     
1 42738U 17028A   23288.33985119 -.00000185  00000+0  00000+0 0  9997
2 42738  40.9788 257.2827 0746029 270.6333 117.1388  1.00253829 23360
QZS-3 (MICHIBIKI-3)     
1 42917U 17048A   23288.55184297 -.00000335  00000+0  00000+0 0  9997
2 42917   0.0545 204.3556 0001499 357.0502 148.1681  1.00273993 22477
COSMOS 2522             
1 42939U 17055A   23288.06431568  .00000016  00000+0  00000+0 0  9996
2 42939  64.0965 225.1904 0008395 242.4682 117.4418  2.13102012 47172
QZS-4 (MICHIBIKI-4)     
1 42965U 17062A   23288.49060640 -.00000300  00000+0  00000+0 0  9996
2 42965  40.6191 355.9225 0749795 270.0987  73.7983  1.00269936 22023
BEIDOU-3 M1             
1 43001U 17069A   23287.95131707  .00000045  00000+0  00000+0 0  9993
2 43001  55.8745  95.4704 0007155 296.0676  63.8868  1.86231586 40426
BEIDOU-3 M2             
1 43002U 17069B   23287.88813229  .00000045  00000+0  00000+0 0  9992
2 43002  55.8738  95.5083 0005278 331.8710  28.1290  1.86231173 40415
GSAT0215 (GALILEO 19)   
1 43055U 17079A   23287.94176696  .00000003  00000+0  00000+0 0  9992
2 43055  55.4662 248.3805 0003209 282.5796  77.3446  1.70473876 36340
GSAT0216 (GALILEO 20)   
1 43056U 17079B   23288.23365754  .00000004  00000+0  00000+0 0  9992
2 43056  55.4663 248.3723 0004790 284.9952  74.9126  1.70473936 36364
GSAT0217 (GALILEO 21)   
1 43057U 17079C   23286.69427101 -.00000001  00000+0  00000+0 0  9994
2 43057  55.4650 248.4137 0004323 298.5702  61.3451  1.70473985 36328
GSAT0218 (GALILEO 22)   
1 43058U 17079D   23286.32773562 -.00000002  00000+0  00000+0 0  9991
2 43058  55.4654 248.4212 0005254 280.0333  79.8665  1.70473964 36347
BEIDOU-3 M7             
1 43107U 18003A   23287.63883430 -.00000065  00000+0  00000+0 0  9994
2 43107  55.0949 336.1008 0002699  70.9450 289.1549  1.86232557 39167
BEIDOU-3 M8             
1 43108U 18003B   23287.57726972 -.00000065  00000+0  00000+0 0  9995
2 43108  55.0880 336.0899 0004716 250.9005 109.1190  1.86231008 39171
BEIDOU-3 M4             
1 43207U 18018A   23288.01933827  .00000044  00000+0  00000+0 0  9996
2 43207  55.8331  95.5656 0003969  20.3731 339.6707  1.86231525 38562
BEIDOU-3 M3             
1 43208U 18018B   23288.62294716  .00000043  00000+0  00000+0 0  9990
2 43208  55.8331  95.5499 0004950 313.9141  46.0698  1.86231500 38577
BEIDOU-3 M9             
1 43245U 18029A   23287.77177148 -.00000062  00000+0  00000+0 0  9999
2 43245  54.9877 333.8270 0001827 242.1196 117.9320  1.86232781 37718
BEIDOU-3 M10            
1 43246U 18029B   23288.23869121 -.00000061  00000+0  00000+0 0  9990
2 43246  54.9845 333.8391 0003137 340.8997  19.1583  1.86232962 37703
IRNSS-1I                
1 43286U 18035A   23288.04320247  .00000124  00000+0  00000+0 0  9990
2 43286  29.3448  89.5425 0021194 177.5339 186.8650  1.00275261 20291
COSMOS 2527             
1 43508U 18053A   23288.02304717  .00000075  00000+0  00000+0 0  9994
2 43508  65.1085 106.5848 0007626 212.9732 147.0260  2.13102439 41477
BEIDOU-2 IGSO-7         
1 43539U 18057A   23288.64046281 -.00000087  00000+0  00000+0 0  9993
2 43539  55.1169 171.4977 0063603 230.0744 326.7503  1.00271202 19367
GSAT0221 (GALILEO 25)   
1 43564U 18060A   23287.98733617 -.00000083  00000+0  00000+0 0  9993
2 43564  57.2886   8.1058 0003809 253.9588 106.0476  1.70476357 32528
GSAT0222 (GALILEO 26)   
1 43565U 18060B   23287.03230317 -.00000086  00000+0  00000+0 0  9992
2 43565  57.2922   8.1324 0004390 227.6783 132.3295  1.70476029 32557
GSAT0219 (GALILEO 23)   
1 43566U 18060C   23287.84116768 -.00000083  00000+0  00000+0 0  9992
2 43566  57.2915   8.1127 0003255 261.0772  98.9338  1.70476258 32548
GSAT0220 (GALILEO 24)   
1 43567U 18060D   23286.88843447 -.00000086  00000+0  00000+0 0  9990
2 43567  57.2910   8.1392 0003476 256.8221 103.1836  1.70476286 32514
BEIDOU-3 M5             
1 43581U 18062A   23287.92193276  .00000011  00000+0  00000+0 0  9999
2 43581  54.1688 215.5298 0004019 294.7399  65.2244  1.86232012 35459
BEIDOU-3 M6             
1 43582U 18062B   23288.32526776  .00000016  00000+0  00000+0 0  9995
2 43582  54.1683 215.5057 0005820  11.6239 348.3984  1.86229912 35460
BEIDOU-3 M12            
1 43602U 18067A   23288.26119954  .00000016  00000+0  00000+0 0  9992
2 43602  54.2562 214.1665 0007512  18.3654 341.6730  1.86231518 34947
BEIDOU-3 M11            
1 43603U 18067B   23287.85807788  .00000012  00000+0  00000+0 0  9992
2 43603  54.2533 214.1459 0004437   7.3336 352.6813  1.86231478 34966
BEIDOU-3 M13            
1 43622U 18072A   23287.81706605  .00000044  00000+0  00000+0 0  9996
2 43622  55.8029  95.1110 0003989 289.0056  70.9794  1.86231464 34473
BEIDOU-3 M14            
1 43623U 18072B   23286.60862588  .00000047  00000+0  00000+0 0  9999
2 43623  55.8038  95.1441 0002181 348.1094  11.9199  1.86231534 34442
BEIDOU-3 M16            
1 43647U 18078A   23287.84598608 -.00000063  00000+0  00000+0 0  9996
2 43647  54.8838 333.9432 0006125   1.3381 358.7336  1.86227358 33978
BEIDOU-3 M15            
1 43648U 18078B   23288.51246560 -.00000061  00000+0  00000+0 0  9997
2 43648  54.8791 333.9239 0002884   4.2946 355.7771  1.86232304 34001
BEIDOU-3 G1             
1 43683U 18085A   23288.56144771 -.00000262  00000+0  00000+0 0  9993
2 43683   1.6037 121.6281 0002726   1.5891 242.7791  1.00276061 18278
COSMOS 2529             
1 43687U 18086A   23288.12232339  .00000017  00000+0  00000+0 0  9995
2 43687  64.3120 225.6349 0010089 264.1174  95.7625  2.13102057 38488
BEIDOU-3 M17            
1 43706U 18093A   23288.12333381  .00000014  00000+0  00000+0 0  9991
2 43706  54.2512 215.4432 0009134 286.0889  73.8182  1.86232085 33347
BEIDOU-3 M18            
1 43707U 18093B   23287.98976588  .00000012  00000+0  00000+0 0  9995
2 43707  54.2519 215.4395 0007877 315.1283  44.8148  1.86229935 33358
NAVSTAR 77 (USA 289)    
1 43873U 18109A   23288.03107182  .00000076  00000+0  00000+0 0  9990
2 43873  55.2066 130.7569 0026491 189.7546 341.0907  2.00570412 35490
BEIDOU-3 IGSO-1         
1 44204U 19023A   23288.06319014 -.00000212  00000+0  00000+0 0  9990
2 44204  57.2814  47.8173 0024339 197.0808 280.9600  1.00270535 16552
BEIDOU-2 G8             
1 44231U 19027A   23288.61631655 -.00000232  00000+0  00000+0 0  9995
2 44231   2.0591  80.9403 0006853 136.2854 173.1144  1.00271344 16299
COSMOS 2534             
1 44299U 19030A   23288.59218122  .00000022  00000+0  00000+0 0  9996
2 44299  64.3846 225.5492 0012415 284.7360 209.8600  2.13101930 34139
BEIDOU-3 IGSO-2         
1 44337U 19035A   23288.54429575 -.00000084  00000+0  00000+0 0  9994
2 44337  55.1513 167.4300 0032796 195.0399 336.2265  1.00262003 15880
NAVSTAR 78 (USA 293)    
1 44506U 19056A   23288.55611712 -.00000082  00000+0  00000+0 0  9990
2 44506  55.8258   9.8101 0038086 187.2783 261.5465  2.00566457 30506
BEIDOU-3 M24            
1 44542U 19061A   23288.06115060  .00000013  00000+0  00000+0 0  9990
2 44542  54.4787 215.6830 0008584 350.3899   9.6003  1.86231587 27618
BEIDOU-3 M23            
1 44543U 19061B   23288.20325597  .00000015  00000+0  00000+0 0  9997
2 44543  54.4770 215.6475 0005753 338.5771  28.6294  1.86231933 27627
BEIDOU-3 IGSO-3         
1 44709U 19073A   23288.41017294 -.00000164  00000+0  00000+0 0  9995
2 44709  56.4680 291.3179 0034948 190.8343 169.0862  1.00269598 14673
BEIDOU-3 M22            
1 44793U 19078A   23288.44351926 -.00000061  00000+0  00000+0 0  9995
2 44793  54.7317 333.8847 0004875   8.2818 351.7954  1.86232259 26474
BEIDOU-3 M21            
1 44794U 19078B   23286.96314128 -.00000065  00000+0  00000+0 0  9998
2 44794  54.7063 333.9172 0003002 352.8676   7.1983  1.86232747 26450
COSMOS 2544             
1 44850U 19088A   23287.96681995  .00000075  00000+0  00000+0 0  9992
2 44850  65.0945 106.4287 0011188 247.8692 112.0587  2.13102195 29916
BEIDOU-3 M19            
1 44864U 19090A   23285.67844253  .00000049  00000+0  00000+0 0  9995
2 44864  55.7356  95.3672 0015227 273.4489 138.9844  1.86231939 26013
BEIDOU-3 M20            
1 44865U 19090B   23288.35844090  .00000043  00000+0  00000+0 0  9997
2 44865  55.7394  95.3107 0012935 288.1855 210.8387  1.86231787 26048
BEIDOU-3 G2             
1 45344U 20017A   23288.57011194 -.00000128  00000+0  00000+0 0  9991
2 45344   2.0756  18.2936 0003131 185.2612 105.5910  1.00271691 13477
COSMOS 2545             
1 45358U 20018A   23288.16369272 -.00000048  00000+0  00000+0 0  9996
2 45358  64.8309 346.5065 0011363 242.7966 117.1629  2.13102615 27867
BEIDOU-3 G3             
1 45807U 20040A   23288.53808604 -.00000342  00000+0  00000+0 0  9995
2 45807   0.5908 352.7398 0007840 315.4473  19.8864  1.00268108 12286
NAVSTAR 79 (USA 304)    
1 45854U 20041A   23288.51627062 -.00000016  00000+0  00000+0 0  9991
2 45854  55.9187  67.0998 0037874 187.6797 175.3878  2.00562427 24470
GALAXY 30 (G-30)        
1 46114U 20056C   23288.57681295  .00000050  00000+0  00000+0 0  9998
2 46114   0.0187 234.0572 0002653 329.6210 262.8227  1.00271664 11510
COSMOS 2547             
1 46805U 20075A   23288.35243742  .00000019  00000+0  00000+0 0  9998
2 46805  64.6124 225.1256 0007569 243.3029 116.6165  2.13102840 23115
NAVSTAR 80 (USA 309)    
1 46826U 20078A   23288.55038350  .00000006  00000+0  00000+0 0  9999
2 46826  54.2930 250.3906 0036696 195.0191 168.3911  2.00562806 21946
NAVSTAR 81 (USA 319)    
1 48859U 21054A   23288.40207983 -.00000083  00000+0  00000+0 0  9992
2 48859  55.3445  11.5824 0013401 215.4447 224.3549  2.00571438 17185
QZS-1R                  
1 49336U 21096A   23288.31537265 -.00000183  00000+0  00000+0 0  9999
2 49336  35.4378  94.2867 0746480 270.0231 267.9064  1.00279123  7227
GSAT0223 (GALILEO 27)   
1 49809U 21116A   23288.49755931 -.00000081  00000+0  00000+0 0  9995
2 49809  57.2826   7.9915 0003630 202.5759 155.2898  1.70476396 11547
GSAT0224 (GALILEO 28)   
1 49810U 21116B   23288.29113056 -.00000082  00000+0  00000+0 0  9992
2 49810  57.2833   7.9953 0002906 197.0375 146.6241  1.70476434 11567
COSMOS 2557             
1 52984U 22075A   23288.51528863 -.00000050  00000+0  00000+0 0  9999
2 52984  64.7487 348.6493 0013082 275.5418  84.3835  2.13102278  9926
COSMOS 2559             
1 54031U 22130A   23288.45740691 -.00000050  00000+0  00000+0 0  9994
2 54031  64.7201 348.7774 0007816 224.6263 135.3849  2.13101539  7894
COSMOS 2564             
1 54377U 22161A   23288.18100154  .00000018  00000+0  00000+0 0  9998
2 54377  64.7530 225.1917 0009615 223.1701 136.7504  2.13102217  6839
NAVSTAR 82 (USA 343)    
1 55268U 23009A   23287.54552144  .00000033  00000+0  00000+0 0  9996
2 55268  55.0864 186.8385 0005004  88.7590 131.5270  2.00553131  5645
BEIDOU-3 G4             
1 56564U 23066A   23288.60405844 -.00000102  00000+0  00000+0 0  9999
2 56564   2.7440 288.6492 0005992 223.1667 249.5784  1.00271931  1617
IRNSS-1J (NVS-01)       
1 56759U 23076A   23288.48865943 -.00000330  00000+0  00000+0 0  9995
2 56759   4.6361 271.2968 0007266 348.1904  69.7368  1.00267412  1338
