NAVSTAR 43 (USA 132)    
1 24876U 97035A   23240.11781330 -.00000006  00000+0  00000+0 0  9991
2 24876  55.5857 138.6271 0072222  52.1613 308.5360  2.00563930191212
NAVSTAR 47 (USA 150)    
1 26360U 00025A   23240.29512965 -.00000010  00000+0  00000+0 0  9994
2 26360  54.4261  60.8906 0041405 198.9975  18.5481  2.00571141170727
NAVSTAR 51 (USA 166)    
1 27663U 03005A   23240.02232773  .00000071  00000+0  00000+0 0  9995
2 27663  55.2496 255.7015 0131687  44.6518 315.7710  2.00566378150766
NAVSTAR 52 (USA 168)    
1 27704U 03010A   23239.90870059 -.00000082  00000+0  00000+0 0  9990
2 27704  55.1155   5.6707 0248513 318.5737 177.8966  2.00574405149562
NAVSTAR 54 (USA 177)    
1 28190U 04009A   23239.34099001 -.00000041  00000+0  00000+0 0  9992
2 28190  55.6967 316.7878 0092997 138.2736 246.5834  2.00567442142397
NAVSTAR 56 (USA 180)    
1 28474U 04045A   23239.91894363 -.00000081  00000+0  00000+0 0  9998
2 28474  55.4425   5.9892 0162065 282.3588 214.9492  2.00579546137887
ANIK F1R                
1 28868U 05036A   23240.08250166 -.00000082  00000+0  00000+0 0  9994
2 28868   1.6676  89.1440 0002960  33.3615 135.9272  1.00271485 65888
NAVSTAR 57 (USA 183)    
1 28874U 05038A   23239.34687399 -.00000036  00000+0  00000+0 0  9991
2 28874  55.7482 314.2394 0139330 279.4049 130.9794  2.00575908131286
INMARSAT 4-F2           
1 28899U 05044A   23239.47165302  .00000006  00000+0  00000+0 0  9990
2 28899   3.8536  40.6394 0002869 118.9259  49.5786  1.00270297 65243
NAVSTAR 58 (USA 190)    
1 29486U 06042A   23239.86939617  .00000019  00000+0  00000+0 0  9997
2 29486  54.6858 191.9514 0102955  31.8091 297.6428  2.00570142123848
NAVSTAR 59 (USA 192)    
1 29601U 06052A   23239.33276682  .00000078  00000+0  00000+0 0  9990
2 29601  55.2705 254.6876 0084181  79.3530 281.6468  2.00577143122853
NAVSTAR 60 (USA 196)    
1 32260U 07047A   23239.64683117 -.00000003  00000+0  00000+0 0  9998
2 32260  53.4614 122.4601 0151052  70.4228 291.2711  2.00551739116262
COSMOS 2433             
1 32275U 07052A   23239.52432362 -.00000068  00000+0  00000+0 0  9992
2 32275  66.0243 350.1949 0003454 214.5442 145.4518  2.13104035123228
COSMOS 2432             
1 32276U 07052B   23240.45698250 -.00000069  00000+0  00000+0 0  9998
2 32276  66.0382 350.2726 0008034 322.4224 340.1644  2.13103152123271
NAVSTAR 61 (USA 199)    
1 32384U 07062A   23240.46867606 -.00000037  00000+0  00000+0 0  9998
2 32384  55.8790 315.0148 0024924 149.8174 213.7361  2.00558309115049
COSMOS 2434             
1 32393U 07065A   23239.29096208  .00000089  00000+0  00000+0 0  9998
2 32393  64.3376 226.5789 0000093 140.3573 291.7562  2.13103050121938
COSMOS 2436             
1 32395U 07065C   23238.87027566  .00000094  00000+0  00000+0 0  9990
2 32395  64.3463 226.6549 0015624 351.8509 253.0521  2.13102778121882
NAVSTAR 62 (USA 201)    
1 32711U 08012A   23239.06248804  .00000027  00000+0  00000+0 0  9993
2 32711  54.4530 190.8164 0177474 235.7888 122.4959  2.00556970113198
NAVSTAR 64 (USA 206)    
1 35752U 09043A   23239.54392529  .00000001  00000+0  00000+0 0  9995
2 35752  55.4264  68.0286 0058441  68.7262 295.5968  2.00558292102812
COSMOS 2456             
1 36111U 09070A   23238.82197590  .00000024  00000+0  00000+0 0  9991
2 36111  64.4866 106.0990 0002466 330.4119 261.2170  2.13099175106577
COSMOS 2457             
1 36112U 09070B   23240.39615271  .00000036  00000+0  00000+0 0  9991
2 36112  64.4710 105.9104 0005424 148.7573 341.2424  2.13101337106656
COSMOS 2460             
1 36402U 10007C   23239.72455809 -.00000068  00000+0  00000+0 0  9995
2 36402  65.8868 348.9051 0001523 158.9879 164.0964  2.13106214104898
NAVSTAR 65 (USA 213)    
1 36585U 10022A   23239.64083372  .00000075  00000+0  00000+0 0  9994
2 36585  54.5693 249.8976 0108995  59.6678 130.9973  2.00561515 97046
BEIDOU-2 IGSO-1         
1 36828U 10036A   23239.74563382 -.00000156  00000+0  00000+0 0  9995
2 36828  54.2371 172.2411 0036809 189.3509 350.1725  1.00255372 47953
QZS-1 (MICHIBIKI-1)     
1 37158U 10045A   23235.98548465 -.00000031  00000+0  00000+0 0  9991
2 37158  42.8909 127.5505 0036254  12.7354 203.3381  0.88330244 47378
BEIDOU-2 G4             
1 37210U 10057A   23240.06194816 -.00000120  00000+0  00000+0 0  9994
2 37210   1.1588  60.4873 0005588 146.6180 311.1545  1.00271130 47015
BEIDOU-2 IGSO-2         
1 37256U 10068A   23240.05882855 -.00000156  00000+0  00000+0 0  9991
2 37256  49.4218 284.3946 0032388 212.3446 328.1806  1.00286018 46526
BEIDOU-2 IGSO-3         
1 37384U 11013A   23240.41171326 -.00000149  00000+0  00000+0 0  9990
2 37384  60.9286  49.9620 0028021 173.9586   8.5482  1.00283133 45401
GSAT-8                  
1 37605U 11022A   23239.75651500  .00000079  00000+0  00000+0 0  9999
2 37605   0.0394 286.7020 0003911 321.2914  55.1369  1.00271461 42940
NAVSTAR 66 (USA 232)    
1 37753U 11036A   23239.72831966 -.00000074  00000+0  00000+0 0  9997
2 37753  56.7428  11.7622 0127197  56.2807 283.4470  2.00568364 88720
BEIDOU-2 IGSO-4         
1 37763U 11038A   23239.80690762 -.00000090  00000+0  00000+0 0  9994
2 37763  54.5110 174.7813 0112078 228.2052 318.8121  1.00275416 44373
GSAT0101 (GALILEO-PFM)  
1 37846U 11060A   23237.91140343 -.00000074  00000+0  00000+0 0  9998
2 37846  57.1086   9.5543 0002090  74.2227 285.8064  1.70475827 73754
GSAT0102 (GALILEO-FM2)  
1 37847U 11060B   23238.42341112 -.00000075  00000+0  00000+0 0  9994
2 37847  57.1094   9.5404 0001286   3.1467 357.4053  1.70475231 73644
COSMOS 2476             
1 37867U 11064A   23240.24688086  .00000034  00000+0  00000+0 0  9991
2 37867  64.7671 107.5746 0021300 233.2048 280.8005  2.13101683 91998
COSMOS 2477             
1 37868U 11064B   23240.45303112  .00000036  00000+0  00000+0 0  9991
2 37868  64.7746 107.6372 0018528 233.7698 256.2748  2.13101599 91955
COSMOS 2475             
1 37869U 11064C   23239.18712611  .00000026  00000+0  00000+0 0  9997
2 37869  64.7811 107.6922 0022772 251.7403 305.6143  2.13101983 91922
BEIDOU-2 IGSO-5         
1 37948U 11073A   23239.42555639 -.00000110  00000+0  00000+0 0  9992
2 37948  49.5482 284.0703 0095011 220.3909  80.1936  1.00274174 42852
LUCH-5A                 
1 37951U 11074B   23240.46761799 -.00000057  00000+0  00000+0 0  9999
2 37951   6.1238  89.8177 0005096  53.2465 168.7209  1.00273403 42922
BEIDOU-2 G5             
1 38091U 12008A   23239.75721118  .00000051  00000+0  00000+0 0  9997
2 38091   1.6900  68.2861 0002385 163.9951  74.7068  1.00270042 42095
BEIDOU-2 M3             
1 38250U 12018A   23239.68098395 -.00000081  00000+0  00000+0 0  9995
2 38250  56.5156 339.1293 0023059 255.1923 104.5835  1.86231012 77200
BEIDOU-2 M4             
1 38251U 12018B   23239.07549889 -.00000080  00000+0  00000+0 0  9997
2 38251  56.4268 338.4430 0013872 254.7032 105.1752  1.86231738 76857
SES-5                   
1 38652U 12036A   23240.10486646  .00000026  00000+0  00000+0 0  9998
2 38652   0.0608 297.5876 0002372 215.1986 226.0116  1.00272366 40807
BEIDOU-2 M6             
1 38775U 12050B   23239.85941077  .00000015  00000+0  00000+0 0  9992
2 38775  55.6846  97.0180 0011920 339.1696  20.8746  1.86231178 74589
GSAT-10                 
1 38779U 12051B   23240.07132788 -.00000173  00000+0  00000+0 0  9990
2 38779   0.0780 273.5620 0001062 328.3134 202.8568  1.00271954 40025
NAVSTAR 67 (USA 239)    
1 38833U 12053A   23240.23730108  .00000007  00000+0  00000+0 0  9996
2 38833  53.5137 185.4828 0141495  51.7934 309.4429  2.00567005 79798
GSAT0103 (GALILEO-FM3)  
1 38857U 12055A   23239.12370705 -.00000004  00000+0  00000+0 0  9991
2 38857  55.2790 129.7191 0003019 269.0337  90.9927  1.70473610 67530
GSAT0104 (GALILEO-FM4)  
1 38858U 12055B   23239.09317360 -.00000004  00000+0  00000+0 0  9996
2 38858  55.2792 129.7217 0000501 262.1961  97.8592  1.70473865 67538
BEIDOU-2 G6             
1 38953U 12059A   23240.04891094 -.00000183  00000+0  00000+0 0  9992
2 38953   1.8054  81.9730 0007741 316.6132  39.0903  1.00269910 39775
LUCH-5B                 
1 38977U 12061A   23240.31554819 -.00000143  00000+0  00000+0 0  9998
2 38977   8.2383  59.1821 0005994 101.7674 272.6462  1.00271036 39910
COSMOS 2485             
1 39155U 13019A   23239.98814555  .00000032  00000+0  00000+0 0  9994
2 39155  64.9272 108.1054 0021793 229.1025 130.7988  2.13101892 80457
NAVSTAR 68 (USA 242)    
1 39166U 13023A   23239.60081343 -.00000028  00000+0  00000+0 0  9997
2 39166  55.3632 310.4280 0114133  41.7307 319.2013  2.00564168 75322
IRNSS-1A                
1 39199U 13034A   23234.16657309  .00000084  00000+0  00000+0 0  9993
2 39199  33.3930  78.8870 0019847 176.2146 190.0723  1.00275588 37040
NAVSTAR 69 (USA 248)    
1 39533U 14008A   23239.59890345  .00000020  00000+0  00000+0 0  9998
2 39533  53.6010 191.0655 0067269 215.7937 143.7287  2.00551195 69130
ASTRA 5B                
1 39617U 14011B   23240.03690181  .00000129  00000+0  00000+0 0  9992
2 39617   0.0746 302.4613 0002805 231.3019 198.9933  1.00269995 34604
COSMOS 2492             
1 39620U 14012A   23239.47431417 -.00000068  00000+0  00000+0 0  9991
2 39620  65.7706 348.5330 0011117 318.2972  41.6383  2.13103037 73401
IRNSS-1B                
1 39635U 14017A   23239.61336282  .00000131  00000+0  00000+0 0  9992
2 39635  28.7197 257.7939 0020067 191.5706 162.0521  1.00272178 34516
LUCH-5V                 
1 39727U 14023A   23240.05108650 -.00000277  00000+0  00000+0 0  9999
2 39727   2.5541  77.3059 0003031 117.9079 253.9250  1.00273277552242
NAVSTAR 70 (USA 251)    
1 39741U 14026A   23239.38201094 -.00000074  00000+0  00000+0 0  9993
2 39741  56.6956  11.2979 0028805 311.3604  48.4004  2.00557644 67986
COSMOS 2500             
1 40001U 14032A   23238.71920191 -.00000067  00000+0  00000+0 0  9995
2 40001  65.7090 348.3865 0007799 195.1491 164.8488  2.13105823 71601
NAVSTAR 71 (USA 256)    
1 40105U 14045A   23238.96822310 -.00000007  00000+0  00000+0 0  9999
2 40105  54.8097 129.4070 0024526 113.0691 247.2474  2.00577098 65513
GSAT0201 (GALILEO 5)    
1 40128U 14050A   23239.25807119 -.00000050  00000+0  00000+0 0  9991
2 40128  49.9425 314.8908 1609272 140.0678 232.9777  1.85519036 59308
GSAT0202 (GALILEO 6)    
1 40129U 14050B   23239.51748692 -.00000047  00000+0  00000+0 0  9997
2 40129  49.9616 313.9518 1607130 140.8892 231.9301  1.85519693 61477
IRNSS-1C                
1 40269U 14061A   23240.12018244 -.00000171  00000+0  00000+0 0  9994
2 40269   3.9462 112.9353 0020150  16.6557 332.7833  1.00271913 32557
NAVSTAR 72 (USA 258)    
1 40294U 14068A   23238.84663648  .00000004  00000+0  00000+0 0  9993
2 40294  56.1692  70.7931 0049029  61.5905 298.9733  2.00571178 64649
COSMOS 2501             
1 40315U 14075A   23240.37680546  .00000073  00000+0  00000+0 0  9998
2 40315  63.6408 225.9022 0020134 211.5659 148.3194  2.13101297 68036
NAVSTAR 73 (USA 260)    
1 40534U 15013A   23239.97920355  .00000069  00000+0  00000+0 0  9998
2 40534  53.4678 246.5951 0080045  25.1799 335.2442  2.00555088 61703
GSAT0203 (GALILEO 7)    
1 40544U 15017A   23238.86405241 -.00000077  00000+0  00000+0 0  9992
2 40544  56.9042   9.5026 0002800 222.0197 137.9629  1.70476038 51728
GSAT0204 (GALILEO 8)    
1 40545U 15017B   23239.70423556 -.00000079  00000+0  00000+0 0  9998
2 40545  56.9101   9.4940 0003238 203.9371 156.0497  1.70475589 52408
IRNSS-1D                
1 40547U 15018A   23239.48105146 -.00000255  00000+0  00000+0 0  9994
2 40547  28.0887 257.7676 0020454 191.5583 171.0060  1.00267112 30718
BEIDOU-3S IGSO-1S       
1 40549U 15019A   23240.10400601 -.00000149  00000+0  00000+0 0  9994
2 40549  51.1130 307.6589 0040748 195.7879 324.3203  1.00257203 30811
NAVSTAR 74 (USA 262)    
1 40730U 15033A   23239.14362001 -.00000026  00000+0  00000+0 0  9999
2 40730  54.8522 309.0643 0084970  14.0102 346.2921  2.00555628 59434
BEIDOU-3S M2S           
1 40748U 15037A   23238.74137779 -.00000080  00000+0  00000+0 0  9999
2 40748  55.6676 337.0589 0010858 239.8770 120.0489  1.86233066 55024
BEIDOU-3S M1S           
1 40749U 15037B   23239.01146625 -.00000080  00000+0  00000+0 0  9991
2 40749  55.6703 337.0360 0002878 304.9511  55.0552  1.86232760 55032
GSAT0205 (GALILEO 9)    
1 40889U 15045A   23239.47220780  .00000073  00000+0  00000+0 0  9991
2 40889  55.3677 249.9136 0003316 357.4939   2.5495  1.70473382 49543
GSAT0206 (GALILEO 10)   
1 40890U 15045B   23240.27947809  .00000067  00000+0  00000+0 0  9994
2 40890  55.3664 249.8868 0002372 323.0979  36.9274  1.70473361 49583
BEIDOU-3S IGSO-2S       
1 40938U 15053A   23240.41729274 -.00000078  00000+0  00000+0 0  9999
2 40938  50.8198 270.8259 0047827 194.4614 117.1000  1.00284549 29089
NAVSTAR 75 (USA 265)    
1 41019U 15062A   23239.69515299  .00000006  00000+0  00000+0 0  9998
2 41019  56.1541  70.6094 0088779 221.0266 138.3712  2.00562235 57285
GSAT-15                 
1 41028U 15065A   23240.05082543 -.00000265  00000+0  00000+0 0  9992
2 41028   0.0798 274.6413 0002232 205.5139 327.6564  1.00270095 28593
GSAT0209 (GALILEO 12)   
1 41174U 15079A   23239.27798926 -.00000004  00000+0  00000+0 0  9991
2 41174  55.2968 129.4217 0003300 326.9179  33.1235  1.70473853 47885
GSAT0208 (GALILEO 11)   
1 41175U 15079B   23239.49760462 -.00000004  00000+0  00000+0 0  9990
2 41175  55.2950 129.4138 0002609 331.4168  28.6318  1.70473764 47881
IRNSS-1E                
1 41241U 16003A   23239.98268674 -.00000302  00000+0  00000+0 0  9995
2 41241  30.9590  77.9067 0019930 173.7667 189.8228  1.00268647 27938
NAVSTAR 76 (USA 266)    
1 41328U 16007A   23239.28914125 -.00000006  00000+0  00000+0 0  9998
2 41328  55.0142 130.1703 0071317 233.9800 125.4146  2.00575853 55284
COSMOS 2514             
1 41330U 16008A   23238.95029758 -.00000067  00000+0  00000+0 0  9991
2 41330  65.5062 347.9622 0011481 205.5371 154.4278  2.13102473 58779
IRNSS-1F                
1 41384U 16015A   23240.25367514  .00000149  00000+0  00000+0 0  9999
2 41384   2.9181 130.1612 0018224 176.9837 152.6926  1.00267380 27394
BEIDOU-2 IGSO-6         
1 41434U 16021A   23239.33507498 -.00000129  00000+0  00000+0 0  9995
2 41434  58.7406  48.3474 0047108 217.6815 286.1087  1.00284242 27192
IRNSS-1G                
1 41469U 16027A   23239.83023422 -.00000343  00000+0  00000+0 0  9992
2 41469   2.8096 131.8876 0003776 357.3766 274.9630  1.00267439 26905
GSAT0211 (GALILEO 14)   
1 41549U 16030A   23239.61857415  .00000072  00000+0  00000+0 0  9996
2 41549  55.5140 249.8845 0003936 307.4935  52.5153  1.70473479 45188
GSAT0210 (GALILEO 13)   
1 41550U 16030B   23238.15035376  .00000077  00000+0  00000+0 0  9995
2 41550  55.5140 249.9261 0004227 273.2450  86.7530  1.70473653 45170
COSMOS 2516             
1 41554U 16032A   23238.12676964  .00000100  00000+0  00000+0 0  9999
2 41554  63.8675 226.3789 0015536 214.7613 145.1534  2.13106405 56362
BEIDOU-2 G7             
1 41586U 16037A   23240.14888559 -.00000362  00000+0  00000+0 0  9990
2 41586   1.8521  68.3329 0007658 348.2281  83.6900  1.00274419 26516
EUTELSAT 117 WEST B     
1 41589U 16038B   23240.00888053 -.00000019  00000+0  00000+0 0  9997
2 41589   0.0059 311.2977 0000223 343.0109 287.8574  1.00271059 26431
GSAT0207 (GALILEO 15)   
1 41859U 16069A   23238.39866786 -.00000004  00000+0  00000+0 0  9993
2 41859  54.9589 129.5201 0003323 307.1286  52.9007  1.70473805 41910
GSAT0212 (GALILEO 16)   
1 41860U 16069B   23239.42650840 -.00000005  00000+0  00000+0 0  9993
2 41860  54.9569 129.4883 0002568 348.4940  11.5624  1.70474049 42187
GSAT0213 (GALILEO 17)   
1 41861U 16069C   23239.20593235 -.00000005  00000+0  00000+0 0  9994
2 41861  54.9592 129.5005 0002978 279.6844  80.3433  1.70472670 42049
GSAT0214 (GALILEO 18)   
1 41862U 16069D   23239.93975426 -.00000004  00000+0  00000+0 0  9990
2 41862  54.9581 129.4741 0002086 288.5937  71.4480  1.70472625 42184
SES-15                  
1 42709U 17026A   23240.42618753  .00000050  00000+0  00000+0 0  9998
2 42709   0.0200  44.0369 0001032 108.4343 208.1896  1.00276126 23926
QZS-2 (MICHIBIKI-2)     
1 42738U 17028A   23239.91533125 -.00000097  00000+0  00000+0 0  9995
2 42738  41.0556 257.9711 0752927 269.9844 278.8095  1.00266959 22868
QZS-3 (MICHIBIKI-3)     
1 42917U 17048A   23239.98581955 -.00000355  00000+0  00000+0 0  9994
2 42917   0.0751 223.7765 0002108 302.9088 291.1622  1.00275593 22099
COSMOS 2522             
1 42939U 17055A   23239.26140673  .00000090  00000+0  00000+0 0  9990
2 42939  64.1016 226.8626 0010034 243.2516 116.6594  2.13101950 46138
QZS-4 (MICHIBIKI-4)     
1 42965U 17062A   23240.20146156 -.00000311  00000+0  00000+0 0  9992
2 42965  40.6390 356.5375 0747168 269.1467 282.2906  1.00282258 21530
BEIDOU-3 M1             
1 43001U 17069A   23240.16271203  .00000017  00000+0  00000+0 0  9990
2 43001  55.8361  97.0662 0008054 301.6730  58.3423  1.86231370 39531
BEIDOU-3 M2             
1 43002U 17069B   23240.08799380  .00000017  00000+0  00000+0 0  9993
2 43002  55.8348  97.1063 0007000 333.3785  19.0186  1.86231302 39518
GSAT0215 (GALILEO 19)   
1 43055U 17079A   23239.25540045  .00000074  00000+0  00000+0 0  9994
2 43055  55.4906 249.7207 0003769 267.6858  92.3163  1.70474145 35517
GSAT0216 (GALILEO 20)   
1 43056U 17079B   23237.20099100  .00000076  00000+0  00000+0 0  9991
2 43056  55.4917 249.7772 0005326 273.3466  86.6371  1.70474333 35490
GSAT0217 (GALILEO 21)   
1 43057U 17079C   23239.76767495  .00000071  00000+0  00000+0 0  9999
2 43057  55.4896 249.7053 0004640 284.2582  75.7339  1.70474239 35529
GSAT0218 (GALILEO 22)   
1 43058U 17079D   23239.40114749  .00000073  00000+0  00000+0 0  9991
2 43058  55.4891 249.7130 0005777 270.9391  89.0395  1.70474194 35545
BEIDOU-3 M7             
1 43107U 18003A   23240.34575601 -.00000082  00000+0  00000+0 0  9998
2 43107  55.1225 337.7245 0004335  79.1534 253.1458  1.86232435 38285
BEIDOU-3 M8             
1 43108U 18003B   23239.25133340 -.00000081  00000+0  00000+0 0  9996
2 43108  55.1163 337.7489 0003764 241.3714 118.6233  1.86230830 38277
BEIDOU-3 M4             
1 43207U 18018A   23239.15681255  .00000011  00000+0  00000+0 0  9996
2 43207  55.7940  97.1992 0005005  10.0167 350.0834  1.86231335 37656
BEIDOU-3 M3             
1 43208U 18018B   23239.22346184  .00000011  00000+0  00000+0 0  9994
2 43208  55.7935  97.2014 0006105 318.5340  41.5100  1.86231215 37653
BEIDOU-3 M9             
1 43245U 18029A   23239.44630164 -.00000078  00000+0  00000+0 0  9999
2 43245  55.0180 335.4901 0001218 203.1973 156.8329  1.86232366 36810
BEIDOU-3 M10            
1 43246U 18029B   23239.37635135 -.00000078  00000+0  00000+0 0  9995
2 43246  55.0150 335.5207 0002711   1.6147 358.4218  1.86232818 36797
IRNSS-1I                
1 43286U 18035A   23239.68472135  .00000077  00000+0  00000+0 0  9997
2 43286  29.2315  90.3161 0019069 176.8962  10.0757  1.00269076 19798
COSMOS 2527             
1 43508U 18053A   23239.22010216  .00000027  00000+0  00000+0 0  9997
2 43508  65.0884 108.2223 0007377 221.7008 138.3305  2.13102372 40430
BEIDOU-2 IGSO-7         
1 43539U 18057A   23238.74285490 -.00000152  00000+0  00000+0 0  9999
2 43539  55.1212 171.9348 0064588 231.4172 311.7710  1.00286147 18868
GSAT0221 (GALILEO 25)   
1 43564U 18060A   23239.30082196 -.00000077  00000+0  00000+0 0  9998
2 43564  57.2847   9.4169 0002401 252.8311 107.1454  1.70475940 31693
GSAT0222 (GALILEO 26)   
1 43565U 18060B   23240.10547790 -.00000081  00000+0  00000+0 0  9990
2 43565  57.2882   9.3963 0003146 206.6357 153.3488  1.70475666 31750
GSAT0219 (GALILEO 23)   
1 43566U 18060C   23238.56807338 -.00000075  00000+0  00000+0 0  9998
2 43566  57.2872   9.4397 0001431 256.9537 103.0349  1.70475942 31705
GSAT0220 (GALILEO 24)   
1 43567U 18060D   23238.78847856 -.00000076  00000+0  00000+0 0  9993
2 43567  57.2869   9.4346 0001742 248.2487 111.7368  1.70475627 31694
BEIDOU-3 M5             
1 43581U 18062A   23238.52277507  .00000076  00000+0  00000+0 0  9992
2 43581  54.1800 217.2132 0005505 278.5374  81.3914  1.86231811 34532
BEIDOU-3 M6             
1 43582U 18062B   23238.38859119  .00000078  00000+0  00000+0 0  9994
2 43582  54.1796 217.2073 0004922 351.8748   8.1089  1.86229606 34532
BEIDOU-3 M12            
1 43602U 18067A   23240.47275061  .00000047  00000+0  00000+0 0  9999
2 43602  54.2666 215.7906 0006903  11.2133 348.7797  1.86231473 34057
BEIDOU-3 M11            
1 43603U 18067B   23240.06962870  .00000053  00000+0  00000+0 0  9993
2 43603  54.2638 215.7701 0004044 354.3504   5.6255  1.86231442 34073
BEIDOU-3 M13            
1 43622U 18072A   23238.95456097  .00000010  00000+0  00000+0 0  9997
2 43622  55.7637  96.7458 0004807 300.5439  59.4979  1.86231567 33563
BEIDOU-3 M14            
1 43623U 18072B   23238.82001657  .00000009  00000+0  00000+0 0  9990
2 43623  55.7654  96.7430 0003399 344.8752  15.2035  1.86231579 33563
BEIDOU-3 M16            
1 43647U 18078A   23237.90825273 -.00000079  00000+0  00000+0 0  9996
2 43647  54.9148 335.6658 0005994  11.6925 348.3565  1.86227181 33044
BEIDOU-3 M15            
1 43648U 18078B   23238.03912081 -.00000079  00000+0  00000+0 0  9996
2 43648  54.9104 335.6652 0002970  27.5067 332.5440  1.86232168 33076
BEIDOU-3 G1             
1 43683U 18085A   23239.72202289 -.00000285  00000+0  00000+0 0  9991
2 43683   1.4964 124.9346 0003249 348.4579 262.2979  1.00269876 17786
COSMOS 2529             
1 43687U 18086A   23239.78864764  .00000084  00000+0  00000+0 0  9990
2 43687  64.3168 227.2778 0011637 261.9499  97.9301  2.13102018 37457
BEIDOU-3 M17            
1 43706U 18093A   23240.33500988  .00000051  00000+0  00000+0 0  9992
2 43706  54.2621 217.0680 0010519 279.2602  80.6010  1.86231865 32459
BEIDOU-3 M18            
1 43707U 18093B   23239.12699097  .00000068  00000+0  00000+0 0  9996
2 43707  54.2630 217.1008 0008679 303.3565  56.5486  1.86229700 32449
NAVSTAR 77 (USA 289)    
1 43873U 18109A   23239.89630361 -.00000004  00000+0  00000+0 0  9992
2 43873  55.1905 132.6600 0025544 191.4348 142.5800  2.00568374 34529
BEIDOU-3 IGSO-1         
1 44204U 19023A   23240.33170841 -.00000187  00000+0  00000+0 0  9992
2 44204  57.2084  48.3167 0023503 193.8045 333.1303  1.00284180 16090
BEIDOU-2 G8             
1 44231U 19027A   23239.97132672 -.00000254  00000+0  00000+0 0  9999
2 44231   1.9355  81.1626 0005982 123.7363 265.2462  1.00273456 15801
COSMOS 2534             
1 44299U 19030A   23239.60953383  .00000086  00000+0  00000+0 0  9999
2 44299  64.3894 227.2096 0013736 280.7341  76.0262  2.13101889 33087
BEIDOU-3 IGSO-2         
1 44337U 19035A   23239.69910375 -.00000170  00000+0  00000+0 0  9995
2 44337  55.1539 167.8601 0033120 197.3303 341.8621  1.00276811 15394
NAVSTAR 78 (USA 293)    
1 44506U 19056A   23239.56941640 -.00000075  00000+0  00000+0 0  9995
2 44506  55.8201  11.7487 0036601 184.4827 173.2604  2.00565220 29512
BEIDOU-3 M24            
1 44542U 19061A   23240.27266343  .00000052  00000+0  00000+0 0  9995
2 44542  54.4894 217.2984 0008354 337.1726  22.7714  1.86231388 26727
BEIDOU-3 M23            
1 44543U 19061B   23237.45425641  .00000088  00000+0  00000+0 0  9999
2 44543  54.4882 217.3633 0006006 320.1971 222.0122  1.86231709 26672
BEIDOU-3 IGSO-3         
1 44709U 19073A   23239.54659779 -.00000146  00000+0  00000+0 0  9995
2 44709  56.5462 291.8342 0035287 189.3278 170.7304  1.00284594 14185
BEIDOU-3 M22            
1 44793U 19078A   23236.35933914 -.00000080  00000+0  00000+0 0  9992
2 44793  54.7642 335.6878 0004952  21.5844 338.4727  1.86232234 25508
BEIDOU-3 M21            
1 44794U 19078B   23235.41603950 -.00000081  00000+0  00000+0 0  9994
2 44794  54.7387 335.7027 0002888  16.8666 343.1801  1.86232681 25497
COSMOS 2544             
1 44850U 19088A   23239.16382181  .00000027  00000+0  00000+0 0  9993
2 44850  65.0743 108.0672 0011580 253.7018 106.2582  2.13102123 28877
BEIDOU-3 M19            
1 44864U 19090A   23239.23811713  .00000011  00000+0  00000+0 0  9990
2 44864  55.6978  96.9241 0015695 276.1688 320.2288  1.86231647 25148
BEIDOU-3 M20            
1 44865U 19090B   23239.01676184  .00000010  00000+0  00000+0 0  9997
2 44865  55.6995  96.9643 0013636 291.2327 246.5430  1.86231604 25125
BEIDOU-3 G2             
1 45344U 20017A   23239.68985569 -.00000146  00000+0  00000+0 0  9995
2 45344   2.0430  15.7460 0003442 144.0757 144.2234  1.00270251 12983
COSMOS 2545             
1 45358U 20018A   23239.82983140 -.00000069  00000+0  00000+0 0  9994
2 45358  64.8462 348.1836 0009557 236.2761 123.6537  2.13102465 26833
BEIDOU-3 G3             
1 45807U 20040A   23240.10813318 -.00000360  00000+0  00000+0 0  9994
2 45807   0.6225 342.0776 0004687 348.3184 155.0293  1.00264505 11815
NAVSTAR 79 (USA 304)    
1 45854U 20041A   23240.40458441  .00000004  00000+0  00000+0 0  9996
2 45854  55.8760  68.9974 0035855 186.0223 358.1724  2.00563522 23493
GALAXY 30 (G-30)        
1 46114U 20056C   23240.42132726  .00000028  00000+0  00000+0 0  9995
2 46114   0.0294 120.1271 0002286  38.1973 204.7387  1.00269663 11136
COSMOS 2547             
1 46805U 20075A   23240.01890017  .00000080  00000+0  00000+0 0  9990
2 46805  64.6167 226.7495 0008669 244.0369 115.8839  2.13102900 22082
NAVSTAR 80 (USA 309)    
1 46826U 20078A   23239.68089237  .00000073  00000+0  00000+0 0  9993
2 46826  54.3161 252.3758 0035664 194.7038 162.4063  2.00562640 20959
NAVSTAR 81 (USA 319)    
1 48859U 21054A   23239.44847382 -.00000073  00000+0  00000+0 0  9994
2 48859  55.3373  13.5432 0011796 209.7376 161.6110  2.00573894 16201
QZS-1R                  
1 49336U 21096A   23223.74525463 -.00000331  00000+0  00000+0 0  9997
2 49336  35.3005  95.2790 0740332 268.7858 355.3268  1.00301615  6575
GSAT0223 (GALILEO 27)   
1 49809U 21116A   23238.65019376 -.00000075  00000+0  00000+0 0  9997
2 49809  57.2780   9.3343 0003262 169.0253 196.3634  1.70475850 10709
GSAT0224 (GALILEO 28)   
1 49810U 21116B   23239.63295485 -.00000079  00000+0  00000+0 0  9999
2 49810  57.2795   9.3060 0002869 158.3360 202.6770  1.70475810 10747
COSMOS 2557             
1 52984U 22075A   23239.71210211 -.00000070  00000+0  00000+0 0  9994
2 52984  64.7626 350.3476 0011549 276.0592  83.8278  2.13102176  8861
COSMOS 2559             
1 54031U 22130A   23239.18478630 -.00000069  00000+0  00000+0 0  9991
2 54031  64.7339 350.4939 0006892 215.2252 144.7481  2.13101404  6847
COSMOS 2564             
1 54377U 22161A   23239.37802189  .00000089  00000+0  00000+0 0  9990
2 54377  64.7574 226.8227 0011099 226.7501 133.1708  2.13102130  5790
NAVSTAR 82 (USA 343)    
1 55268U 23009A   23239.86955737  .00000016  00000+0  00000+0 0  9994
2 55268  55.0913 188.7068 0004254  92.1113 265.1460  2.00556103  4696
BEIDOU-3 G4             
1 56564U 23066A   23239.92072667 -.00000118  00000+0  00000+0 0  9990
2 56564   2.8646 288.8264 0007359 207.4536 331.0078  1.00272671  1136
IRNSS-1J (NVS-01)       
1 56759U 23076A   23239.98625466 -.00000345  00000+0  00000+0 0  9996
2 56759   4.7605 272.2066 0005769 338.4446 209.7513  1.00264524   933
