NAVSTAR 43 (USA 132)    
1 24876U 97035A   23219.17744835 -.00000003  00000+0  00000+0 0  9999
2 24876  55.5823 139.4451 0071228  51.6963 308.9532  2.00563882190794
NAVSTAR 47 (USA 150)    
1 26360U 00025A   23220.57346807 -.00000069  00000+0  00000+0 0  9997
2 26360  54.4085  61.6983 0041194 198.4313 178.4504  2.00572563170339
NAVSTAR 51 (USA 166)    
1 27663U 03005A   23221.08304163  .00000037  00000+0  00000+0 0  9995
2 27663  55.2582 256.4555 0131348  44.6254 320.4184  2.00567526150382
NAVSTAR 52 (USA 168)    
1 27704U 03010A   23218.86751552 -.00000097  00000+0  00000+0 0  9994
2 27704  55.1148   6.5188 0248213 318.1015 104.8162  2.00573476149137
NAVSTAR 54 (USA 177)    
1 28190U 04009A   23220.36287521 -.00000096  00000+0  00000+0 0  9990
2 28190  55.7118 317.5417 0093119 137.2873 224.1663  2.00568039142049
NAVSTAR 56 (USA 180)    
1 28474U 04045A   23218.81603179 -.00000096  00000+0  00000+0 0  9993
2 28474  55.4417   6.8326 0161559 281.8483  96.9573  2.00578830137451
ANIK F1R                
1 28868U 05036A   23221.01879076 -.00000082  00000+0  00000+0 0  9993
2 28868   1.6213  89.4043 0002544  39.0703  88.2194  1.00272045 65691
NAVSTAR 57 (USA 183)    
1 28874U 05038A   23221.31950242 -.00000093  00000+0  00000+0 0  9992
2 28874  55.7627 314.9550 0138855 279.2140  73.6923  2.00577201130913
INMARSAT 4-F2           
1 28899U 05044A   23221.05369832  .00000002  00000+0  00000+0 0  9995
2 28899   3.8466  40.6286 0002671 110.6109 249.2657  1.00272541 65047
NAVSTAR 58 (USA 190)    
1 29486U 06042A   23220.01113855  .00000066  00000+0  00000+0 0  9994
2 29486  54.6876 192.7381 0102544  31.1864 359.0203  2.00571391123609
NAVSTAR 59 (USA 192)    
1 29601U 06052A   23221.38509903  .00000042  00000+0  00000+0 0  9992
2 29601  55.2783 255.4011 0084242  79.2811 281.7284  2.00576296122538
NAVSTAR 60 (USA 196)    
1 32260U 07047A   23219.70262112 -.00000033  00000+0  00000+0 0  9994
2 32260  53.4536 123.2872 0150231  69.9101 291.7334  2.00552771115885
COSMOS 2433             
1 32275U 07052A   23220.28470917 -.00000083  00000+0  00000+0 0  9990
2 32275  66.0297 350.8332 0002786 205.0173 154.9744  2.13104105122855
COSMOS 2432             
1 32276U 07052B   23220.12271569 -.00000082  00000+0  00000+0 0  9995
2 32276  66.0440 350.9468 0007840 328.9336 213.9321  2.13103242122846
NAVSTAR 61 (USA 199)    
1 32384U 07062A   23220.46130201 -.00000094  00000+0  00000+0 0  9993
2 32384  55.8947 315.8061 0024994 148.1487 169.5326  2.00557383114635
COSMOS 2434             
1 32393U 07065A   23219.71860493  .00000083  00000+0  00000+0 0  9992
2 32393  64.3383 227.2446 0000303 200.0338 336.7393  2.13103103121549
COSMOS 2436             
1 32395U 07065C   23220.30455101  .00000088  00000+0  00000+0 0  9992
2 32395  64.3469 227.2861 0015456 351.2143  50.6263  2.13102866121492
NAVSTAR 62 (USA 201)    
1 32711U 08012A   23220.61450637  .00000062  00000+0  00000+0 0  9992
2 32711  54.4545 191.5515 0177234 235.6319 122.6609  2.00556493112827
NAVSTAR 64 (USA 206)    
1 35752U 09043A   23220.60389745 -.00000065  00000+0  00000+0 0  9999
2 35752  55.4098  68.7852 0058519  67.9711 301.0250  2.00559418102413
COSMOS 2456             
1 36111U 09070A   23219.45543166 -.00000031  00000+0  00000+0 0  9992
2 36111  64.4791 106.7644 0003191 323.9237 170.5389  2.13099222106208
COSMOS 2457             
1 36112U 09070B   23221.22063000 -.00000046  00000+0  00000+0 0  9991
2 36112  64.4638 106.5696 0004760 152.9916  26.2351  2.13101405106248
COSMOS 2460             
1 36402U 10007C   23220.55235748 -.00000086  00000+0  00000+0 0  9994
2 36402  65.8926 349.5444 0001740 129.9819 244.6584  2.13106289104580
NAVSTAR 65 (USA 213)    
1 36585U 10022A   23219.69261681  .00000035  00000+0  00000+0 0  9994
2 36585  54.5771 250.7038 0108644  59.6988 127.4611  2.00560527 96634
BEIDOU-2 IGSO-1         
1 36828U 10036A   23221.34060573 -.00000116  00000+0  00000+0 0  9992
2 36828  54.2382 172.4065 0036986 190.5285 185.8898  1.00261061 47779
QZS-1 (MICHIBIKI-1)     
1 37158U 10045A   23220.88141204 -.00000055  00000+0  00000+0 0  9990
2 37158  42.7871 127.7436 0037956 276.9156 198.0934  0.88387943 47242
BEIDOU-2 G4             
1 37210U 10057A   23220.68243858 -.00000121  00000+0  00000+0 0  9992
2 37210   1.1190  59.5788 0004921 145.1554 157.7616  1.00272320 46820
BEIDOU-2 IGSO-2         
1 37256U 10068A   23221.11646543 -.00000193  00000+0  00000+0 0  9990
2 37256  49.4536 284.6223 0032353 210.3516 331.0061  1.00292581 46324
BEIDOU-2 IGSO-3         
1 37384U 11013A   23221.33393675 -.00000176  00000+0  00000+0 0  9993
2 37384  60.9010  50.1443 0027162 173.2307 321.6076  1.00288493 45213
GSAT-8                  
1 37605U 11022A   23221.19528898  .00000078  00000+0  00000+0 0  9990
2 37605   0.0142 111.1748 0003629 140.0304 191.5620  1.00270467 44789
NAVSTAR 66 (USA 232)    
1 37753U 11036A   23220.32124156 -.00000093  00000+0  00000+0 0  9990
2 37753  56.7395  12.5133 0127297  56.1032 310.5169  2.00568283 88333
BEIDOU-2 IGSO-4         
1 37763U 11038A   23221.34652043 -.00000069  00000+0  00000+0 0  9990
2 37763  54.5123 174.9448 0112297 228.4630 134.1924  1.00279452 44183
GSAT0101 (GALILEO-PFM)  
1 37846U 11060A   23219.72728951 -.00000096  00000+0  00000+0 0  9998
2 37846  57.1058  10.0451 0002702  68.3932 291.6357  1.70475920 73445
GSAT0102 (GALILEO-FM2)  
1 37847U 11060B   23220.80154426 -.00000098  00000+0  00000+0 0  9992
2 37847  57.1068  10.0162 0001780  18.0796 327.5739  1.70475334 73454
COSMOS 2476             
1 37867U 11064A   23219.62964661 -.00000032  00000+0  00000+0 0  9994
2 37867  64.7599 108.2750 0021595 235.3358 301.8561  2.13101723 91551
COSMOS 2477             
1 37868U 11064B   23221.30969587 -.00000046  00000+0  00000+0 0  9990
2 37868  64.7676 108.2871 0018793 235.9326 328.0285  2.13101674 91547
COSMOS 2475             
1 37869U 11064C   23220.41720715 -.00000040  00000+0  00000+0 0  9994
2 37869  64.7746 108.3294 0023252 253.3016 304.4160  2.13102055 91535
BEIDOU-2 IGSO-5         
1 37948U 11073A   23220.10657434 -.00000154  00000+0  00000+0 0  9991
2 37948  49.5802 284.3015 0094748 219.7135 306.6056  1.00279026 42935
LUCH-5A                 
1 37951U 11074B   23221.28170816 -.00000059  00000+0  00000+0 0  9994
2 37951   6.0772  90.1517 0005084  43.7361  91.9521  1.00272128 42739
BEIDOU-2 G5             
1 38091U 12008A   23221.05273951  .00000049  00000+0  00000+0 0  9995
2 38091   1.6487  67.9863 0001338 187.8149 139.1588  1.00275071 42016
BEIDOU-2 M3             
1 38250U 12018A   23220.88749138 -.00000119  00000+0  00000+0 0  9997
2 38250  56.5262 339.7516 0022291 254.9967 104.7651  1.86231145 76859
BEIDOU-2 M4             
1 38251U 12018B   23220.81903870 -.00000118  00000+0  00000+0 0  9995
2 38251  56.4372 339.0489 0013142 254.5305 105.3335  1.86231840 76858
SES-5                   
1 38652U 12036A   23221.04424299  .00000027  00000+0  00000+0 0  9997
2 38652   0.0503 288.1505 0001949 216.3087 193.7055  1.00271932 40608
BEIDOU-2 M6             
1 38775U 12050B   23221.06603664 -.00000066  00000+0  00000+0 0  9990
2 38775  55.6707  97.6486 0012596 337.6467  22.3620  1.86231268 74239
GSAT-10                 
1 38779U 12051B   23221.34425414 -.00000172  00000+0  00000+0 0  9999
2 38779   0.0248  90.0014 0001251 162.7760 271.7412  1.00270768 39830
NAVSTAR 67 (USA 239)    
1 38833U 12053A   23219.29745856  .00000059  00000+0  00000+0 0  9991
2 38833  53.5152 186.3380 0140163  51.4175 309.8033  2.00566696 79377
GSAT0103 (GALILEO-FM3)  
1 38857U 12055A   23220.93950685 -.00000036  00000+0  00000+0 0  9996
2 38857  55.2733 130.2193 0003647 273.0419  86.9346  1.70473679 67365
GSAT0104 (GALILEO-FM4)  
1 38858U 12055B   23219.73583644 -.00000027  00000+0  00000+0 0  9990
2 38858  55.2730 130.2540 0001203 275.9819  84.0262  1.70473922 67312
BEIDOU-2 G6             
1 38953U 12059A   23221.05779507 -.00000183  00000+0  00000+0 0  9996
2 38953   1.9644  82.2598 0008241 320.5897  19.2676  1.00270684 39581
LUCH-5B                 
1 38977U 12061A   23221.39603005 -.00000147  00000+0  00000+0 0  9991
2 38977   8.1985  59.3490 0005683  95.2827 289.2551  1.00272928 39726
COSMOS 2485             
1 39155U 13019A   23219.34064895 -.00000028  00000+0  00000+0 0  9992
2 39155  64.9202 108.8024 0022043 231.2528 128.6116  2.13101941 80011
NAVSTAR 68 (USA 242)    
1 39166U 13023A   23220.15619560 -.00000087  00000+0  00000+0 0  9990
2 39166  55.3792 311.2076 0114044  41.8039 319.1013  2.00564282 74937
IRNSS-1A                
1 39199U 13034A   23220.69351677  .00000055  00000+0  00000+0 0  9993
2 39199  33.3618  79.0897 0019316 176.6949   5.8153  1.00271501 37187
NAVSTAR 69 (USA 248)    
1 39533U 14008A   23220.65182463  .00000061  00000+0  00000+0 0  9995
2 39533  53.6025 191.8367 0067273 215.7438 143.7851  2.00550234 69304
ASTRA 5B                
1 39617U 14011B   23220.97402969  .00000130  00000+0  00000+0 0  9990
2 39617   0.0775 296.2149 0003310 237.0576 158.0766  1.00274398 34416
COSMOS 2492             
1 39620U 14012A   23220.27571174 -.00000085  00000+0  00000+0 0  9993
2 39620  65.7710 349.1757 0010736 326.2610  65.1996  2.13103279 72992
IRNSS-1B                
1 39635U 14017A   23221.19520182  .00000122  00000+0  00000+0 0  9990
2 39635  28.7564 258.1059 0020702 191.7034 352.9609  1.00273870 34320
LUCH-5V                 
1 39727U 14023A   23220.41488855 -.00000278  00000+0  00000+0 0  9996
2 39727   2.5074  77.4063 0002966 109.1897  14.1588  1.00271936552045
NAVSTAR 70 (USA 251)    
1 39741U 14026A   23220.93392535 -.00000095  00000+0  00000+0 0  9998
2 39741  56.6933  12.0120 0028563 312.2297  47.5358  2.00559082 67606
COSMOS 2500             
1 40001U 14032A   23221.35678360 -.00000091  00000+0  00000+0 0  9992
2 40001  65.7144 348.9692 0007376 190.4861 169.5036  2.13105886 71234
NAVSTAR 71 (USA 256)    
1 40105U 14045A   23220.02342009 -.00000029  00000+0  00000+0 0  9993
2 40105  54.8042 130.1641 0023721 112.9546 247.3196  2.00575858 66020
GSAT0201 (GALILEO 5)    
1 40128U 14050A   23218.23725283 -.00000104  00000+0  00000+0 0  9997
2 40128  49.9615 315.7317 1610143 139.2673 233.9791  1.85518998 60852
GSAT0202 (GALILEO 6)    
1 40129U 14050B   23219.03573690 -.00000109  00000+0  00000+0 0  9995
2 40129  49.9801 314.7708 1607753 140.1204 232.8921  1.85519576 61067
IRNSS-1C                
1 40269U 14061A   23221.05753358 -.00000171  00000+0  00000+0 0  9997
2 40269   3.9016 113.5307 0020860  13.9061 293.5662  1.00270185 32369
NAVSTAR 72 (USA 258)    
1 40294U 14068A   23218.90404261 -.00000057  00000+0  00000+0 0  9991
2 40294  56.1517  71.5751 0048768  60.7282 299.8261  2.00569908 64220
COSMOS 2501             
1 40315U 14075A   23221.13720414  .00000092  00000+0  00000+0 0  9991
2 40315  63.6419 226.5734 0020234 211.6924 148.2172  2.13101404 67621
NAVSTAR 73 (USA 260)    
1 40534U 15013A   23219.03822616  .00000034  00000+0  00000+0 0  9996
2 40534  53.4761 247.4637 0079234  25.0426 335.3893  2.00556404 61288
GSAT0203 (GALILEO 7)    
1 40544U 15017A   23218.92022476 -.00000095  00000+0  00000+0 0  9992
2 40544  56.9011  10.0438 0002140 217.1042 142.8807  1.70476038 52048
GSAT0204 (GALILEO 8)    
1 40545U 15017B   23219.17377463 -.00000095  00000+0  00000+0 0  9990
2 40545  56.9071  10.0510 0002617 195.6388 164.3531  1.70475578 52050
IRNSS-1D                
1 40547U 15018A   23221.53189743 -.00000263  00000+0  00000+0 0  9995
2 40547  28.1241 258.0748 0021071 193.0861 169.8583  1.00275557 30794
BEIDOU-3S IGSO-1S       
1 40549U 15019A   23221.22221347 -.00000190  00000+0  00000+0 0  9990
2 40549  51.1457 307.8787 0040724 194.5179 350.3703  1.00261869 30625
NAVSTAR 74 (USA 262)    
1 40730U 15033A   23220.19685500 -.00000086  00000+0  00000+0 0  9992
2 40730  54.8680 309.8333 0084556  14.0611 346.2149  2.00556664 59071
BEIDOU-3S M2S           
1 40748U 15037A   23217.80035486 -.00000102  00000+0  00000+0 0  9990
2 40748  55.6804 337.7669 0009965 238.3347 121.5806  1.86233005 54632
BEIDOU-3S M1S           
1 40749U 15037B   23220.21820695 -.00000116  00000+0  00000+0 0  9999
2 40749  55.6819 337.6713 0002415 322.0411  37.9529  1.86232898 54679
GSAT0205 (GALILEO 9)    
1 40889U 15045A   23218.94172993  .00000036  00000+0  00000+0 0  9991
2 40889  55.3771 250.4815 0003121 359.1500   0.9058  1.70473605 49192
GSAT0206 (GALILEO 10)   
1 40890U 15045B   23216.22951824  .00000040  00000+0  00000+0 0  9995
2 40890  55.3774 250.5520 0001968 321.0700  38.9845  1.70473575 49177
BEIDOU-3S IGSO-2S       
1 40938U 15053A   23219.11229987 -.00000119  00000+0  00000+0 0  9994
2 40938  50.8499 271.0724 0048028 193.4364 346.0893  1.00289479 28863
NAVSTAR 75 (USA 265)    
1 41019U 15062A   23219.75175075 -.00000061  00000+0  00000+0 0  9999
2 41019  56.1364  71.3914 0088018 221.1337 138.2633  2.00562211 56883
GSAT-15                 
1 41028U 15065A   23220.77479056 -.00000265  00000+0  00000+0 0  9998
2 41028   0.0762 271.4766 0002368 192.1672 225.7802  1.00271395 28400
GSAT0209 (GALILEO 12)   
1 41174U 15079A   23219.33406682 -.00000024  00000+0  00000+0 0  9993
2 41174  55.2904 129.9701 0003883 320.9200  39.0754  1.70473819 47549
GSAT0208 (GALILEO 11)   
1 41175U 15079B   23220.14024623 -.00000031  00000+0  00000+0 0  9994
2 41175  55.2891 129.9461 0003261 322.7130  37.2854  1.70473886 47556
IRNSS-1E                
1 41241U 16003A   23220.70268535 -.00000321  00000+0  00000+0 0  9992
2 41241  30.9149  78.2011 0019171 174.0817  69.4264  1.00277508 27736
NAVSTAR 76 (USA 266)    
1 41328U 16007A   23219.34496292 -.00000018  00000+0  00000+0 0  9996
2 41328  55.0093 130.9630 0071608 234.7884 124.5641  2.00551393 54923
COSMOS 2514             
1 41330U 16008A   23220.64909927 -.00000088  00000+0  00000+0 0  9996
2 41330  65.5120 348.5810 0010881 202.5676 157.3906  2.13102578 58381
IRNSS-1F                
1 41384U 16015A   23221.26235008  .00000151  00000+0  00000+0 0  9994
2 41384   2.8810 131.0903 0018045 180.8306 132.5475  1.00275219 27207
BEIDOU-2 IGSO-6         
1 41434U 16021A   23220.49528632 -.00000156  00000+0  00000+0 0  9995
2 41434  58.7125  48.5357 0046227 217.9163 324.0813  1.00288223 27015
IRNSS-1G                
1 41469U 16027A   23221.35349361 -.00000343  00000+0  00000+0 0  9993
2 41469   2.7746 132.8262 0004145 346.4636  95.0632  1.00276800 26717
GSAT0211 (GALILEO 14)   
1 41549U 16030A   23217.32835225  .00000036  00000+0  00000+0 0  9995
2 41549  55.5242 250.4987 0003425 305.9128  54.1171  1.70473751 44805
GSAT0210 (GALILEO 13)   
1 41550U 16030B   23217.61989755  .00000035  00000+0  00000+0 0  9996
2 41550  55.5231 250.4918 0004034 269.6724  90.3415  1.70473754 44800
COSMOS 2516             
1 41554U 16032A   23217.94909773  .00000066  00000+0  00000+0 0  9994
2 41554  63.8682 227.0772 0015540 214.8207 145.1054  2.13106426 55937
BEIDOU-2 G7             
1 41586U 16037A   23221.47428500 -.00000362  00000+0  00000+0 0  9991
2 41586   1.8107  68.0930 0007358 349.6221 181.2800  1.00271590 26327
EUTELSAT 117 WEST B     
1 41589U 16038B   23221.37606928 -.00000019  00000+0  00000+0 0  9995
2 41589   0.0105 227.1934 0000308 239.2554 229.5366  1.00272135 26242
GSAT0207 (GALILEO 15)   
1 41859U 16069A   23220.21451105 -.00000031  00000+0  00000+0 0  9990
2 41859  54.9533 130.0244 0003921 304.7621  55.2214  1.70473781 41822
GSAT0212 (GALILEO 16)   
1 41860U 16069B   23217.13629325 -.00000009  00000+0  00000+0 0  9995
2 41860  54.9500 130.1069 0002973 335.9560  24.0540  1.70473958 41808
GSAT0213 (GALILEO 17)   
1 41861U 16069C   23220.43505909 -.00000033  00000+0  00000+0 0  9991
2 41861  54.9533 130.0213 0003759 281.4360  78.5416  1.70472718 41855
GSAT0214 (GALILEO 18)   
1 41862U 16069D   23219.40909004 -.00000025  00000+0  00000+0 0  9992
2 41862  54.9511 130.0438 0003249 287.1750  72.8122  1.70472595 41833
SES-15                  
1 42709U 17026A   23221.01534580  .00000053  00000+0  00000+0 0  9990
2 42709   0.0176  38.5709 0000223 123.6990  31.3400  1.00268093 23721
QZS-2 (MICHIBIKI-2)     
1 42738U 17028A   23221.43812981 -.00000131  00000+0  00000+0 0  9992
2 42738  41.0841 258.2366 0755157 269.7520  89.0496  1.00271728 22689
QZS-3 (MICHIBIKI-3)     
1 42917U 17048A   23220.74034571 -.00000355  00000+0  00000+0 0  9995
2 42917   0.0588 174.7556 0002488 339.2668 196.4482  1.00275962 21908
COSMOS 2522             
1 42939U 17055A   23220.49107911  .00000089  00000+0  00000+0 0  9991
2 42939  64.1023 227.5066 0010222 242.8955 117.0320  2.13101975 45737
QZS-4 (MICHIBIKI-4)     
1 42965U 17062A   23220.71182137 -.00000359  00000+0  00000+0 0  9997
2 42965  40.6461 356.7830 0746918 268.8226  86.1524  1.00288279 21343
BEIDOU-3 M1             
1 43001U 17069A   23220.29546481 -.00000061  00000+0  00000+0 0  9995
2 43001  55.8217  97.7294 0008872 303.6063  56.3735  1.86231602 39169
BEIDOU-3 M2             
1 43002U 17069B   23219.69517667 -.00000055  00000+0  00000+0 0  9995
2 43002  55.8205  97.7860 0007359 331.0516  28.9735  1.86231142 39145
GSAT0215 (GALILEO 19)   
1 43055U 17079A   23215.20554664  .00000048  00000+0  00000+0 0  9996
2 43055  55.5014 250.3838 0003415 260.5009  99.5373  1.70474347 35105
GSAT0216 (GALILEO 20)   
1 43056U 17079B   23220.77669899  .00000045  00000+0  00000+0 0  9999
2 43056  55.4990 250.2296 0005187 270.9574  89.0417  1.70474485 35189
GSAT0217 (GALILEO 21)   
1 43057U 17079C   23219.23729282  .00000038  00000+0  00000+0 0  9994
2 43057  55.4982 250.2714 0004683 281.5700  78.4335  1.70474383 35172
GSAT0218 (GALILEO 22)   
1 43058U 17079D   23220.04392863  .00000042  00000+0  00000+0 0  9992
2 43058  55.4956 250.2466 0005641 270.1614  89.8307  1.70474393 35188
BEIDOU-3 M7             
1 43107U 18003A   23221.05697342 -.00000121  00000+0  00000+0 0  9996
2 43107  55.1342 338.3847 0004173  78.0108 282.0455  1.86232473 37936
BEIDOU-3 M8             
1 43108U 18003B   23217.77313456 -.00000103  00000+0  00000+0 0  9992
2 43108  55.1292 338.4844 0003261 239.2508 120.7289  1.86230839 37871
BEIDOU-3 M4             
1 43207U 18018A   23220.36346996 -.00000061  00000+0  00000+0 0  9995
2 43207  55.7807  97.8269 0005622   3.5261 356.5421  1.86231530 37301
BEIDOU-3 M3             
1 43208U 18018B   23220.96705897 -.00000065  00000+0  00000+0 0  9995
2 43208  55.7806  97.8112 0006907 319.2392  40.7726  1.86231411 37316
BEIDOU-3 M9             
1 43245U 18029A   23220.65305668 -.00000119  00000+0  00000+0 0  9996
2 43245  55.0295 336.1344 0001045 187.5109 172.4996  1.86232605 36461
BEIDOU-3 M10            
1 43246U 18029B   23220.04618367 -.00000116  00000+0  00000+0 0  9990
2 43246  55.0273 336.1845 0002884   9.8110 350.2073  1.86232911 36444
IRNSS-1I                
1 43286U 18035A   23219.76230203  .00000066  00000+0  00000+0 0  9990
2 43286  29.1875  90.6338 0018948 179.6760  15.1624  1.00273509 19592
COSMOS 2527             
1 43508U 18053A   23219.98041983 -.00000036  00000+0  00000+0 0  9994
2 43508  65.0817 108.8677 0007567 227.5471 132.4488  2.13102414 40023
BEIDOU-2 IGSO-7         
1 43539U 18057A   23220.79316288 -.00000118  00000+0  00000+0 0  9997
2 43539  55.1229 172.0911 0065040 231.8500 310.6037  1.00291747 18690
GSAT0221 (GALILEO 25)   
1 43564U 18060A   23220.53013015 -.00000097  00000+0  00000+0 0  9999
2 43564  57.2824   9.9215 0001848 258.0401 101.9395  1.70475965 31386
GSAT0222 (GALILEO 26)   
1 43565U 18060B   23218.98842457 -.00000094  00000+0  00000+0 0  9993
2 43565  57.2852   9.9638 0002433 197.4150 162.5762  1.70475587 31397
GSAT0219 (GALILEO 23)   
1 43566U 18060C   23220.38396290 -.00000097  00000+0  00000+0 0  9993
2 43566  57.2852   9.9286 0000907 271.8422  88.1477  1.70475944 31393
GSAT0220 (GALILEO 24)   
1 43567U 18060D   23221.19095171 -.00000098  00000+0  00000+0 0  9999
2 43567  57.2847   9.9064 0001218 259.2118 100.7748  1.70475838 31383
BEIDOU-3 M5             
1 43581U 18062A   23220.80355795  .00000085  00000+0  00000+0 0  9990
2 43581  54.1827 217.8168 0005744 274.3417  85.6005  1.86231892 34204
BEIDOU-3 M6             
1 43582U 18062B   23220.66916321  .00000084  00000+0  00000+0 0  9992
2 43582  54.1825 217.8109 0004626 347.1771  12.8187  1.86229626 34203
BEIDOU-3 M12            
1 43602U 18067A   23221.14266546  .00000085  00000+0  00000+0 0  9992
2 43602  54.2695 216.4480 0006706   9.5021 350.5171  1.86231590 33697
BEIDOU-3 M11            
1 43603U 18067B   23219.12868283  .00000075  00000+0  00000+0 0  9993
2 43603  54.2670 216.4823 0003915 350.9612   9.0332  1.86231504 33689
BEIDOU-3 M13            
1 43622U 18072A   23220.16122946 -.00000060  00000+0  00000+0 0  9990
2 43622  55.7497  97.3752 0005525 302.2477  57.7636  1.86231678 33216
BEIDOU-3 M14            
1 43623U 18072B   23220.02668733 -.00000059  00000+0  00000+0 0  9993
2 43623  55.7514  97.3723 0004037 339.3800  20.6690  1.86231681 33216
BEIDOU-3 M16            
1 43647U 18078A   23220.72536138 -.00000119  00000+0  00000+0 0  9992
2 43647  54.9257 336.2571 0006220  15.1679 344.8624  1.86227264 32738
BEIDOU-3 M15            
1 43648U 18078B   23220.85669058 -.00000120  00000+0  00000+0 0  9997
2 43648  54.9212 336.2567 0003305  33.1300 326.9023  1.86232298 32756
BEIDOU-3 G1             
1 43683U 18085A   23220.99721552 -.00000286  00000+0  00000+0 0  9990
2 43683   1.4591 126.2298 0003323 339.2987 350.6095  1.00277342 17594
COSMOS 2529             
1 43687U 18086A   23221.01831829  .00000092  00000+0  00000+0 0  9992
2 43687  64.3175 227.9169 0011825 261.3206  98.5791  2.13102106 37059
BEIDOU-3 M17            
1 43706U 18093A   23220.46802291  .00000084  00000+0  00000+0 0  9992
2 43706  54.2652 217.7437 0010785 276.8775  83.0068  1.86231959 32082
BEIDOU-3 M18            
1 43707U 18093B   23219.25975385  .00000076  00000+0  00000+0 0  9994
2 43707  54.2660 217.7763 0008743 300.0170  59.9001  1.86229700 32073
NAVSTAR 77 (USA 289)    
1 43873U 18109A   23221.23942573 -.00000041  00000+0  00000+0 0  9993
2 43873  55.1862 133.3967 0025156 192.4223 350.0379  2.00567742 34106
BEIDOU-3 IGSO-1         
1 44204U 19023A   23220.92142854 -.00000214  00000+0  00000+0 0  9999
2 44204  57.1794  48.5181 0022786 193.7072 165.3807  1.00290497 15895
BEIDOU-2 G8             
1 44231U 19027A   23220.99808719 -.00000256  00000+0  00000+0 0  9995
2 44231   1.8904  81.2399 0006010 126.3244 253.4794  1.00269879 15618
COSMOS 2534             
1 44299U 19030A   23219.46046059  .00000080  00000+0  00000+0 0  9998
2 44299  64.3900 227.8938 0013847 279.8898  99.1713  2.13101969 32675
BEIDOU-3 IGSO-2         
1 44337U 19035A   23220.73490118 -.00000128  00000+0  00000+0 0  9991
2 44337  55.1551 168.0262 0033291 198.3325 334.4564  1.00282951 15237
NAVSTAR 78 (USA 293)    
1 44506U 19056A   23221.12410347 -.00000096  00000+0  00000+0 0  9996
2 44506  55.8174  12.4768 0035830 183.8752 175.3715  2.00565225 29144
BEIDOU-3 M24            
1 44542U 19061A   23218.25779219  .00000067  00000+0  00000+0 0  9995
2 44542  54.4928 218.0433 0008210 333.7701  26.1906  1.86231349 26312
BEIDOU-3 M23            
1 44543U 19061B   23218.72502376  .00000072  00000+0  00000+0 0  9992
2 44543  54.4909 217.9964 0005881 314.9490 270.1237  1.86231608 26312
BEIDOU-3 IGSO-3         
1 44709U 19073A   23220.60121274 -.00000194  00000+0  00000+0 0  9999
2 44709  56.5779 292.0347 0034999 188.5460 171.4787  1.00290363 13977
BEIDOU-3 M22            
1 44793U 19078A   23221.32471251 -.00000121  00000+0  00000+0 0  9990
2 44793  54.7739 336.2069 0005193  24.8269 335.2092  1.86232262 25230
BEIDOU-3 M21            
1 44794U 19078B   23218.23365588 -.00000106  00000+0  00000+0 0  9995
2 44794  54.7496 336.2964 0003069  21.7248 338.3022  1.86232580 25171
COSMOS 2544             
1 44850U 19088A   23219.92412060 -.00000035  00000+0  00000+0 0  9995
2 44850  65.0678 108.7131 0012087 256.4612 103.4644  2.13102178 28445
BEIDOU-3 M19            
1 44864U 19090A   23220.89806837 -.00000065  00000+0  00000+0 0  9993
2 44864  55.6848  97.5382 0016144 277.8190 262.4346  1.86231843 24793
BEIDOU-3 M20            
1 44865U 19090B   23221.29904646 -.00000067  00000+0  00000+0 0  9998
2 44865  55.6871  97.5575 0014192 292.7127 246.1673  1.86231801 24786
BEIDOU-3 G2             
1 45344U 20017A   23220.41192495 -.00000149  00000+0  00000+0 0  9997
2 45344   2.0328  14.8071 0003182 137.7926  32.3746  1.00272647 12802
COSMOS 2545             
1 45358U 20018A   23219.65162947 -.00000083  00000+0  00000+0 0  9993
2 45358  64.8526 348.8825 0008698 235.1217 124.8032  2.13102553 26402
BEIDOU-3 G3             
1 45807U 20040A   23220.79307050 -.00000360  00000+0  00000+0 0  9998
2 45807   0.6404 338.5440 0004945 356.3946  18.1116  1.00275463 11621
NAVSTAR 79 (USA 304)    
1 45854U 20041A   23220.43752427 -.00000063  00000+0  00000+0 0  9994
2 45854  55.8589  69.7846 0034838 185.7108 341.2660  2.00564251 23095
GALAXY 30 (G-30)        
1 46114U 20056C   23221.39285657  .00000030  00000+0  00000+0 0  9995
2 46114   0.0163  92.3461 0002093  58.2158 183.4776  1.00270981 10944
COSMOS 2547             
1 46805U 20075A   23219.84085658  .00000084  00000+0  00000+0 0  9998
2 46805  64.6173 227.4288 0008842 243.7725 116.1670  2.13102995 21655
NAVSTAR 80 (USA 309)    
1 46826U 20078A   23220.46536108  .00000037  00000+0  00000+0 0  9993
2 46826  54.3240 253.1561 0035211 194.1098 328.3916  2.00562679 20565
NAVSTAR 81 (USA 319)    
1 48859U 21054A   23220.48487172 -.00000095  00000+0  00000+0 0  9999
2 48859  55.3335  14.3007 0011141 209.1129 148.8435  2.00575216 15813
QZS-1R                  
1 49336U 21096A   23219.55604903 -.00000325  00000+0  00000+0 0  9991
2 49336  35.2944  95.3419 0759676 272.2987 278.7053  1.00238802  6532
GSAT0223 (GALILEO 27)   
1 49809U 21116A   23221.04907859 -.00000098  00000+0  00000+0 0  9999
2 49809  57.2761   9.8064 0002966 160.8012 202.3756  1.70476004 10395
GSAT0224 (GALILEO 28)   
1 49810U 21116B   23220.85535656 -.00000097  00000+0  00000+0 0  9990
2 49810  57.2773   9.8097 0002667 147.4557 209.3107  1.70476015 10411
COSMOS 2557             
1 52984U 22075A   23219.53387420 -.00000082  00000+0  00000+0 0  9992
2 52984  64.7683 351.0488 0010991 277.7813  82.0995  2.13102203  8430
COSMOS 2559             
1 54031U 22130A   23221.35279798 -.00000091  00000+0  00000+0 0  9990
2 54031  64.7389 351.1139 0006429 212.6056 147.3594  2.13101453  6467
COSMOS 2564             
1 54377U 22161A   23220.13840766  .00000087  00000+0  00000+0 0  9995
2 54377  64.7580 227.4669 0011309 226.7467 133.1902  2.13102167  5380
NAVSTAR 82 (USA 343)    
1 55268U 23009A   23216.93729976  .00000053  00000+0  00000+0 0  9992
2 55268  55.0934 189.6052 0004088  95.6586 263.8384  2.00557491  4230
BEIDOU-3 G4             
1 56564U 23066A   23221.00882972 -.00000117  00000+0  00000+0 0  9997
2 56564   2.9085 288.9153 0007107 205.3164 346.0679  1.00270050   947
IRNSS-1J (NVS-01)       
1 56759U 23076A   23220.74045350 -.00000339  00000+0  00000+0 0  9991
2 56759   4.8065 272.5607 0005423 341.2763  99.2186  1.00274646   742
