NAVSTAR 43 (USA 132)    
1 24876U 97035A   23274.02122843  .00000035  00000+0  00000+0 0  9997
2 24876  55.5935 137.3018 0073672  52.9189 307.8510  2.00564215192093
NAVSTAR 47 (USA 150)    
1 26360U 00025A   23274.85201362 -.00000054  00000+0  00000+0 0  9997
2 26360  54.4565  59.4762 0041724 200.7177 129.5041  2.00568800171429
NAVSTAR 51 (USA 166)    
1 27663U 03005A   23274.92173351  .00000004  00000+0  00000+0 0  9993
2 27663  55.2324 254.3125 0132806  44.8177 315.0163  2.00564377151460
NAVSTAR 52 (USA 168)    
1 27704U 03010A   23274.74068990 -.00000107  00000+0  00000+0 0  9992
2 27704  55.1153   4.2654 0249508 319.3732 128.9659  2.00576168150268
NAVSTAR 54 (USA 177)    
1 28190U 04009A   23274.94287252 -.00000064  00000+0  00000+0 0  9999
2 28190  55.6690 315.3713 0092572 139.9344  31.6357  2.00566419143101
NAVSTAR 56 (USA 180)    
1 28474U 04045A   23274.65501237 -.00000107  00000+0  00000+0 0  9992
2 28474  55.4427   4.5996 0162832 283.0599  95.2765  2.00555611138589
ANIK F1R                
1 28868U 05036A   23274.62172513 -.00000083  00000+0  00000+0 0  9991
2 28868   1.7584  88.6678 0002251  59.5837 338.3549  1.00272197 36530
NAVSTAR 57 (USA 183)    
1 28874U 05038A   23274.92041608 -.00000060  00000+0  00000+0 0  9998
2 28874  55.7198 312.8249 0140143 279.9757 257.6618  2.00573560131990
INMARSAT 4-F2           
1 28899U 05044A   23275.44399881  .00000002  00000+0  00000+0 0  9994
2 28899   3.8856  40.8802 0003051 166.4563  27.3221  1.00271116 65580
NAVSTAR 58 (USA 190)    
1 29486U 06042A   23274.82962273  .00000013  00000+0  00000+0 0  9990
2 29486  54.6818 190.5665 0103746  33.0341 340.2884  2.00568197124554
NAVSTAR 59 (USA 192)    
1 29601U 06052A   23274.23487835  .00000000  00000+0  00000+0 0  9997
2 29601  55.2544 253.3008 0083617  79.4675 281.4477  2.00550966123551
NAVSTAR 60 (USA 196)    
1 32260U 07047A   23274.54935895  .00000020  00000+0  00000+0 0  9997
2 32260  53.4773 121.0123 0152276  71.3242 290.4084  2.00550142116965
COSMOS 2433             
1 32275U 07052A   23274.71876429 -.00000079  00000+0  00000+0 0  9990
2 32275  66.0141 349.0255 0004589 230.6715 129.3470  2.13104048124014
COSMOS 2432             
1 32276U 07052B   23275.07255068 -.00000080  00000+0  00000+0 0  9993
2 32276  66.0285 349.1229 0009046 314.1707 264.2352  2.13103175124016
NAVSTAR 61 (USA 199)    
1 32384U 07062A   23274.62677181 -.00000060  00000+0  00000+0 0  9996
2 32384  55.8527 313.6618 0024609 151.8084  34.9948  2.00560092115660
COSMOS 2434             
1 32393U 07065A   23274.68166216  .00000021  00000+0  00000+0 0  9993
2 32393  64.3346 225.3768 0001076  68.1081 154.7114  2.13103025122688
COSMOS 2436             
1 32395U 07065C   23275.14872191  .00000024  00000+0  00000+0 0  9996
2 32395  64.3431 225.4228 0016059 355.7477   0.8708  2.13102699122651
NAVSTAR 62 (USA 201)    
1 32711U 08012A   23274.46262269  .00000014  00000+0  00000+0 0  9993
2 32711  54.4497 189.4057 0177679 236.0166 122.3166  2.00558030113902
NAVSTAR 64 (USA 206)    
1 35752U 09043A   23275.10452403 -.00000041  00000+0  00000+0 0  9990
2 35752  55.4582  66.6086 0057936  69.7933  50.2541  2.00556330103502
COSMOS 2456             
1 36111U 09070A   23274.37593854  .00000033  00000+0  00000+0 0  9994
2 36111  64.5017 104.8774 0001513 340.4351 166.6302  2.13099135107339
COSMOS 2457             
1 36112U 09070B   23275.42093781  .00000024  00000+0  00000+0 0  9996
2 36112  64.4864 104.7061 0006376 146.7450 213.0044  2.13101326107398
COSMOS 2460             
1 36402U 10007C   23275.42056771 -.00000081  00000+0  00000+0 0  9992
2 36402  65.8758 347.7129 0001791 215.6173 132.5676  2.13106228105744
NAVSTAR 65 (USA 213)    
1 36585U 10022A   23274.77923604  .00000005  00000+0  00000+0 0  9991
2 36585  54.5542 248.4783 0110190  59.6886 302.6517  2.00563316 97752
BEIDOU-2 IGSO-1         
1 36828U 10036A   23274.81651410 -.00000113  00000+0  00000+0 0  9995
2 36828  54.2344 171.9240 0036721 187.5207  49.4722  1.00245438 48304
QZS-1 (MICHIBIKI-1)     
1 37158U 10045A   23274.62480140  .00000024  00000+0  00000+0 0  9991
2 37158  42.9063 127.3601 0003368 107.0538  68.9160  0.87715209 47712
BEIDOU-2 G4             
1 37210U 10057A   23274.88992594 -.00000121  00000+0  00000+0 0  9991
2 37210   1.2374  62.0952 0007049 160.2161 268.4028  1.00272481 47379
BEIDOU-2 IGSO-2         
1 37256U 10068A   23274.91952884 -.00000198  00000+0  00000+0 0  9999
2 37256  49.3595 283.9690 0032284 213.3267 312.5756  1.00274838 46877
BEIDOU-2 IGSO-3         
1 37384U 11013A   23274.80795348 -.00000190  00000+0  00000+0 0  9992
2 37384  60.9812  49.6283 0028244 175.8950 183.8374  1.00274476 45734
GSAT-8                  
1 37605U 11022A   23275.44199729  .00000075  00000+0  00000+0 0  9991
2 37605   0.0139 147.4744 0006609 104.1607 333.4834  1.00272229 45324
NAVSTAR 66 (USA 232)    
1 37753U 11036A   23274.64531266 -.00000104  00000+0  00000+0 0  9991
2 37753  56.7469  10.4095 0126875  56.3692 295.6075  2.00568712 89421
BEIDOU-2 IGSO-4         
1 37763U 11038A   23275.14795935 -.00000095  00000+0  00000+0 0  9994
2 37763  54.5079 174.4661 0112043 227.7584 116.9594  1.00268222 44728
GSAT0101 (GALILEO-PFM)  
1 37846U 11060A   23271.93330523 -.00000101  00000+0  00000+0 0  9990
2 37846  57.1117   8.6344 0000827  70.3225 289.7067  1.70475736 74205
GSAT0102 (GALILEO-FM2)  
1 37847U 11060B   23271.94740137 -.00000101  00000+0  00000+0 0  9998
2 37847  57.1126   8.6339 0001562 310.9334 103.9673  1.70475154 74216
COSMOS 2476             
1 37867U 11064A   23274.72401630  .00000031  00000+0  00000+0 0  9996
2 37867  64.7813 106.4030 0021240 230.6284  93.0116  2.13101709 92678
COSMOS 2477             
1 37868U 11064B   23274.32251014  .00000036  00000+0  00000+0 0  9997
2 37868  64.7885 106.4865 0018440 230.7981 322.6941  2.13101582 92662
COSMOS 2475             
1 37869U 11064C   23274.34991104  .00000035  00000+0  00000+0 0  9990
2 37869  64.7956 106.4981 0022423 249.3379 283.6854  2.13101914 92673
BEIDOU-2 IGSO-5         
1 37948U 11073A   23275.49748170 -.00000147  00000+0  00000+0 0  9993
2 37948  49.4841 283.6311 0095078 220.7557 141.1304  1.00265983 43492
LUCH-5A                 
1 37951U 11074B   23274.81961451 -.00000055  00000+0  00000+0 0  9990
2 37951   6.2131  89.2192 0004377  90.0455 293.0186  1.00270395 43132
BEIDOU-2 G5             
1 38091U 12008A   23274.90353470  .00000048  00000+0  00000+0 0  9991
2 38091   1.7749  68.8501 0005286 177.4109 148.0844  1.00269517 42443
BEIDOU-2 M3             
1 38250U 12018A   23274.04621216 -.00000093  00000+0  00000+0 0  9991
2 38250  56.4963 337.9890 0024482 256.8251 102.9648  1.86231071 77509
BEIDOU-2 M4             
1 38251U 12018B   23274.51449230 -.00000095  00000+0  00000+0 0  9990
2 38251  56.4064 337.2645 0015359 257.1078 102.7832  1.86231779 77864
SES-5                   
1 38652U 12036A   23274.71579656  .00000024  00000+0  00000+0 0  9994
2 38652   0.0513 302.8977 0002252 251.2878  78.6692  1.00272383 34567
BEIDOU-2 M6             
1 38775U 12050B   23274.22429371  .00000008  00000+0  00000+0 0  9992
2 38775  55.7120  95.8655 0010948 340.2217  19.7811  1.86231180 74874
GSAT-10                 
1 38779U 12051B   23274.90118882 -.00000175  00000+0  00000+0 0  9990
2 38779   0.0179 131.5458 0003082 119.6116 166.6408  1.00270298 40192
NAVSTAR 67 (USA 239)    
1 38833U 12053A   23274.63850541  .00000014  00000+0  00000+0 0  9999
2 38833  53.5108 184.0775 0143800  52.5009 308.8414  2.00567628 79592
GSAT0103 (GALILEO-FM3)  
1 38857U 12055A   23274.31886359  .00000029  00000+0  00000+0 0  9994
2 38857  55.2925 128.7504 0002186 252.8870 107.1897  1.70473653 68279
GSAT0104 (GALILEO-FM4)  
1 38858U 12055B   23274.28827894  .00000029  00000+0  00000+0 0  9990
2 38858  55.2927 128.7528 0000841 145.6650 214.4413  1.70473901 68136
BEIDOU-2 G6             
1 38953U 12059A   23274.90118882 -.00000185  00000+0  00000+0 0  9993
2 38953   1.8954  81.8259 0006809 305.0378  32.0067  1.00271870 39982
LUCH-5B                 
1 38977U 12061A   23274.71153247 -.00000142  00000+0  00000+0 0  9998
2 38977   8.3162  58.8934 0005916 125.4891  65.6708  1.00271199 39693
COSMOS 2485             
1 39155U 13019A   23275.18263862  .00000028  00000+0  00000+0 0  9990
2 39155  64.9406 106.9169 0021794 226.5718 133.3034  2.13101866 81206
NAVSTAR 68 (USA 242)    
1 39166U 13023A   23274.00276016 -.00000052  00000+0  00000+0 0  9990
2 39166  55.3356 309.0465 0114772  41.6084 319.3152  2.00564153 76021
IRNSS-1A                
1 39199U 13034A   23275.06802653  .00000085  00000+0  00000+0 0  9992
2 39199  33.4886  78.2786 0021043 179.8426 191.9310  1.00274530 37736
NAVSTAR 69 (USA 248)    
1 39533U 14008A   23274.50126275  .00000013  00000+0  00000+0 0  9994
2 39533  53.5976 189.6447 0067106 215.5831 144.0004  2.00553171 69837
ASTRA 5B                
1 39617U 14011B   23275.28868691  .00000128  00000+0  00000+0 0  9999
2 39617   0.0713 307.9618 0004125 266.0766 284.1390  1.00273597 34950
COSMOS 2492             
1 39620U 14012A   23274.66888854 -.00000078  00000+0  00000+0 0  9993
2 39620  65.7595 347.3525 0012211 312.5130  47.4450  2.13103065 74152
IRNSS-1B                
1 39635U 14017A   23274.03243931  .00000085  00000+0  00000+0 0  9993
2 39635  28.6547 257.2170 0018930 190.9346 348.0430  1.00273811 34863
LUCH-5V                 
1 39727U 14023A   23274.92400094 -.00000278  00000+0  00000+0 0  9990
2 39727   2.6435  77.1632 0003927 150.0194 210.6064  1.00271144 34430
NAVSTAR 70 (USA 251)    
1 39741U 14026A   23274.78275892 -.00000105  00000+0  00000+0 0  9998
2 39741  56.6991   9.9262 0029849 309.8815  49.8839  2.00555127 68682
COSMOS 2500             
1 40001U 14032A   23274.85181614 -.00000078  00000+0  00000+0 0  9991
2 40001  65.6976 347.1716 0008453 206.1418 153.8763  2.13105815 72375
NAVSTAR 71 (USA 256)    
1 40105U 14045A   23274.36724401  .00000028  00000+0  00000+0 0  9997
2 40105  54.8228 127.9916 0026812 114.0776 246.2942  2.00548737 66222
GSAT0201 (GALILEO 5)    
1 40128U 14050A   23274.83169464 -.00000080  00000+0  00000+0 0  9991
2 40128  49.9106 313.4664 1607930 141.4191 231.2561  1.85519265 61908
GSAT0202 (GALILEO 6)    
1 40129U 14050B   23274.01299449 -.00000076  00000+0  00000+0 0  9994
2 40129  49.9304 312.5713 1605891 142.1989 230.2563  1.85519939 62114
IRNSS-1C                
1 40269U 14061A   23275.08955576 -.00000169  00000+0  00000+0 0  9992
2 40269   4.0287 111.8625 0020014   5.5746   8.3662  1.00273095 32919
NAVSTAR 72 (USA 258)    
1 40294U 14068A   23274.74287468 -.00000034  00000+0  00000+0 0  9998
2 40294  56.2021  69.3861 0049134  62.6068 297.8942  2.00573540 65344
COSMOS 2501             
1 40315U 14075A   23274.16346322  .00000016  00000+0  00000+0 0  9990
2 40315  63.6377 224.7249 0019561 210.3500 149.5145  2.13101235 68753
NAVSTAR 73 (USA 260)    
1 40534U 15013A   23274.88107868  .00000004  00000+0  00000+0 0  9992
2 40534  53.4526 245.1484 0081726  25.7486 334.6242  2.00552984 61980
GSAT0203 (GALILEO 7)    
1 40544U 15017A   23272.29929207 -.00000102  00000+0  00000+0 0  9999
2 40544  56.9059   8.5936 0003937 234.5687 125.4158  1.70476049 52956
GSAT0204 (GALILEO 8)    
1 40545U 15017B   23269.03348640 -.00000092  00000+0  00000+0 0  9992
2 40545  56.9128   8.6972 0004055 217.4748 142.5152  1.70475528 15285
IRNSS-1D                
1 40547U 15018A   23274.88590984 -.00000298  00000+0  00000+0 0  9992
2 40547  28.0191 257.1700 0019155 187.8976 355.9720  1.00275570 31329
BEIDOU-3S IGSO-1S       
1 40549U 15019A   23274.75652892 -.00000147  00000+0  00000+0 0  9991
2 40549  51.0498 307.2477 0041010 197.2331 229.6818  1.00250641 31158
NAVSTAR 74 (USA 262)    
1 40730U 15033A   23274.54432566 -.00000053  00000+0  00000+0 0  9996
2 40730  54.8230 307.6257 0086189  13.9563 346.3317  2.00553739 60149
BEIDOU-3S M2S           
1 40748U 15037A   23274.71697786 -.00000096  00000+0  00000+0 0  9992
2 40748  55.6458 335.8402 0012253 244.8769 115.0578  1.86233025 55698
BEIDOU-3S M1S           
1 40749U 15037B   23272.83932283 -.00000085  00000+0  00000+0 0  9996
2 40749  55.6500 335.8901 0004238 295.5555  64.4657  1.86232777 55666
GSAT0205 (GALILEO 9)    
1 40889U 15045A   23273.49409169  .00000001  00000+0  00000+0 0  9992
2 40889  55.3518 248.9735 0003911   2.6393 357.3194  1.70473067 50128
GSAT0206 (GALILEO 10)   
1 40890U 15045B   23273.71477162  .00000001  00000+0  00000+0 0  9997
2 40890  55.3499 248.9629 0002573 334.9026  25.0416  1.70473101 50155
BEIDOU-3S IGSO-2S       
1 40938U 15053A   23274.94910130 -.00000138  00000+0  00000+0 0  9994
2 40938  50.7679 270.4218 0047853 194.5704 343.6734  1.00276739 29423
NAVSTAR 75 (USA 265)    
1 41019U 15062A   23275.09459868 -.00000035  00000+0  00000+0 0  9994
2 41019  56.1857  69.2229 0090353 221.1969 138.1212  2.00562160 57999
GSAT-15                 
1 41028U 15065A   23274.89007767 -.00000268  00000+0  00000+0 0  9999
2 41028   0.0151 135.4235 0002248  49.6051 239.2446  1.00270730 28873
GSAT0209 (GALILEO 12)   
1 41174U 15079A   23273.88650182  .00000032  00000+0  00000+0 0  9997
2 41174  55.3103 128.4696 0002347 340.3594  19.7345  1.70474037 47896
GSAT0208 (GALILEO 11)   
1 41175U 15079B   23274.10612863  .00000030  00000+0  00000+0 0  9996
2 41175  55.3086 128.4615 0001927 351.7420   8.3565  1.70474011 48313
IRNSS-1E                
1 41241U 16003A   23274.88522866 -.00000292  00000+0  00000+0 0  9997
2 41241  31.0404  77.3783 0020878 179.4834 183.9546  1.00278881 28160
NAVSTAR 76 (USA 266)    
1 41328U 16007A   23274.18766226  .00000031  00000+0  00000+0 0  9990
2 41328  55.0260 128.7832 0071793 233.6299 125.7966  2.00574358 55987
COSMOS 2514             
1 41330U 16008A   23275.08344792 -.00000080  00000+0  00000+0 0  9999
2 41330  65.4945 346.7383 0012312 212.2395 147.7460  2.13102549 59542
IRNSS-1F                
1 41384U 16015A   23274.86460235  .00000152  00000+0  00000+0 0  9991
2 41384   2.9887 128.5096 0019278 176.7877  48.8487  1.00281840 27740
BEIDOU-2 IGSO-6         
1 41434U 16021A   23275.34812929 -.00000168  00000+0  00000+0 0  9997
2 41434  58.7967  47.9804 0048082 218.5753 326.3894  1.00277251 27554
IRNSS-1G                
1 41469U 16027A   23275.56430818 -.00000341  00000+0  00000+0 0  9991
2 41469   2.8793 130.0857 0001522 353.4941 220.1195  1.00276349 27256
GSAT0211 (GALILEO 14)   
1 41549U 16030A   23273.64045690  .00000001  00000+0  00000+0 0  9993
2 41549  55.4972 248.9481 0004076 317.5947  42.3305  1.70473179 45786
GSAT0210 (GALILEO 13)   
1 41550U 16030B   23274.51853874  .00000003  00000+0  00000+0 0  9995
2 41550  55.4963 248.9251 0003970 281.9204  77.9929  1.70473421 45770
COSMOS 2516             
1 41554U 16032A   23274.72812207  .00000021  00000+0  00000+0 0  9999
2 41554  63.8642 225.1136 0015276 213.9134 145.9689  2.13106345 57148
BEIDOU-2 G7             
1 41586U 16037A   23274.88590984 -.00000363  00000+0  00000+0 0  9991
2 41586   1.9360  68.7925 0006883 340.5219  30.5447  1.00271610 26875
EUTELSAT 117 WEST B     
1 41589U 16038B   23274.69151726 -.00000022  00000+0  00000+0 0  9993
2 41589   0.0206 341.4433 0000046 182.0203 338.6517  1.00271081 26747
GSAT0207 (GALILEO 15)   
1 41859U 16069A   23274.76690172  .00000025  00000+0  00000+0 0  9990
2 41859  54.9737 128.5104 0002162 313.5545  46.5251  1.70474045 42755
GSAT0212 (GALILEO 16)   
1 41860U 16069B   23274.62153127  .00000026  00000+0  00000+0 0  9992
2 41860  54.9713 128.5112 0001968  17.2034 342.9018  1.70474236 42783
GSAT0213 (GALILEO 17)   
1 41861U 16069C   23273.22805995  .00000035  00000+0  00000+0 0  9995
2 41861  54.9729 128.5559 0002058 270.1194  89.9633  1.70472885 42750
GSAT0214 (GALILEO 18)   
1 41862U 16069D   23273.96190468  .00000030  00000+0  00000+0 0  9994
2 41862  54.9714 128.5295 0001101 274.6493  85.4406  1.70472793 42769
SES-15                  
1 42709U 17026A   23274.68908063  .00000050  00000+0  00000+0 0  9999
2 42709   0.0410  30.2279 0000450 159.8036 299.0619  1.00269237 24229
QZS-2 (MICHIBIKI-2)     
1 42738U 17028A   23275.26021521 -.00000193  00000+0  00000+0 0  9992
2 42738  41.0006 257.4689 0748192 270.4632  76.4035  1.00257501 23228
QZS-3 (MICHIBIKI-3)     
1 42917U 17048A   23274.88339925 -.00000358  00000+0  00000+0 0  9993
2 42917   0.0705 145.1505 0001985  64.2692 245.9828  1.00268866 22335
COSMOS 2522             
1 42939U 17055A   23274.45578219  .00000019  00000+0  00000+0 0  9992
2 42939  64.0984 225.6563 0008968 242.9979 116.8887  2.13101967 46887
QZS-4 (MICHIBIKI-4)     
1 42965U 17062A   23274.55465925 -.00000346  00000+0  00000+0 0  9993
2 42965  40.6246 356.0996 0749717 269.7843  83.4321  1.00272953 21881
BEIDOU-3 M1             
1 43001U 17069A   23275.06450096  .00000001  00000+0  00000+0 0  9999
2 43001  55.8642  95.8993 0007193 298.7665  61.2019  1.86231516 40181
BEIDOU-3 M2             
1 43002U 17069B   23273.39044282  .00000019  00000+0  00000+0 0  9999
2 43002  55.8620  95.9920 0005551 334.0579  25.9654  1.86231030 40142
GSAT0215 (GALILEO 19)   
1 43055U 17079A   23273.86372435  .00000002  00000+0  00000+0 0  9996
2 43055  55.4736 248.7674 0003465 276.2296  83.6876  1.70473849 36100
GSAT0216 (GALILEO 20)   
1 43056U 17079B   23270.63613681  .00000012  00000+0  00000+0 0  9991
2 43056  55.4757 248.8562 0005092 279.6536  80.2578  1.70473970 36065
GSAT0217 (GALILEO 21)   
1 43057U 17079C   23274.96257634  .00000005  00000+0  00000+0 0  9996
2 43057  55.4715 248.7360 0004484 292.3333  67.5780  1.70473974 36120
GSAT0218 (GALILEO 22)   
1 43058U 17079D   23274.59604112  .00000003  00000+0  00000+0 0  9991
2 43058  55.4718 248.7438 0005480 276.7503  83.1452  1.70473953 36118
BEIDOU-3 M7             
1 43107U 18003A   23274.75202792 -.00000098  00000+0  00000+0 0  9995
2 43107  55.1022 336.5435 0002906  74.9817 285.1113  1.86232335 38931
BEIDOU-3 M8             
1 43108U 18003B   23274.69035536 -.00000098  00000+0  00000+0 0  9999
2 43108  55.0952 336.5325 0004546 248.1599 111.8528  1.86230831 38939
BEIDOU-3 M4             
1 43207U 18018A   23275.13251970  .00000000  00000+0  00000+0 0  9999
2 43207  55.8232  95.9950 0004337  20.1139 339.9438  1.86231452 38320
BEIDOU-3 M3             
1 43208U 18018B   23275.19918071  .00000000  00000+0  00000+0 0  9998
2 43208  55.8225  95.9973 0005119 317.5988  42.4018  1.86231405 38320
BEIDOU-3 M9             
1 43245U 18029A   23275.42193527 -.00000099  00000+0  00000+0 0  9997
2 43245  54.9949 334.2514 0001843 234.6587 125.3842  1.86232537 37487
BEIDOU-3 M10            
1 43246U 18029B   23275.35191959 -.00000098  00000+0  00000+0 0  9996
2 43246  54.9922 334.2828 0002916 344.1992  15.8520  1.86232853 37472
IRNSS-1I                
1 43286U 18035A   23268.08799584  .00000095  00000+0  00000+0 0  9993
2 43286  29.2971  89.8607 0020154 176.9888 183.7212  1.00277929 20094
COSMOS 2527             
1 43508U 18053A   23275.35305254  .00000027  00000+0  00000+0 0  9990
2 43508  65.1029 107.0097 0007481 214.0128 145.9955  2.13102411 41207
BEIDOU-2 IGSO-7         
1 43539U 18057A   23274.65384562 -.00000130  00000+0  00000+0 0  9995
2 43539  55.1184 171.6201 0064056 230.4874 317.2700  1.00275136 19226
GSAT0221 (GALILEO 25)   
1 43564U 18060A   23273.32270937 -.00000104  00000+0  00000+0 0  9991
2 43564  57.2877   8.5008 0003568 254.1728 105.8116  1.70476119 32274
GSAT0222 (GALILEO 26)   
1 43565U 18060B   23273.54083195 -.00000105  00000+0  00000+0 0  9995
2 43565  57.2914   8.4960 0004050 220.8731 139.1207  1.70475814 32322
GSAT0219 (GALILEO 23)   
1 43566U 18060C   23273.76312742 -.00000105  00000+0  00000+0 0  9993
2 43566  57.2906   8.4922 0002806 257.5440 102.4492  1.70476032 32303
GSAT0220 (GALILEO 24)   
1 43567U 18060D   23269.87746299 -.00000095  00000+0  00000+0 0  9997
2 43567  57.2899   8.5973 0002788 251.4482 108.5396  1.70475634 32228
BEIDOU-3 M5             
1 43581U 18062A   23274.49821954  .00000009  00000+0  00000+0 0  9995
2 43581  54.1721 215.9865 0004427 287.9174  72.0140  1.86231797 35202
BEIDOU-3 M6             
1 43582U 18062B   23275.43836115  .00000013  00000+0  00000+0 0  9991
2 43582  54.1715 215.9440 0005431   6.2182 353.7736  1.86229714 35220
BEIDOU-3 M12            
1 43602U 18067A   23274.30049707  .00000008  00000+0  00000+0 0  9991
2 43602  54.2595 214.6407 0007308  16.0870 343.9166  1.86231422 34683
BEIDOU-3 M11            
1 43603U 18067B   23274.43432612  .00000009  00000+0  00000+0 0  9998
2 43603  54.2566 214.6020 0004307   3.4742 356.5101  1.86231422 34710
BEIDOU-3 M13            
1 43622U 18072A   23274.93024225  .00000001  00000+0  00000+0 0  9999
2 43622  55.7923  95.5417 0004016 293.0241  66.9742  1.86231473 34234
BEIDOU-3 M14            
1 43623U 18072B   23274.79569858  .00000002  00000+0  00000+0 0  9991
2 43623  55.7942  95.5388 0002407 350.3023   9.7345  1.86231477 34227
BEIDOU-3 M16            
1 43647U 18078A   23274.95883076 -.00000097  00000+0  00000+0 0  9997
2 43647  54.8914 334.3880 0005974   3.3931 356.6720  1.86227209 33743
BEIDOU-3 M15            
1 43648U 18078B   23274.55175660 -.00000095  00000+0  00000+0 0  9995
2 43648  54.8875 334.4058 0002745  10.1960 349.8715  1.86232182 33743
BEIDOU-3 G1             
1 43683U 18085A   23275.51838485 -.00000287  00000+0  00000+0 0  9993
2 43683   1.5758 122.4589 0002241   5.2960 209.8947  1.00268641 18145
COSMOS 2529             
1 43687U 18086A   23274.98304504  .00000023  00000+0  00000+0 0  9995
2 43687  64.3137 226.0811 0010635 263.4295  96.4296  2.13101998 38203
BEIDOU-3 M17            
1 43706U 18093A   23275.23657538  .00000013  00000+0  00000+0 0  9991
2 43706  54.2544 215.8806 0009546 283.4171  76.4606  1.86231907 33109
BEIDOU-3 M18            
1 43707U 18093B   23274.56589975  .00000010  00000+0  00000+0 0  9993
2 43707  54.2554 215.8952 0008057 310.8774  49.0329  1.86229715 33105
NAVSTAR 77 (USA 289)    
1 43873U 18109A   23275.05997657  .00000020  00000+0  00000+0 0  9991
2 43873  55.2009 131.2691 0026214 190.1042 334.6271  2.00569835 35184
BEIDOU-3 IGSO-1         
1 44204U 19023A   23274.95201622 -.00000222  00000+0  00000+0 0  9999
2 44204  57.2628  47.9520 0023971 195.4914 229.6400  1.00274009 16449
BEIDOU-2 G8             
1 44231U 19027A   23274.87428433 -.00000256  00000+0  00000+0 0  9992
2 44231   2.0254  81.0160 0006870 132.6375 255.9234  1.00275004 16166
COSMOS 2534             
1 44299U 19030A   23274.80813175  .00000022  00000+0  00000+0 0  9994
2 44299  64.3862 226.0159 0012872 283.2127  76.7234  2.13101810 33843
BEIDOU-3 IGSO-2         
1 44337U 19035A   23274.66586103 -.00000128  00000+0  00000+0 0  9992
2 44337  55.1522 167.5520 0033003 195.9183   5.7931  1.00265974 15740
NAVSTAR 78 (USA 293)    
1 44506U 19056A   23274.72714223 -.00000106  00000+0  00000+0 0  9992
2 44506  55.8246  10.3566 0037794 186.6120 356.9128  2.00565891 30223
BEIDOU-3 M24            
1 44542U 19061A   23274.63739023  .00000010  00000+0  00000+0 0  9996
2 44542  54.4819 216.1366 0008505 346.1816  13.7752  1.86231487 27367
BEIDOU-3 M23            
1 44543U 19061B   23274.77323147  .00000011  00000+0  00000+0 0  9999
2 44543  54.4804 216.1009 0005705 332.0810  30.8737  1.86231722 27368
BEIDOU-3 IGSO-3         
1 44709U 19073A   23274.44836083 -.00000174  00000+0  00000+0 0  9999
2 44709  56.4905 291.4655 0035064 190.6983 169.2483  1.00273892 14539
BEIDOU-3 M22            
1 44793U 19078A   23275.01976167 -.00000097  00000+0  00000+0 0  9993
2 44793  54.7398 334.3497 0004761  11.3476 348.7240  1.86232143 26239
BEIDOU-3 M21            
1 44794U 19078B   23274.61331287 -.00000096  00000+0  00000+0 0  9996
2 44794  54.7138 334.3453 0002822 356.6442   3.4156  1.86232606 26222
COSMOS 2544             
1 44850U 19088A   23274.82755433  .00000031  00000+0  00000+0 0  9994
2 44850  65.0888 106.8697 0011140 248.9874 110.9519  2.13102170 29615
BEIDOU-3 M19            
1 44864U 19090A   23275.02100906  .00000001  00000+0  00000+0 0  9991
2 44864  55.7271  95.7235 0015185 274.0727 193.0547  1.86231732 25802
BEIDOU-3 M20            
1 44865U 19090B   23274.59750484  .00000004  00000+0  00000+0 0  9998
2 44865  55.7285  95.7706 0012923 289.3939 343.5748  1.86231672 25787
BEIDOU-3 G2             
1 45344U 20017A   23275.10743775 -.00000150  00000+0  00000+0 0  9998
2 45344   2.0661  17.6352 0003300 179.3814 292.2665  1.00272518 13350
COSMOS 2545             
1 45358U 20018A   23275.02439131 -.00000081  00000+0  00000+0 0  9996
2 45358  64.8348 346.9628 0010963 240.7674 119.1832  2.13102486 27581
BEIDOU-3 G3             
1 45807U 20040A   23275.02341860 -.00000364  00000+0  00000+0 0  9995
2 45807   0.5965 349.7661 0007489 318.1745 181.5301  1.00274820 12167
NAVSTAR 79 (USA 304)    
1 45854U 20041A   23274.22887734 -.00000036  00000+0  00000+0 0  9990
2 45854  55.9066  67.6621 0037238 186.8694 300.0570  2.00562705 24189
GALAXY 30 (G-30)        
1 46114U 20056C   23275.40649205  .00000028  00000+0  00000+0 0  9996
2 46114   0.0162 183.8508 0002482  18.5179 189.8336  1.00270236 11480
COSMOS 2547             
1 46805U 20075A   23274.74393474  .00000022  00000+0  00000+0 0  9998
2 46805  64.6138 225.5824 0007965 243.7024 116.1954  2.13102817 22826
NAVSTAR 80 (USA 309)    
1 46826U 20078A   23275.29941740  .00000007  00000+0  00000+0 0  9993
2 46826  54.2992 250.9278 0036582 194.8698 320.6538  2.00562725 21662
NAVSTAR 81 (USA 319)    
1 48859U 21054A   23275.06711434 -.00000107  00000+0  00000+0 0  9998
2 48859  55.3429  12.1157 0013089 213.9822 316.9392  2.00571907 16909
QZS-1R                  
1 49336U 21096A   23275.38473642 -.00000254  00000+0  00000+0 0  9999
2 49336  35.4112  94.4829 0745125 269.8018 279.7861  1.00283176  7080
GSAT0223 (GALILEO 27)   
1 49809U 21116A   23267.41475998 -.00000085  00000+0  00000+0 0  9990
2 49809  57.2810   8.5598 0003498 188.0129 190.8503  1.70475882 11193
GSAT0224 (GALILEO 28)   
1 49810U 21116B   23274.29079145 -.00000106  00000+0  00000+0 0  9994
2 49810  57.2825   8.3716 0002886 189.0507 202.2691  1.70475992 11336
COSMOS 2557             
1 52984U 22075A   23274.90670504 -.00000082  00000+0  00000+0 0  9992
2 52984  64.7524 349.1232 0012679 275.2444  84.6693  2.13102240  9612
COSMOS 2559             
1 54031U 22130A   23275.31803911 -.00000084  00000+0  00000+0 0  9997
2 54031  64.7235 349.2354 0007626 221.9434 138.0559  2.13101447  7616
COSMOS 2564             
1 54377U 22161A   23274.57244944  .00000020  00000+0  00000+0 0  9995
2 54377  64.7547 225.6461 0010122 224.6869 135.2104  2.13102140  6545
NAVSTAR 82 (USA 343)    
1 55268U 23009A   23269.79232659 -.00000012  00000+0  00000+0 0  9997
2 55268  55.0873 187.5341 0004666  90.6249 271.5536  2.00554056  5301
BEIDOU-3 G4             
1 56564U 23066A   23275.39152417 -.00000123  00000+0  00000+0 0  9999
2 56564   2.7754 288.6935 0006308 221.6950 161.4513  1.00271885  1493
IRNSS-1J (NVS-01)       
1 56759U 23076A   23274.87065779 -.00000351  00000+0  00000+0 0  9995
2 56759   4.6696 271.5459 0006976 345.8342 195.9885  1.00273590  1198
