NAVSTAR 43 (USA 132)    
1 24876U 97035A   23263.05249683  .00000027  00000+0  00000+0 0  9991
2 24876  55.5905 137.7307 0073246  52.6942 308.0643  2.00564163191873
NAVSTAR 47 (USA 150)    
1 26360U 00025A   23263.42991914 -.00000014  00000+0  00000+0 0  9993
2 26360  54.4467  59.9437 0041641 200.0527 162.5900  2.00569645171209
NAVSTAR 51 (USA 166)    
1 27663U 03005A   23263.58418206  .00000058  00000+0  00000+0 0  9993
2 27663  55.2383 254.7636 0132376  44.7405  48.7470  2.00565055151242
NAVSTAR 52 (USA 168)    
1 27704U 03010A   23263.13964191 -.00000079  00000+0  00000+0 0  9999
2 27704  55.1154   4.7338 0249111 319.1007  32.2023  2.00575662150020
NAVSTAR 54 (USA 177)    
1 28190U 04009A   23263.30302653 -.00000034  00000+0  00000+0 0  9997
2 28190  55.6780 315.8348 0092719 139.4266 267.4864  2.00566823142875
NAVSTAR 56 (USA 180)    
1 28474U 04045A   23263.15041934 -.00000079  00000+0  00000+0 0  9996
2 28474  55.4428   5.0602 0162399 282.7196  69.0896  2.00555236138348
ANIK F1R                
1 28868U 05036A   23263.59355817 -.00000067  00000+0  00000+0 0  9997
2 28868   1.7273  88.8021 0002188  56.5629 320.2442  1.00272128 36428
NAVSTAR 57 (USA 183)    
1 28874U 05038A   23263.29336549 -.00000029  00000+0  00000+0 0  9992
2 28874  55.7291 313.2876 0139922 279.7642 142.1455  2.00574391131764
INMARSAT 4-F2           
1 28899U 05044A   23263.54950659  .00000017  00000+0  00000+0 0  9994
2 28899   3.8717  40.7579 0002692 145.1200  75.0455  1.00273217 65480
NAVSTAR 58 (USA 190)    
1 29486U 06042A   23263.50296219  .00000030  00000+0  00000+0 0  9992
2 29486  54.6831 191.0153 0103497  32.6239  82.0383  2.00568829124323
NAVSTAR 59 (USA 192)    
1 29601U 06052A   23263.26546078  .00000057  00000+0  00000+0 0  9995
2 29601  55.2599 253.7366 0083411  79.4217 281.5179  2.00550423123330
NAVSTAR 60 (USA 196)    
1 32260U 07047A   23263.08137197  .00000026  00000+0  00000+0 0  9999
2 32260  53.4716 121.4880 0151917  71.0342 290.6992  2.00550687116734
COSMOS 2433             
1 32275U 07052A   23262.98729240 -.00000059  00000+0  00000+0 0  9992
2 32275  66.0174 349.4157 0004229 225.3697 134.6494  2.13104115123723
COSMOS 2432             
1 32276U 07052B   23263.10179622 -.00000059  00000+0  00000+0 0  9991
2 32276  66.0319 349.5209 0008608 316.5115  78.3633  2.13103242123759
NAVSTAR 61 (USA 199)    
1 32384U 07062A   23263.42978713 -.00000030  00000+0  00000+0 0  9994
2 32384  55.8613 314.1056 0024729 151.2647 230.9307  2.00559565115446
COSMOS 2434             
1 32393U 07065A   23263.36243434  .00000067  00000+0  00000+0 0  9994
2 32393  64.3358 225.7611 0000654  69.0395 110.0015  2.13103056122444
COSMOS 2436             
1 32395U 07065C   23263.54531417  .00000067  00000+0  00000+0 0  9997
2 32395  64.3444 225.8166 0015915 354.1986 100.6415  2.13102735122406
NAVSTAR 62 (USA 201)    
1 32711U 08012A   23262.99499955  .00000031  00000+0  00000+0 0  9991
2 32711  54.4507 189.8628 0177624 235.9544 122.3671  2.00557719113678
NAVSTAR 64 (USA 206)    
1 35752U 09043A   23263.47797944 -.00000001  00000+0  00000+0 0  9995
2 35752  55.4480  67.0728 0058143  69.5007 295.8934  2.00557016103299
COSMOS 2456             
1 36111U 09070A   23263.39197802  .00000048  00000+0  00000+0 0  9993
2 36111  64.4969 105.2549 0001732 338.7237  21.9321  2.13099178107101
COSMOS 2457             
1 36112U 09070B   23263.42279241  .00000048  00000+0  00000+0 0  9996
2 36112  64.4809 105.1187 0006132 146.7303   8.4773  2.13101355107104
COSMOS 2460             
1 36402U 10007C   23263.21500949 -.00000059  00000+0  00000+0 0  9992
2 36402  65.8795 348.1210 0001604 197.9202 146.4620  2.13106281105392
NAVSTAR 65 (USA 213)    
1 36585U 10022A   23263.45923786  .00000058  00000+0  00000+0 0  9993
2 36585  54.5594 248.9355 0109728  59.6607  49.0532  2.00562765 97526
BEIDOU-2 IGSO-1         
1 36828U 10036A   23263.29319594 -.00000112  00000+0  00000+0 0  9998
2 36828  54.2344 172.0288 0036579 187.9582 210.2873  1.00248830 48178
QZS-1 (MICHIBIKI-1)     
1 37158U 10045A   23263.26613786  .00000011  00000+0  00000+0 0  9999
2 37158  42.8898 127.4912 0003008 101.9335  87.1123  0.87715510 47618
BEIDOU-2 G4             
1 37210U 10057A   23263.62275628 -.00000105  00000+0  00000+0 0  9995
2 37210   1.2105  61.5383 0006358 153.9934 167.8613  1.00273218 47250
BEIDOU-2 IGSO-2         
1 37256U 10068A   23263.61942646 -.00000168  00000+0  00000+0 0  9996
2 37256  49.3813 284.1084 0032264 213.6521 192.8645  1.00278662 46767
BEIDOU-2 IGSO-3         
1 37384U 11013A   23263.34323281 -.00000161  00000+0  00000+0 0  9990
2 37384  60.9631  49.7418 0028441 175.5175   5.5221  1.00277641 45625
GSAT-8                  
1 37605U 11022A   23263.54776613  .00000091  00000+0  00000+0 0  9990
2 37605   0.0383  90.3261 0005587 155.2159   5.9165  1.00271934 43180
NAVSTAR 66 (USA 232)    
1 37753U 11036A   23263.18934073 -.00000074  00000+0  00000+0 0  9997
2 37753  56.7458  10.8536 0126974  56.3745 303.6720  2.00568691 89199
BEIDOU-2 IGSO-4         
1 37763U 11038A   23263.21770295 -.00000062  00000+0  00000+0 0  9995
2 37763  54.5081 174.5731 0111858 227.9212 130.2262  1.00270829 44607
GSAT0101 (GALILEO-PFM)  
1 37846U 11060A   23256.68209446 -.00000097  00000+0  00000+0 0  9998
2 37846  57.1105   9.0469 0001286  75.2562 284.7638  1.70476094 73940
GSAT0102 (GALILEO-FM2)  
1 37847U 11060B   23262.59751560 -.00000079  00000+0  00000+0 0  9995
2 37847  57.1117   8.8871 0001306 321.5110 115.1776  1.70475346 74059
COSMOS 2476             
1 37867U 11064A   23263.49723340  .00000049  00000+0  00000+0 0  9992
2 37867  64.7764 106.7846 0021203 231.2675 119.5843  2.13101725 92434
COSMOS 2477             
1 37868U 11064B   23263.04146528  .00000048  00000+0  00000+0 0  9990
2 37868  64.7835 106.8697 0018413 231.5001 307.5813  2.13101624 92427
COSMOS 2475             
1 37869U 11064C   23262.43642267  .00000048  00000+0  00000+0 0  9994
2 37869  64.7904 106.9026 0022458 250.0028 143.4081  2.13101986 92426
BEIDOU-2 IGSO-5         
1 37948U 11073A   23263.42066972 -.00000120  00000+0  00000+0 0  9997
2 37948  49.5072 283.7795 0095061 220.8572 101.6533  1.00268899 43096
LUCH-5A                 
1 37951U 11074B   23263.62684687 -.00000040  00000+0  00000+0 0  9994
2 37951   6.1819  89.4105 0004452  74.7393 227.7844  1.00269708 43012
BEIDOU-2 G5             
1 38091U 12008A   23263.54846231  .00000062  00000+0  00000+0 0  9997
2 38091   1.7458  68.6415 0003570 174.1570  12.6965  1.00277666 42334
BEIDOU-2 M3             
1 38250U 12018A   23263.30709046 -.00000072  00000+0  00000+0 0  9993
2 38250  56.5022 338.3458 0024041 256.1368 103.6572  1.86231132 77304
BEIDOU-2 M4             
1 38251U 12018B   23262.70150989 -.00000072  00000+0  00000+0 0  9993
2 38251  56.4131 337.6578 0014889 256.0269 103.8702  1.86231862 77293
SES-5                   
1 38652U 12036A   23263.32278251  .00000041  00000+0  00000+0 0  9995
2 38652   0.0541 306.9221 0002031 227.5420 305.6879  1.00272035 34451
BEIDOU-2 M6             
1 38775U 12050B   23263.48527698  .00000029  00000+0  00000+0 0  9992
2 38775  55.7033  96.2256 0011220 340.2325  19.7913  1.86231220 74679
GSAT-10                 
1 38779U 12051B   23263.56368741 -.00000159  00000+0  00000+0 0  9993
2 38779   0.0177 233.9418 0002157  10.2310  40.9752  1.00272449 40081
NAVSTAR 67 (USA 239)    
1 38833U 12053A   23263.17145863  .00000027  00000+0  00000+0 0  9994
2 38833  53.5116 184.5461 0143035  52.2532 309.0612  2.00567452 80259
GSAT0103 (GALILEO-FM3)  
1 38857U 12055A   23263.17374974  .00000038  00000+0  00000+0 0  9991
2 38857  55.2878 129.0572 0002451 259.6335 100.4410  1.70473695 67947
GSAT0104 (GALILEO-FM4)  
1 38858U 12055B   23263.14318560  .00000038  00000+0  00000+0 0  9998
2 38858  55.2880 129.0597 0000587 151.5148 208.5907  1.70473939 67940
BEIDOU-2 G6             
1 38953U 12059A   23263.56368741 -.00000169  00000+0  00000+0 0  9996
2 38953   1.8643  81.8542 0007388 311.7295 252.5686  1.00274240 39875
LUCH-5B                 
1 38977U 12061A   23263.25604851 -.00000126  00000+0  00000+0 0  9999
2 38977   8.2889  58.9824 0005747 113.8383 261.9907  1.00272319 39581
COSMOS 2485             
1 39155U 13019A   23262.98189382  .00000049  00000+0  00000+0 0  9991
2 39155  64.9364 107.3292 0021728 227.2303 132.6660  2.13101913 80946
NAVSTAR 68 (USA 242)    
1 39166U 13023A   23263.03403243 -.00000024  00000+0  00000+0 0  9994
2 39166  55.3444 309.4872 0114509  41.6461 319.2877  2.00564236 75802
IRNSS-1A                
1 39199U 13034A   23262.87775833  .00000097  00000+0  00000+0 0  9999
2 39199  33.4602  78.4588 0020796 179.0578 112.0574  1.00270829 37326
NAVSTAR 69 (USA 248)    
1 39533U 14008A   23263.03338866  .00000030  00000+0  00000+0 0  9990
2 39533  53.5986 190.1116 0067148 215.6794 143.8890  2.00552555 69603
ASTRA 5B                
1 39617U 14011B   23263.54150052  .00000144  00000+0  00000+0 0  9998
2 39617   0.0982 297.2488 0003899 262.6435  17.7496  1.00274482 34632
COSMOS 2492             
1 39620U 14012A   23262.93737336 -.00000058  00000+0  00000+0 0  9996
2 39620  65.7631 347.7464 0011763 314.1143  45.8447  2.13103131 73906
IRNSS-1B                
1 39635U 14017A   23263.54785316  .00000121  00000+0  00000+0 0  9996
2 39635  28.6748 257.3916 0019325 190.5933 163.4377  1.00270507 34758
LUCH-5V                 
1 39727U 14023A   23263.55118828 -.00000262  00000+0  00000+0 0  9991
2 39727   2.6129  77.1882 0003135 136.8720  78.2503  1.00275656 34321
NAVSTAR 70 (USA 251)    
1 39741U 14026A   23263.31486717 -.00000075  00000+0  00000+0 0  9991
2 39741  56.6980  10.3709 0029427 310.3077  49.4611  2.00556025 68469
COSMOS 2500             
1 40001U 14032A   23262.65120307 -.00000058  00000+0  00000+0 0  9996
2 40001  65.7013 347.5823 0008282 202.2726 157.7472  2.13105893 72118
NAVSTAR 71 (USA 256)    
1 40105U 14045A   23262.89907501  .00000028  00000+0  00000+0 0  9996
2 40105  54.8181 128.4501 0026449 113.8029 246.5686  2.00548020 65996
GSAT0201 (GALILEO 5)    
1 40128U 14050A   23262.43483438 -.00000048  00000+0  00000+0 0  9998
2 40128  49.9218 313.9631 1608336 140.9485 231.8594  1.85519270 59738
GSAT0202 (GALILEO 6)    
1 40129U 14050B   23262.69416895 -.00000045  00000+0  00000+0 0  9997
2 40129  49.9408 313.0244 1606306 141.7682 230.8116  1.85519832 61909
IRNSS-1C                
1 40269U 14061A   23263.56368741 -.00000153  00000+0  00000+0 0  9997
2 40269   4.0014 112.2180 0020760   3.6177 169.2348  1.00266577 32659
NAVSTAR 72 (USA 258)    
1 40294U 14068A   23261.78039447 -.00000002  00000+0  00000+0 0  9995
2 40294  56.1905  69.8941 0049127  62.3212 298.2060  2.00572802 65108
COSMOS 2501             
1 40315U 14075A   23263.37050488  .00000066  00000+0  00000+0 0  9991
2 40315  63.6391 225.1007 0019759 210.8649 149.0090  2.13101282 68525
NAVSTAR 73 (USA 260)    
1 40534U 15013A   23263.41327744  .00000055  00000+0  00000+0 0  9992
2 40534  53.4579 245.6237 0081152  25.5087 334.8804  2.00553685 61757
GSAT0203 (GALILEO 7)    
1 40544U 15017A   23263.50055756 -.00000078  00000+0  00000+0 0  9994
2 40544  56.9065   8.8333 0003505 229.0751 130.9190  1.70476277 52140
GSAT0204 (GALILEO 8)    
1 40545U 15017B   23263.16764989 -.00000078  00000+0  00000+0 0  9992
2 40545  56.9127   8.8568 0003932 215.0847 144.9135  1.70475744 52800
IRNSS-1D                
1 40547U 15018A   23263.41565706 -.00000266  00000+0  00000+0 0  9998
2 40547  28.0418 257.3620 0019506 190.0170 173.0321  1.00268759 30951
BEIDOU-3S IGSO-1S       
1 40549U 15019A   23263.01655163 -.00000135  00000+0  00000+0 0  9999
2 40549  51.0724 307.3884 0040768 196.7286 313.0944  1.00253095 31036
NAVSTAR 74 (USA 262)    
1 40730U 15033A   23263.07646661 -.00000022  00000+0  00000+0 0  9991
2 40730  54.8325 308.0920 0085740  13.9379 346.3636  2.00554409 59915
BEIDOU-3S M2S           
1 40748U 15037A   23262.90410600 -.00000071  00000+0  00000+0 0  9991
2 40748  55.6530 336.2408 0011846 243.0505 116.8915  1.86233164 55470
BEIDOU-3S M1S           
1 40749U 15037B   23262.10033346 -.00000072  00000+0  00000+0 0  9993
2 40749  55.6565 336.2542 0003734 297.0112  63.0145  1.86232905 55467
GSAT0205 (GALILEO 9)    
1 40889U 15045A   23262.93556866  .00000046  00000+0  00000+0 0  9995
2 40889  55.3565 249.2650 0003695 359.5669   0.4185  1.70473230 49945
GSAT0206 (GALILEO 10)   
1 40890U 15045B   23261.98307608  .00000042  00000+0  00000+0 0  9995
2 40890  55.3557 249.2869 0002497 328.5137  31.4542  1.70473226 49952
BEIDOU-3S IGSO-2S       
1 40938U 15053A   23263.48441369 -.00000100  00000+0  00000+0 0  9993
2 40938  50.7870 270.5574 0047601 195.0267 164.3516  1.00279522 29310
NAVSTAR 75 (USA 265)    
1 41019U 15062A   23263.12859035  .00000003  00000+0  00000+0 0  9999
2 41019  56.1752  69.6917 0089819 221.0838 138.2654  2.00562283 57751
GSAT-15                 
1 41028U 15065A   23263.35327306 -.00000251  00000+0  00000+0 0  9994
2 41028   0.0210 245.8957 0002187 271.3915  62.3846  1.00272105 28766
GSAT0209 (GALILEO 12)   
1 41174U 15079A   23262.15483442  .00000040  00000+0  00000+0 0  9997
2 41174  55.3052 128.7924 0002681 336.1748  23.9195  1.70474077 47693
GSAT0208 (GALILEO 11)   
1 41175U 15079B   23262.96104137  .00000038  00000+0  00000+0 0  9995
2 41175  55.3039 128.7683 0001998 347.5732  12.5250  1.70473909 48128
IRNSS-1E                
1 41241U 16003A   23263.41565706 -.00000282  00000+0  00000+0 0  9993
2 41241  31.0138  77.5508 0020850 176.2079   6.7375  1.00269022 28043
NAVSTAR 76 (USA 266)    
1 41328U 16007A   23263.21954003  .00000027  00000+0  00000+0 0  9999
2 41328  55.0219 129.2192 0071588 233.7134 125.7150  2.00574948 55763
COSMOS 2514             
1 41330U 16008A   23263.35191368 -.00000059  00000+0  00000+0 0  9991
2 41330  65.4983 347.1361 0012089 209.9154 150.0713  2.13102621 59293
IRNSS-1F                
1 41384U 16015A   23263.54315394  .00000166  00000+0  00000+0 0  9994
2 41384   2.9657 129.0522 0018950 176.7521 281.1549  1.00276288 27636
BEIDOU-2 IGSO-6         
1 41434U 16021A   23263.29011146 -.00000141  00000+0  00000+0 0  9991
2 41434  58.7778  48.1055 0047997 218.1568 293.8232  1.00279856 27444
IRNSS-1G                
1 41469U 16027A   23263.59771642 -.00000328  00000+0  00000+0 0  9999
2 41469   2.8553 130.6774 0002324   3.1933 210.0738  1.00271015 27149
GSAT0211 (GALILEO 14)   
1 41549U 16030A   23263.08193665  .00000047  00000+0  00000+0 0  9996
2 41549  55.5027 249.2387 0004020 312.5582  47.3941  1.70473329 45605
GSAT0210 (GALILEO 13)   
1 41550U 16030B   23261.02709226  .00000039  00000+0  00000+0 0  9997
2 41550  55.5033 249.2963 0004145 278.1526  81.7816  1.70473561 45563
COSMOS 2516             
1 41554U 16032A   23263.46616706  .00000066  00000+0  00000+0 0  9993
2 41554  63.8655 225.5027 0015297 214.1647 145.7272  2.13106341 56905
BEIDOU-2 G7             
1 41586U 16037A   23263.59007677 -.00000347  00000+0  00000+0 0  9991
2 41586   1.9071  68.6164 0007720 344.9024 268.5937  1.00278039 26757
EUTELSAT 117 WEST B     
1 41589U 16038B   23263.58725087 -.00000005  00000+0  00000+0 0  9997
2 41589   0.0131 335.8555 0000235 305.7502 172.0202  1.00270693 26639
GSAT0207 (GALILEO 15)   
1 41859U 16069A   23261.86209507  .00000039  00000+0  00000+0 0  9990
2 41859  54.9676 128.8686 0002365 314.4900  45.5984  1.70473987 42313
GSAT0212 (GALILEO 16)   
1 41860U 16069B   23261.71673328  .00000039  00000+0  00000+0 0  9992
2 41860  54.9652 128.8696 0002096   7.2467 352.8646  1.70474183 42561
GSAT0213 (GALILEO 17)   
1 41861U 16069C   23262.08291149  .00000039  00000+0  00000+0 0  9991
2 41861  54.9678 128.8654 0002217 274.0497  86.0318  1.70472891 42438
GSAT0214 (GALILEO 18)   
1 41862U 16069D   23261.05700209  .00000039  00000+0  00000+0 0  9990
2 41862  54.9655 128.8878 0001171 281.2231  78.8742  1.70472747 42548
SES-15                  
1 42709U 17026A   23263.62152083  .00000067  00000+0  00000+0 0  9992
2 42709   0.0367  24.7425 0000372 119.1442 309.9685  1.00268849 24114
QZS-2 (MICHIBIKI-2)     
1 42738U 17028A   23261.84344144 -.00000133  00000+0  00000+0 0  9994
2 42738  41.0215 257.6585 0750013 270.2752 273.8199  1.00261152 23088
QZS-3 (MICHIBIKI-3)     
1 42917U 17048A   23263.59771642 -.00000341  00000+0  00000+0 0  9997
2 42917   0.0542 169.4463 0001698  12.8814 159.1059  1.00275049 22223
COSMOS 2522             
1 42939U 17055A   23263.19358092  .00000066  00000+0  00000+0 0  9998
2 42939  64.0996 226.0419 0009384 243.2941 116.5990  2.13101961 46641
QZS-4 (MICHIBIKI-4)     
1 42965U 17062A   23262.52752684 -.00000298  00000+0  00000+0 0  9994
2 42965  40.6298 356.2539 0749488 269.5553  61.9043  1.00276796 21762
BEIDOU-3 M1             
1 43001U 17069A   23261.64074682  .00000028  00000+0  00000+0 0  9990
2 43001  55.8530  96.3488 0007422 300.2700  59.7301  1.86231653 39935
BEIDOU-3 M2             
1 43002U 17069B   23261.04056195  .00000028  00000+0  00000+0 0  9994
2 43002  55.8520  96.4043 0005844 334.6080  25.4396  1.86231204 39915
GSAT0215 (GALILEO 19)   
1 43055U 17079A   23262.13207356  .00000043  00000+0  00000+0 0  9998
2 43055  55.4796 249.0905 0003649 272.5410  87.4002  1.70474025 35905
GSAT0216 (GALILEO 20)   
1 43056U 17079B   23263.01056984  .00000047  00000+0  00000+0 0  9990
2 43056  55.4801 249.0661 0005201 278.8125  81.1144  1.70474130 35938
GSAT0217 (GALILEO 21)   
1 43057U 17079C   23263.23093295  .00000047  00000+0  00000+0 0  9991
2 43057  55.4775 249.0591 0004630 289.3295  70.6070  1.70474050 35922
GSAT0218 (GALILEO 22)   
1 43058U 17079D   23263.45098590  .00000048  00000+0  00000+0 0  9990
2 43058  55.4776 249.0506 0005658 274.7229  85.1998  1.70474054 35953
BEIDOU-3 M7             
1 43107U 18003A   23263.47607897 -.00000072  00000+0  00000+0 0  9999
2 43107  55.1089 336.9309 0003170  77.0594 283.0370  1.86232460 38715
BEIDOU-3 M8             
1 43108U 18003B   23262.87736124 -.00000072  00000+0  00000+0 0  9999
2 43108  55.1023 336.9383 0004311 245.7956 114.2212  1.86230917 38715
BEIDOU-3 M4             
1 43207U 18018A   23262.78265946  .00000028  00000+0  00000+0 0  9994
2 43207  55.8125  96.4090 0004509  17.6063 342.4787  1.86231512 38097
BEIDOU-3 M3             
1 43208U 18018B   23262.84931814  .00000028  00000+0  00000+0 0  9996
2 43208  55.8122  96.4114 0005365 318.1607  41.8675  1.86231429 38099
BEIDOU-3 M9             
1 43245U 18029A   23261.99820443 -.00000071  00000+0  00000+0 0  9998
2 43245  55.0037 334.7148 0001503 223.5609 136.4919  1.86232696 37237
BEIDOU-3 M10            
1 43246U 18029B   23263.00211392 -.00000070  00000+0  00000+0 0  9999
2 43246  55.0001 334.7082 0002777 349.7266  10.3312  1.86232893 37236
IRNSS-1I                
1 43286U 18035A   23263.11229985  .00000103  00000+0  00000+0 0  9995
2 43286  29.2851  89.9402 0019812 176.8981 187.4977  1.00277012 20044
COSMOS 2527             
1 43508U 18053A   23263.15233156  .00000049  00000+0  00000+0 0  9990
2 43508  65.0977 107.4191 0007402 215.8149 144.2145  2.13102429 40944
BEIDOU-2 IGSO-7         
1 43539U 18057A   23262.74065068 -.00000123  00000+0  00000+0 0  9991
2 43539  55.1187 171.7251 0064026 230.8132 336.2123  1.00279007 19101
GSAT0221 (GALILEO 25)   
1 43564U 18060A   23259.83127371 -.00000085  00000+0  00000+0 0  9992
2 43564  57.2861   8.8642 0002955 251.6027 108.3809  1.70476287 32045
GSAT0222 (GALILEO 26)   
1 43565U 18060B   23262.39572637 -.00000079  00000+0  00000+0 0  9990
2 43565  57.2906   8.7965 0003780 215.9830 144.0147  1.70475919 32138
GSAT0219 (GALILEO 23)   
1 43566U 18060C   23262.03145064 -.00000079  00000+0  00000+0 0  9992
2 43566  57.2895   8.8085 0002292 255.5390 104.4578  1.70476196 32101
GSAT0220 (GALILEO 24)   
1 43567U 18060D   23263.42504255 -.00000078  00000+0  00000+0 0  9997
2 43567  57.2896   8.7718 0002906 252.8548 107.1378  1.70475951 32119
BEIDOU-3 M5             
1 43581U 18062A   23263.22232755  .00000051  00000+0  00000+0 0  9996
2 43581  54.1747 216.3714 0004858 285.4479  74.4812  1.86231883 34990
BEIDOU-3 M6             
1 43582U 18062B   23263.08842649  .00000051  00000+0  00000+0 0  9990
2 43582  54.1745 216.3655 0005342   0.9269 359.0562  1.86229746 34998
BEIDOU-3 M12            
1 43602U 18067A   23263.02458340  .00000050  00000+0  00000+0 0  9992
2 43602  54.2621 215.0241 0007169  14.1084 345.8944  1.86231499 34471
BEIDOU-3 M11            
1 43603U 18067B   23263.15841126  .00000050  00000+0  00000+0 0  9995
2 43603  54.2592 214.9852 0004234 359.9473   0.0361  1.86231464 34506
BEIDOU-3 M13            
1 43622U 18072A   23263.11734455  .00000029  00000+0  00000+0 0  9990
2 43622  55.7827  95.9370 0004162 295.8735  64.1512  1.86231540 34015
BEIDOU-3 M14            
1 43623U 18072B   23262.44585218  .00000028  00000+0  00000+0 0  9996
2 43623  55.7840  95.9521 0002687 350.0724   9.9921  1.86231558 33997
BEIDOU-3 M16            
1 43647U 18078A   23262.07169032 -.00000071  00000+0  00000+0 0  9998
2 43647  54.8995 334.8328 0005912   6.6374 353.4349  1.86227317 33497
BEIDOU-3 M15            
1 43648U 18078B   23262.73885855 -.00000070  00000+0  00000+0 0  9999
2 43648  54.8947 334.8137 0002743  16.2499 343.8226  1.86232268 33529
BEIDOU-3 G1             
1 43683U 18085A   23263.53591229 -.00000271  00000+0  00000+0 0  9997
2 43683   1.5470 123.2937 0003039 352.8033 216.0953  1.00273338 18023
COSMOS 2529             
1 43687U 18086A   23262.78231359  .00000065  00000+0  00000+0 0  9993
2 43687  64.3150 226.4957 0011070 262.8842  96.9776  2.13102030 37944
BEIDOU-3 M17            
1 43706U 18093A   23262.34983258  .00000049  00000+0  00000+0 0  9999
2 43706  54.2575 216.3195 0009987 282.4018  77.4652  1.86232005 32884
BEIDOU-3 M18            
1 43707U 18093B   23263.28987891  .00000051  00000+0  00000+0 0  9994
2 43707  54.2579 216.2792 0008353 308.6067  51.3015  1.86229792 32896
NAVSTAR 77 (USA 289)    
1 43873U 18109A   23263.45906420  .00000026  00000+0  00000+0 0  9996
2 43873  55.1976 131.7284 0025966 190.4451 237.5752  2.00569448 35005
BEIDOU-3 IGSO-1         
1 44204U 19023A   23263.36194771 -.00000195  00000+0  00000+0 0  9997
2 44204  57.2442  48.0765 0024026 195.1048   6.0782  1.00277700 16309
BEIDOU-2 G8             
1 44231U 19027A   23263.52250185 -.00000242  00000+0  00000+0 0  9994
2 44231   1.9943  81.0443 0006636 132.2325 118.3932  1.00266746 16041
COSMOS 2534             
1 44299U 19030A   23263.54411119  .00000068  00000+0  00000+0 0  9995
2 44299  64.3875 226.3978 0013239 282.3389  76.2247  2.13101891 33597
BEIDOU-3 IGSO-2         
1 44337U 19035A   23263.60079685 -.00000130  00000+0  00000+0 0  9999
2 44337  55.1518 167.6501 0032889 196.2014 331.3295  1.00269570 15638
NAVSTAR 78 (USA 293)    
1 44506U 19056A   23263.47140396 -.00000075  00000+0  00000+0 0  9991
2 44506  55.8230  10.8035 0037429 185.8009 150.4689  2.00565866 29997
BEIDOU-3 M24            
1 44542U 19061A   23263.36146732  .00000052  00000+0  00000+0 0  9999
2 44542  54.4846 216.5177 0008473 342.7964  17.1580  1.86231496 27155
BEIDOU-3 M23            
1 44543U 19061B   23263.10952410  .00000052  00000+0  00000+0 0  9990
2 44543  54.4830 216.4958 0005882 327.8325 135.1174  1.86231813 27154
BEIDOU-3 IGSO-3         
1 44709U 19073A   23263.47887629 -.00000150  00000+0  00000+0 0  9996
2 44709  56.5073 291.5810 0035261 190.2749 169.7196  1.00277258 14429
BEIDOU-3 M22            
1 44793U 19078A   23261.59602101 -.00000072  00000+0  00000+0 0  9998
2 44793  54.7482 334.8148 0004756  15.7495 344.3300  1.86232289 25974
BEIDOU-3 M21            
1 44794U 19078B   23262.80044894 -.00000070  00000+0  00000+0 0  9991
2 44794  54.7212 334.7548 0002750   2.6785 357.3864  1.86232657 26001
COSMOS 2544             
1 44850U 19088A   23263.09607776  .00000049  00000+0  00000+0 0  9996
2 44850  65.0837 107.2636 0011188 250.2477 109.7106  2.13102172 29388
BEIDOU-3 M19            
1 44864U 19090A   23263.59189692  .00000030  00000+0  00000+0 0  9991
2 44864  55.7174  96.1077 0015278 274.4606  89.9960  1.86231777 25605
BEIDOU-3 M20            
1 44865U 19090B   23262.91678747  .00000028  00000+0  00000+0 0  9998
2 44865  55.7185  96.1630 0013066 289.9285  71.6816  1.86231769 25575
BEIDOU-3 G2             
1 45344U 20017A   23263.51299425 -.00000134  00000+0  00000+0 0  9990
2 45344   2.0581  16.9751 0003183 160.6186  86.2770  1.00271286 13225
COSMOS 2545             
1 45358U 20018A   23263.29288019 -.00000060  00000+0  00000+0 0  9996
2 45358  64.8385 347.3702 0010515 238.9618 120.9904  2.13102564 27330
BEIDOU-3 G3             
1 45807U 20040A   23263.59007677 -.00000347  00000+0  00000+0 0  9990
2 45807   0.6046 347.0081 0005929 327.5984   7.5682  1.00267185 12032
NAVSTAR 79 (USA 304)    
1 45854U 20041A   23263.52088463  .00000002  00000+0  00000+0 0  9995
2 45854  55.8969  68.0856 0036866 186.6043 128.6650  2.00563112 23968
GALAXY 30 (G-30)        
1 46114U 20056C   23263.62488264  .00000043  00000+0  00000+0 0  9990
2 46114   0.0184 143.4098 0002099  31.1053 284.7142  1.00271361 11262
COSMOS 2547             
1 46805U 20075A   23263.01249977  .00000066  00000+0  00000+0 0  9992
2 46805  64.6150 225.9765 0008261 243.9735 115.9301  2.13102856 22577
NAVSTAR 80 (USA 309)    
1 46826U 20078A   23263.34895681  .00000056  00000+0  00000+0 0  9992
2 46826  54.3055 251.4140 0036183 195.0550 331.6209  2.00562727 21438
NAVSTAR 81 (USA 319)    
1 48859U 21054A   23263.41313627 -.00000075  00000+0  00000+0 0  9990
2 48859  55.3410  12.5839 0012661 212.3654 183.4649  2.00572719 16680
QZS-1R                  
1 49336U 21096A   23263.41844178 -.00000214  00000+0  00000+0 0  9992
2 49336  35.3843  94.6690 0744236 269.5923 279.6450  1.00287619  6978
GSAT0223 (GALILEO 27)   
1 49809U 21116A   23263.29562010 -.00000078  00000+0  00000+0 0  9996
2 49809  57.2807   8.6712 0003442 185.4216 185.4326  1.70476195 11129
GSAT0224 (GALILEO 28)   
1 49810U 21116B   23260.16048331 -.00000084  00000+0  00000+0 0  9993
2 49810  57.2808   8.7537 0002873 176.7344 182.4953  1.70476406 11083
COSMOS 2557             
1 52984U 22075A   23262.23665830 -.00000061  00000+0  00000+0 0  9998
2 52984  64.7560 349.5644 0012264 275.2278  84.6854  2.13102318  9365
COSMOS 2559             
1 54031U 22130A   23263.58647076 -.00000061  00000+0  00000+0 0  9996
2 54031  64.7269 349.6445 0007414 219.5722 140.4261  2.13101528  7365
COSMOS 2564             
1 54377U 22161A   23262.37170709  .00000063  00000+0  00000+0 0  9994
2 54377  64.7559 226.0537 0010529 225.7285 134.1714  2.13102165  6285
NAVSTAR 82 (USA 343)    
1 55268U 23009A   23262.59589436  .00000032  00000+0  00000+0 0  9997
2 55268  55.0881 187.8164 0004614  91.7836 114.4272  2.00554732  5159
BEIDOU-3 G4             
1 56564U 23066A   23263.48251454 -.00000106  00000+0  00000+0 0  9998
2 56564   2.8074 288.7363 0006782 214.7581 189.3597  1.00272470  1362
IRNSS-1J (NVS-01)       
1 56759U 23076A   23263.34758394 -.00000333  00000+0  00000+0 0  9997
2 56759   4.7015 271.7724 0006176 335.5873   6.1416  1.00266090  1075
