NAVSTAR 43 (USA 132)    
1 24876U 97035A   23251.08656757 -.00000044  00000+0  00000+0 0  9995
2 24876  55.5878 138.1982 0072727  52.4079 308.3106  2.00564105191635
NAVSTAR 47 (USA 150)    
1 26360U 00025A   23251.22284608 -.00000041  00000+0  00000+0 0  9993
2 26360  54.4363  60.4428 0041508 199.4422 348.7708  2.00570558170958
NAVSTAR 51 (USA 166)    
1 27663U 03005A   23250.73870914  .00000049  00000+0  00000+0 0  9994
2 27663  55.2445 255.2745 0131962  44.6960 133.6072  2.00565856150984
NAVSTAR 52 (USA 168)    
1 27704U 03010A   23251.16130091 -.00000115  00000+0  00000+0 0  9994
2 27704  55.1155   5.2167 0248788 318.8233  23.0250  2.00575132149786
NAVSTAR 54 (USA 177)    
1 28190U 04009A   23251.25583243 -.00000071  00000+0  00000+0 0  9995
2 28190  55.6872 316.3138 0092865 138.8830 209.2254  2.00567260142628
NAVSTAR 56 (USA 180)    
1 28474U 04045A   23251.16492903 -.00000114  00000+0  00000+0 0  9990
2 28474  55.4426   5.5393 0162429 282.6480  55.4565  2.00580166138103
ANIK F1R                
1 28868U 05036A   23251.62715619 -.00000086  00000+0  00000+0 0  9999
2 28868   1.6986  88.9860 0002102  65.4771 311.4330  1.00272747 36305
NAVSTAR 57 (USA 183)    
1 28874U 05038A   23251.24981775 -.00000065  00000+0  00000+0 0  9991
2 28874  55.7385 313.7661 0139640 279.5622  85.8363  2.00575279131529
INMARSAT 4-F2           
1 28899U 05044A   23251.51073429 -.00000001  00000+0  00000+0 0  9993
2 28899   3.8614  40.7039 0002776 143.5268  50.8458  1.00271712 65365
NAVSTAR 58 (USA 190)    
1 29486U 06042A   23251.53891520 -.00000017  00000+0  00000+0 0  9994
2 29486  54.6845 191.4891 0103215  32.2018  83.5331  2.00569539124081
NAVSTAR 59 (USA 192)    
1 29601U 06052A   23251.29878258  .00000049  00000+0  00000+0 0  9994
2 29601  55.2652 254.2118 0083308  79.4012 281.5591  2.00549834123094
NAVSTAR 60 (USA 196)    
1 32260U 07047A   23251.11477550 -.00000039  00000+0  00000+0 0  9995
2 32260  53.4662 121.9841 0151539  70.7220 290.9859  2.00551313116492
COSMOS 2433             
1 32275U 07052A   23250.78653929 -.00000100  00000+0  00000+0 0  9994
2 32275  66.0210 349.8208 0003843 220.0497 139.9494  2.13104196123464
COSMOS 2432             
1 32276U 07052B   23250.81356271 -.00000100  00000+0  00000+0 0  9999
2 32276  66.0353 349.9287 0008257 319.4269   8.3554  2.13103299123486
NAVSTAR 61 (USA 199)    
1 32384U 07062A   23251.42947380 -.00000066  00000+0  00000+0 0  9996
2 32384  55.8703 314.5806 0024864 150.5870 206.9929  2.00559047115193
COSMOS 2434             
1 32393U 07065A   23250.74110035  .00000062  00000+0  00000+0 0  9997
2 32393  64.3369 226.1897 0000277  79.2763 137.0472  2.13103099122173
COSMOS 2436             
1 32395U 07065C   23251.45649867  .00000056  00000+0  00000+0 0  9991
2 32395  64.3455 226.2271 0015774 352.9223 187.7471  2.13102805122140
NAVSTAR 62 (USA 201)    
1 32711U 08012A   23251.02873932 -.00000012  00000+0  00000+0 0  9994
2 32711  54.4519 190.3395 0177561 235.8732 122.4179  2.00557386113435
NAVSTAR 64 (USA 206)    
1 35752U 09043A   23251.29370628 -.00000030  00000+0  00000+0 0  9990
2 35752  55.4372  67.5589 0058341  69.1219 138.8927  2.00557786103045
COSMOS 2456             
1 36111U 09070A   23251.42965745  .00000002  00000+0  00000+0 0  9993
2 36111  64.4918 105.6655 0002052 335.7694 207.9196  2.13099279106845
COSMOS 2457             
1 36112U 09070B   23251.48767331  .00000003  00000+0  00000+0 0  9992
2 36112  64.4758 105.5288 0005805 147.1380 211.8760  2.13101441106841
COSMOS 2460             
1 36402U 10007C   23251.43410360 -.00000101  00000+0  00000+0 0  9998
2 36402  65.8831 348.5141 0001516 178.9745 127.3848  2.13106366105140
NAVSTAR 65 (USA 213)    
1 36585U 10022A   23251.40416959  .00000049  00000+0  00000+0 0  9994
2 36585  54.5644 249.4221 0109323  59.6668 344.6865  2.00562214 97283
BEIDOU-2 IGSO-1         
1 36828U 10036A   23251.34035601 -.00000155  00000+0  00000+0 0  9992
2 36828  54.2362 172.1359 0036676 188.9386 215.3840  1.00252383 48054
QZS-1 (MICHIBIKI-1)     
1 37158U 10045A   23249.68402778 -.00000039  00000+0  00000+0 0  9997
2 37158  43.0227 127.4265 0003098 164.9546  55.5572  0.87715049 47490
BEIDOU-2 G4             
1 37210U 10057A   23251.52202309 -.00000125  00000+0  00000+0 0  9999
2 37210   1.1851  61.0606 0006295 154.9620 119.1374  1.00271642 47133
BEIDOU-2 IGSO-2         
1 37256U 10068A   23251.51961059 -.00000166  00000+0  00000+0 0  9999
2 37256  49.4004 284.2526 0032572 212.1146 146.1258  1.00282978 46634
BEIDOU-2 IGSO-3         
1 37384U 11013A   23251.37609250 -.00000160  00000+0  00000+0 0  9992
2 37384  60.9466  49.8539 0027904 174.3370   6.4833  1.00281026 45501
GSAT-8                  
1 37605U 11022A   23251.58061345  .00000072  00000+0  00000+0 0  9999
2 37605   0.0173 123.2048 0005256 126.0356   2.2228  1.00273191 43068
NAVSTAR 66 (USA 232)    
1 37753U 11036A   23251.15524510 -.00000108  00000+0  00000+0 0  9990
2 37753  56.7444  11.3194 0127055  56.3362 254.3399  2.00568644 88951
BEIDOU-2 IGSO-4         
1 37763U 11038A   23251.27863269 -.00000146  00000+0  00000+0 0  9995
2 37763  54.5102 174.6786 0112100 228.1398 140.1312  1.00273420 44494
GSAT0101 (GALILEO-PFM)  
1 37846U 11060A   23250.81624991 -.00000108  00000+0  00000+0 0  9996
2 37846  57.1101   9.2052 0001525  76.0443 283.9755  1.70475997 73840
GSAT0102 (GALILEO-FM2)  
1 37847U 11060B   23251.31835299 -.00000108  00000+0  00000+0 0  9998
2 37847  57.1107   9.1916 0001180 338.2683  16.1685  1.70475403 73852
COSMOS 2476             
1 37867U 11064A   23250.62261538 -.00000006  00000+0  00000+0 0  9993
2 37867  64.7712 107.2219 0021207 232.2848 321.6161  2.13101794 92169
COSMOS 2477             
1 37868U 11064B   23250.38382434 -.00000008  00000+0  00000+0 0  9998
2 37868  64.7781 107.2994 0018415 232.6298 315.9629  2.13101685 92159
COSMOS 2475             
1 37869U 11064C   23251.42332236  .00000001  00000+0  00000+0 0  9992
2 37869  64.7857 107.2764 0022556 250.8199 333.7216  2.13102077 92181
BEIDOU-2 IGSO-5         
1 37948U 11073A   23251.55049429 -.00000119  00000+0  00000+0 0  9994
2 37948  49.5256 283.9204 0095216 220.3062 137.2769  1.00271998 42974
LUCH-5A                 
1 37951U 11074B   23251.42825042 -.00000058  00000+0  00000+0 0  9990
2 37951   6.1532  89.6229 0004680  66.2063 152.6873  1.00275472 42894
BEIDOU-2 G5             
1 38091U 12008A   23251.50969002  .00000045  00000+0  00000+0 0  9993
2 38091   1.7192  68.4944 0003445 173.8264 347.1547  1.00274443 42210
BEIDOU-2 M3             
1 38250U 12018A   23250.42011470 -.00000118  00000+0  00000+0 0  9990
2 38250  56.5093 338.7730 0023564 255.5194 104.2570  1.86231198 77068
BEIDOU-2 M4             
1 38251U 12018B   23251.42544843 -.00000115  00000+0  00000+0 0  9994
2 38251  56.4194 338.0324 0014461 255.2163 104.6625  1.86231922 77083
SES-5                   
1 38652U 12036A   23251.35563498  .00000022  00000+0  00000+0 0  9994
2 38652   0.0524 309.7086 0001876 224.9470 305.4986  1.00272019 34330
BEIDOU-2 M6             
1 38775U 12050B   23250.59843262 -.00000027  00000+0  00000+0 0  9997
2 38775  55.6932  96.6575 0011583 339.9928  20.0363  1.86231308 74435
GSAT-10                 
1 38779U 12051B   23251.55604840 -.00000177  00000+0  00000+0 0  9992
2 38779   0.0512 271.8222 0002085 341.0075  17.7041  1.00271012 39964
NAVSTAR 67 (USA 239)    
1 38833U 12053A   23251.20580480 -.00000023  00000+0  00000+0 0  9990
2 38833  53.5127 185.0348 0142226  52.0075 309.2568  2.00567280 79127
GSAT0103 (GALILEO-FM3)  
1 38857U 12055A   23249.09567318 -.00000024  00000+0  00000+0 0  9998
2 38857  55.2824 129.4445 0002775 265.7158  94.3282  1.70473717 67708
GSAT0104 (GALILEO-FM4)  
1 38858U 12055B   23250.82487794 -.00000025  00000+0  00000+0 0  9992
2 38858  55.2834 129.3986 0000274 189.1883 170.8852  1.70474012 67730
BEIDOU-2 G6             
1 38953U 12059A   23251.55604840 -.00000186  00000+0  00000+0 0  9994
2 38953   1.8359  81.9315 0006988 310.4776 239.0697  1.00268740 39750
LUCH-5B                 
1 38977U 12061A   23251.19980258 -.00000146  00000+0  00000+0 0  9999
2 38977   8.2640  59.0907 0005759 111.8900 231.6535  1.00273367 39457
COSMOS 2485             
1 39155U 13019A   23251.25038381 -.00000001  00000+0  00000+0 0  9990
2 39155  64.9315 107.7249 0021715 228.1222 131.7726  2.13102017 80695
NAVSTAR 68 (USA 242)    
1 39166U 13023A   23250.56954679 -.00000061  00000+0  00000+0 0  9993
2 39166  55.3541 309.9875 0114268  41.7002 319.2264  2.00564325 75553
IRNSS-1A                
1 39199U 13034A   23250.11299378  .00000068  00000+0  00000+0 0  9996
2 39199  33.4293  78.6497 0020286 176.4769 186.7345  1.00280395 37200
NAVSTAR 69 (USA 248)    
1 39533U 14008A   23251.56545175 -.00000020  00000+0  00000+0 0  9998
2 39533  53.5998 190.5783 0067222 215.7548 143.7786  2.00551933 69377
ASTRA 5B                
1 39617U 14011B   23251.57434782  .00000125  00000+0  00000+0 0  9992
2 39617   0.0865 300.2115 0003215 255.6987  21.7183  1.00269710 34513
COSMOS 2492             
1 39620U 14012A   23250.73657357 -.00000100  00000+0  00000+0 0  9993
2 39620  65.7669 348.1554 0011405 316.0607  43.8781  2.13103190 73646
IRNSS-1B                
1 39635U 14017A   23251.58078750  .00000117  00000+0  00000+0 0  9999
2 39635  28.6974 257.5941 0019732 192.3693 161.5874  1.00275935 34632
LUCH-5V                 
1 39727U 14023A   23251.55049429 -.00000281  00000+0  00000+0 0  9999
2 39727   2.5840  77.2687 0003681 135.5311  67.4454  1.00269949 34202
NAVSTAR 70 (USA 251)    
1 39741U 14026A   23251.34840235 -.00000109  00000+0  00000+0 0  9998
2 39741  56.6970  10.8342 0029106 310.7802  48.9753  2.00556962 68225
COSMOS 2500             
1 40001U 14032A   23250.45056582 -.00000100  00000+0  00000+0 0  9992
2 40001  65.7052 347.9921 0008076 198.7637 161.2364  2.13105917 71852
NAVSTAR 71 (USA 256)    
1 40105U 14045A   23250.93328854 -.00000041  00000+0  00000+0 0  9992
2 40105  54.8137 128.9283 0024989 113.2143 247.1183  2.00577994 65752
GSAT0201 (GALILEO 5)    
1 40128U 14050A   23250.03795509 -.00000089  00000+0  00000+0 0  9991
2 40128  49.9326 314.4591 1608846 140.4798 232.4485  1.85519266 59503
GSAT0202 (GALILEO 6)    
1 40129U 14050B   23250.83632538 -.00000082  00000+0  00000+0 0  9995
2 40129  49.9511 313.4987 1606699 141.3208 231.3756  1.85520012 61680
IRNSS-1C                
1 40269U 14061A   23251.51456330 -.00000174  00000+0  00000+0 0  9994
2 40269   3.9726 112.5828 0020003  18.0017 124.9732  1.00270066 32532
NAVSTAR 72 (USA 258)    
1 40294U 14068A   23250.81209515 -.00000028  00000+0  00000+0 0  9990
2 40294  56.1807  70.3237 0049133  61.9977 298.5440  2.00572068 64887
COSMOS 2501             
1 40315U 14075A   23251.16975923  .00000056  00000+0  00000+0 0  9994
2 40315  63.6403 225.5259 0019949 211.2868 148.5876  2.13101358 68262
NAVSTAR 73 (USA 260)    
1 40534U 15013A   23251.44691434  .00000045  00000+0  00000+0 0  9991
2 40534  53.4631 246.1193 0080550  25.3318 335.0701  2.00554491 61518
GSAT0203 (GALILEO 7)    
1 40544U 15017A   23250.00912571 -.00000108  00000+0  00000+0 0  9996
2 40544  56.9052   9.1996 0003163 226.1111 133.8659  1.70476260 51911
GSAT0204 (GALILEO 8)    
1 40545U 15017B   23251.43593026 -.00000109  00000+0  00000+0 0  9996
2 40545  56.9115   9.1752 0003558 209.4142 150.5685  1.70475793 14978
IRNSS-1D                
1 40547U 15018A   23251.44849531 -.00000269  00000+0  00000+0 0  9992
2 40547  28.0668 257.5655 0019848 192.8441 170.0613  1.00269797 30839
BEIDOU-3S IGSO-1S       
1 40549U 15019A   23250.70445980 -.00000155  00000+0  00000+0 0  9997
2 40549  51.0922 307.5313 0041048 195.9597 190.1560  1.00255743 30919
NAVSTAR 74 (USA 262)    
1 40730U 15033A   23251.11002013 -.00000055  00000+0  00000+0 0  9996
2 40730  54.8421 308.5780 0085299  13.9606 346.3367  2.00555119 59676
BEIDOU-3S M2S           
1 40748U 15037A   23249.48036030 -.00000116  00000+0  00000+0 0  9990
2 40748  55.6609 336.6952 0011345 241.1649 118.7612  1.86233188 55221
BEIDOU-3S M1S           
1 40749U 15037B   23250.82436323 -.00000116  00000+0  00000+0 0  9990
2 40749  55.6631 336.6359 0003285 299.6880  60.3191  1.86232974 55256
GSAT0205 (GALILEO 9)    
1 40889U 15045A   23251.20387561  .00000041  00000+0  00000+0 0  9992
2 40889  55.3622 249.5890 0003379 358.4174   1.5922  1.70473448 49746
GSAT0206 (GALILEO 10)   
1 40890U 15045B   23247.31844457  .00000034  00000+0  00000+0 0  9995
2 40890  55.3631 249.6919 0002361 323.6055  36.3796  1.70473376 49704
BEIDOU-3S IGSO-2S       
1 40938U 15053A   23251.51717396 -.00000091  00000+0  00000+0 0  9999
2 40938  50.8028 270.6940 0048148 194.2696 164.6792  1.00282616 29191
NAVSTAR 75 (USA 265)    
1 41019U 15062A   23251.16257652 -.00000026  00000+0  00000+0 0  9993
2 41019  56.1646  70.1600 0089260 221.0181 138.3522  2.00562345 57518
GSAT-15                 
1 41028U 15065A   23251.55604840 -.00000270  00000+0  00000+0 0  9995
2 41028   0.0530 274.6300 0001845 239.2626 127.1443  1.00272494 28646
GSAT0209 (GALILEO 12)   
1 41174U 15079A   23251.00969154 -.00000024  00000+0  00000+0 0  9991
2 41174  55.3009 129.0987 0003021 331.9040  28.1541  1.70474047 47504
GSAT0208 (GALILEO 11)   
1 41175U 15079B   23251.22929910 -.00000024  00000+0  00000+0 0  9992
2 41175  55.2993 129.0909 0002544 331.7638  28.2972  1.70474006 47920
IRNSS-1E                
1 41241U 16003A   23251.44849531 -.00000305  00000+0  00000+0 0  9990
2 41241  30.9856  77.7324 0020420 175.9626   6.8997  1.00274554 27926
NAVSTAR 76 (USA 266)    
1 41328U 16007A   23251.25431921 -.00000040  00000+0  00000+0 0  9995
2 41328  55.0179 129.6947 0071409 233.8519 125.5539  2.00575483 55528
COSMOS 2514             
1 41330U 16008A   23251.15109811 -.00000101  00000+0  00000+0 0  9996
2 41330  65.5022 347.5490 0011832 207.7835 152.1834  2.13102567 59030
IRNSS-1F                
1 41384U 16015A   23251.57600125  .00000146  00000+0  00000+0 0  9991
2 41384   2.9416 129.6293 0018517 176.9319 280.3548  1.00271477 27518
BEIDOU-2 IGSO-6         
1 41434U 16021A   23251.33633865 -.00000141  00000+0  00000+0 0  9991
2 41434  58.7607  48.2231 0047232 218.0079 298.4903  1.00282539 27325
IRNSS-1G                
1 41469U 16027A   23251.54841088 -.00000348  00000+0  00000+0 0  9995
2 41469   2.8314 131.2899 0002685 354.0291 188.8958  1.00277138 27029
GSAT0211 (GALILEO 14)   
1 41549U 16030A   23250.17706740  .00000042  00000+0  00000+0 0  9991
2 41549  55.5090 249.5934 0003960 309.2510  50.7225  1.70473515 45387
GSAT0210 (GALILEO 13)   
1 41550U 16030B   23251.05518232  .00000042  00000+0  00000+0 0  9998
2 41550  55.5078 249.5705 0004194 276.0956  83.8671  1.70473620 45396
COSMOS 2516             
1 41554U 16032A   23247.51170507  .00000060  00000+0  00000+0 0  9999
2 41554  63.8671 226.0542 0015487 214.6526 145.2336  2.13106404 56561
BEIDOU-2 G7             
1 41586U 16037A   23251.54493722 -.00000366  00000+0  00000+0 0  9994
2 41586   1.8803  68.5007 0006734 344.1614 241.3952  1.00269236 26637
EUTELSAT 117 WEST B     
1 41589U 16038B   23251.62129750 -.00000024  00000+0  00000+0 0  9995
2 41589   0.0277  19.0982 0000248  86.9787 348.0133  1.00272041 26516
GSAT0207 (GALILEO 15)   
1 41859U 16069A   23250.13036528 -.00000026  00000+0  00000+0 0  9996
2 41859  54.9635 129.1943 0002913 309.3976  50.6506  1.70473959 42117
GSAT0212 (GALILEO 16)   
1 41860U 16069B   23248.22529093 -.00000020  00000+0  00000+0 0  9993
2 41860  54.9600 129.2439 0002288   0.6676 359.4114  1.70474068 42336
GSAT0213 (GALILEO 17)   
1 41861U 16069C   23250.93770931 -.00000025  00000+0  00000+0 0  9999
2 41861  54.9634 129.1746 0002369 277.1959  82.8512  1.70472860 42246
GSAT0214 (GALILEO 18)   
1 41862U 16069D   23251.08494650 -.00000025  00000+0  00000+0 0  9998
2 41862  54.9621 129.1643 0001721 286.6121  73.4432  1.70472699 42377
SES-15                  
1 42709U 17026A   23251.61394073  .00000048  00000+0  00000+0 0  9994
2 42709   0.0269  43.5784 0000352 165.6846 230.0014  1.00269008 23986
QZS-2 (MICHIBIKI-2)     
1 42738U 17028A   23251.34342666 -.00000147  00000+0  00000+0 0  9990
2 42738  41.0383 257.8091 0751569 270.1420  83.8642  1.00263950 22995
QZS-3 (MICHIBIKI-3)     
1 42917U 17048A   23251.53903590 -.00000360  00000+0  00000+0 0  9998
2 42917   0.0576 196.6880 0002221 358.1229 113.6276  1.00270462 22101
COSMOS 2522             
1 42939U 17055A   23249.58507746  .00000067  00000+0  00000+0 0  9998
2 42939  64.1009 226.5084 0009769 243.3683 116.5246  2.13101985 46359
QZS-4 (MICHIBIKI-4)     
1 42965U 17062A   23250.61160521 -.00000354  00000+0  00000+0 0  9997
2 42965  40.6343 356.4038 0748362 269.3427  80.3530  1.00280196 21649
BEIDOU-3 M1             
1 43001U 17069A   23250.90172499 -.00000024  00000+0  00000+0 0  9999
2 43001  55.8449  96.7062 0007698 302.4715  57.5294  1.86231713 39733
BEIDOU-3 M2             
1 43002U 17069B   23249.22759639 -.00000033  00000+0  00000+0 0  9990
2 43002  55.8427  96.7986 0006255 334.4497  25.5928  1.86231187 39694
GSAT0215 (GALILEO 19)   
1 43055U 17079A   23250.98702073  .00000042  00000+0  00000+0 0  9993
2 43055  55.4850 249.3971 0003712 269.6033  90.3643  1.70474147 35719
GSAT0216 (GALILEO 20)   
1 43056U 17079B   23246.58625198  .00000032  00000+0  00000+0 0  9996
2 43056  55.4873 249.5184 0005310 274.6738  85.2661  1.70474233 35659
GSAT0217 (GALILEO 21)   
1 43057U 17079C   23250.32612422  .00000042  00000+0  00000+0 0  9991
2 43057  55.4838 249.4142 0004644 286.6111  73.3466  1.70474247 35703
GSAT0218 (GALILEO 22)   
1 43058U 17079D   23249.37300422  .00000041  00000+0  00000+0 0  9998
2 43058  55.4844 249.4380 0005753 271.9733  87.9669  1.70474206 35716
BEIDOU-3 M7             
1 43107U 18003A   23251.12620309 -.00000117  00000+0  00000+0 0  9991
2 43107  55.1161 337.3544 0003433  78.5203 281.5570  1.86232559 38496
BEIDOU-3 M8             
1 43108U 18003B   23250.52738288 -.00000118  00000+0  00000+0 0  9992
2 43108  55.1094 337.3619 0004064 243.2275 116.7696  1.86230982 38481
BEIDOU-3 M4             
1 43207U 18018A   23250.96973864 -.00000023  00000+0  00000+0 0  9992
2 43207  55.8035  96.8027 0004940  14.9554 345.1348  1.86231652 37878
BEIDOU-3 M3             
1 43208U 18018B   23251.03639425 -.00000023  00000+0  00000+0 0  9994
2 43208  55.8031  96.8049 0005719 320.5577  39.4764  1.86231546 37872
BEIDOU-3 M9             
1 43245U 18029A   23251.25919885 -.00000113  00000+0  00000+0 0  9992
2 43245  55.0099 335.0829 0001483 216.3918 143.6398  1.86232799 37038
BEIDOU-3 M10            
1 43246U 18029B   23250.65227235 -.00000115  00000+0  00000+0 0  9999
2 43246  55.0077 335.1327 0002694 355.2374   4.8012  1.86233007 37015
IRNSS-1I                
1 43286U 18035A   23251.15048234  .00000076  00000+0  00000+0 0  9991
2 43286  29.2594  90.1283 0019615 176.0284 190.0286  1.00273478 19928
COSMOS 2527             
1 43508U 18053A   23251.42084540  .00000001  00000+0  00000+0 0  9996
2 43508  65.0930 107.8127 0007339 218.4097 141.6191  2.13102492 40690
BEIDOU-2 IGSO-7         
1 43539U 18057A   23251.41904691 -.00000166  00000+0  00000+0 0  9994
2 43539  55.1204 171.8234 0064416 231.2087 208.4896  1.00282582 18995
GSAT0221 (GALILEO 25)   
1 43564U 18060A   23249.85933313 -.00000108  00000+0  00000+0 0  9990
2 43564  57.2858   9.1324 0002819 253.2471 106.7251  1.70476117 31877
GSAT0222 (GALILEO 26)   
1 43565U 18060B   23250.66400652 -.00000108  00000+0  00000+0 0  9997
2 43565  57.2893   9.1120 0003446 211.4248 148.5575  1.70475917 31933
GSAT0219 (GALILEO 23)   
1 43566U 18060C   23250.88633235 -.00000108  00000+0  00000+0 0  9997
2 43566  57.2884   9.1081 0001927 255.1951 104.7864  1.70476190 31915
GSAT0220 (GALILEO 24)   
1 43567U 18060D   23250.52017087 -.00000108  00000+0  00000+0 0  9990
2 43567  57.2882   9.1176 0002355 249.4676 110.5101  1.70476080 31899
BEIDOU-3 M5             
1 43581U 18062A   23250.87253808  .00000032  00000+0  00000+0 0  9994
2 43581  54.1778 216.7914 0005239 280.5620  79.3540  1.86231989 34762
BEIDOU-3 M6             
1 43582U 18062B   23251.27544931  .00000027  00000+0  00000+0 0  9994
2 43582  54.1774 216.7673 0005051 356.0178   3.9526  1.86229829 34778
BEIDOU-3 M12            
1 43602U 18067A   23251.21170994  .00000026  00000+0  00000+0 0  9999
2 43602  54.2647 215.4254 0007014  12.5263 347.4651  1.86231545 34258
BEIDOU-3 M11            
1 43603U 18067B   23250.80858798  .00000031  00000+0  00000+0 0  9995
2 43603  54.2616 215.4048 0004121 357.0130   2.9591  1.86231492 34271
BEIDOU-3 M13            
1 43622U 18072A   23250.23051878 -.00000029  00000+0  00000+0 0  9991
2 43622  55.7725  96.3679 0004443 299.2869  60.7423  1.86231676 33772
BEIDOU-3 M14            
1 43623U 18072B   23250.09597505 -.00000030  00000+0  00000+0 0  9990
2 43623  55.7742  96.3652 0003053 348.3049  11.7615  1.86231645 33769
BEIDOU-3 M16            
1 43647U 18078A   23250.79540735 -.00000115  00000+0  00000+0 0  9996
2 43647  54.9066 335.2213 0005912   9.0725 350.9792  1.86227363 33284
BEIDOU-3 M15            
1 43648U 18078B   23250.92593051 -.00000114  00000+0  00000+0 0  9990
2 43648  54.9019 335.2207 0002784  21.7774 338.2756  1.86232316 33301
BEIDOU-3 G1             
1 43683U 18085A   23251.53382604 -.00000293  00000+0  00000+0 0  9993
2 43683   1.5229 124.0844 0002404   1.6223 193.7112  1.00266276 17903
COSMOS 2529             
1 43687U 18086A   23250.11232527  .00000066  00000+0  00000+0 0  9996
2 43687  64.3162 226.9265 0011420 262.3431  97.5214  2.13102070 37670
BEIDOU-3 M17            
1 43706U 18093A   23251.07394468  .00000030  00000+0  00000+0 0  9996
2 43706  54.2601 216.7022 0010316 280.2938  79.5647  1.86232080 32679
BEIDOU-3 M18            
1 43707U 18093B   23250.93994735  .00000031  00000+0  00000+0 0  9995
2 43707  54.2610 216.6983 0008514 305.1604  54.7348  1.86229895 32661
NAVSTAR 77 (USA 289)    
1 43873U 18109A   23251.14706225 -.00000042  00000+0  00000+0 0  9999
2 43873  55.1937 132.2145 0025650 190.9887 346.8688  2.00569076 34752
BEIDOU-3 IGSO-1         
1 44204U 19023A   23249.82698667 -.00000204  00000+0  00000+0 0  9996
2 44204  57.2248  48.2146 0023454 194.2371 160.6888  1.00281905 16161
BEIDOU-2 G8             
1 44231U 19027A   23251.56153362 -.00000260  00000+0  00000+0 0  9994
2 44231   1.9661  81.1206 0006588 131.9337 120.9963  1.00270803 15929
COSMOS 2534             
1 44299U 19030A   23251.40798557  .00000057  00000+0  00000+0 0  9999
2 44299  64.3888 226.8091 0013546 281.2714 126.8624  2.13102026 33348
BEIDOU-3 IGSO-2         
1 44337U 19035A   23251.40047285 -.00000171  00000+0  00000+0 0  9990
2 44337  55.1531 167.7567 0032989 197.0799 246.2939  1.00273546 15510
NAVSTAR 78 (USA 293)    
1 44506U 19056A   23251.48170764 -.00000109  00000+0  00000+0 0  9999
2 44506  55.8220  11.2764 0037051 185.3823 133.6678  2.00565841 29758
BEIDOU-3 M24            
1 44542U 19061A   23251.01163246  .00000031  00000+0  00000+0 0  9994
2 44542  54.4873 216.9350 0008404 339.5094  20.4318  1.86231498 26926
BEIDOU-3 M23            
1 44543U 19061B   23251.40759469  .00000026  00000+0  00000+0 0  9990
2 44543  54.4858 216.8906 0005899 322.7828 214.5290  1.86231903 26937
BEIDOU-3 IGSO-3         
1 44709U 19073A   23251.51249554 -.00000152  00000+0  00000+0 0  9999
2 44709  56.5270 291.7083 0035180 190.0464 169.9739  1.00280922 14308
BEIDOU-3 M22            
1 44793U 19078A   23251.39394300 -.00000113  00000+0  00000+0 0  9990
2 44793  54.7545 335.1675 0004780  17.9790 342.0794  1.86232323 25782
BEIDOU-3 M21            
1 44794U 19078B   23250.98755148 -.00000114  00000+0  00000+0 0  9997
2 44794  54.7285 335.1636 0002748   8.9756 351.0705  1.86232774 25787
COSMOS 2544             
1 44850U 19088A   23250.42605579 -.00000008  00000+0  00000+0 0  9994
2 44850  65.0785 107.6889 0011319 251.9509 108.0045  2.13102234 29118
BEIDOU-3 M19            
1 44864U 19090A   23251.41429343 -.00000019  00000+0  00000+0 0  9997
2 44864  55.7079  96.5145 0015343 276.0008 203.9440  1.86231942 25375
BEIDOU-3 M20            
1 44865U 19090B   23250.95362637 -.00000024  00000+0  00000+0 0  9994
2 44865  55.7093  96.5626 0013260 291.3646 329.5086  1.86231875 25343
BEIDOU-3 G2             
1 45344U 20017A   23251.51395413 -.00000153  00000+0  00000+0 0  9992
2 45344   2.0505  16.4116 0003148 160.9454  75.0105  1.00272863 13100
COSMOS 2545             
1 45358U 20018A   23250.15356583 -.00000100  00000+0  00000+0 0  9994
2 45358  64.8427 347.8255 0010024 237.3585 122.5749  2.13102611 27053
BEIDOU-3 G3             
1 45807U 20040A   23251.54493722 -.00000366  00000+0  00000+0 0  9993
2 45807   0.6122 344.5777 0005978 330.1360 339.3779  1.00274019 11916
NAVSTAR 79 (USA 304)    
1 45854U 20041A   23250.62856571 -.00000032  00000+0  00000+0 0  9999
2 45854  55.8859  68.5926 0036170 186.1132 180.2875  2.00563597 23714
GALAXY 30 (G-30)        
1 46114U 20056C   23251.54381571  .00000025  00000+0  00000+0 0  9991
2 46114   0.0206 141.8576 0002615  44.4010 231.8516  1.00271757 11137
COSMOS 2547             
1 46805U 20075A   23251.28106306  .00000058  00000+0  00000+0 0  9997
2 46805  64.6160 226.3707 0008512 244.0291 115.8773  2.13102944 22320
NAVSTAR 80 (USA 309)    
1 46826U 20078A   23251.40187052  .00000047  00000+0  00000+0 0  9992
2 46826  54.3107 251.8984 0036074 194.7698 345.4893  2.00562909 21191
NAVSTAR 81 (USA 319)    
1 48859U 21054A   23251.40342209 -.00000108  00000+0  00000+0 0  9991
2 48859  55.3395  13.0635 0012321 211.6341 152.1905  2.00573592 16442
QZS-1R                  
1 49336U 21096A   23223.77030010 -.00000338  00000+0  00000+0 0  9996
2 49336  35.3027  95.2768 0759716 272.3783 359.4413  1.00237636  6587
GSAT0223 (GALILEO 27)   
1 49809U 21116A   23250.37505559 -.00000108  00000+0  00000+0 0  9990
2 49809  57.2798   9.0174 0003355 179.9271 181.2690  1.70476243 10904
GSAT0224 (GALILEO 28)   
1 49810U 21116B   23251.37265096 -.00000108  00000+0  00000+0 0  9992
2 49810  57.2805   8.9888 0002816 174.3586 191.5664  1.70476310 10948
COSMOS 2557             
1 52984U 22075A   23250.97437072 -.00000102  00000+0  00000+0 0  9997
2 52984  64.7592 349.9559 0011913 275.4804  84.4111  2.13102368  9129
COSMOS 2559             
1 54031U 22130A   23249.97783285 -.00000100  00000+0  00000+0 0  9990
2 54031  64.7307 350.1181 0007155 217.1675 142.8105  2.13101551  7072
COSMOS 2564             
1 54377U 22161A   23251.10948786  .00000060  00000+0  00000+0 0  9998
2 54377  64.7568 226.4302 0010842 226.3448 133.5597  2.13102182  6040
NAVSTAR 82 (USA 343)    
1 55268U 23009A   23251.58580762 -.00000022  00000+0  00000+0 0  9997
2 55268  55.0885 188.2474 0004386  91.2652  85.4140  2.00555520  4931
BEIDOU-3 G4             
1 56564U 23066A   23251.59478223 -.00000124  00000+0  00000+0 0  9992
2 56564   2.8344 288.7808 0006723 214.1437 218.5725  1.00273177  1245
IRNSS-1J (NVS-01)       
1 56759U 23076A   23251.52378767 -.00000350  00000+0  00000+0 0  9995
2 56759   4.7293 271.9832 0006125 336.0058  57.3886  1.00272212   969
