NAVSTAR 43 (USA 132)    
1 24876U 97035A   23229.64764058  .00000002  00000+0  00000+0 0  9999
2 24876  55.5839 139.0361 0071740  51.9204 308.7594  2.00564055191001
NAVSTAR 47 (USA 150)    
1 26360U 00025A   23231.17397425 -.00000036  00000+0  00000+0 0  9991
2 26360  54.4179  61.2642 0041308 198.7038 272.6293  2.00571984170546
NAVSTAR 51 (USA 166)    
1 27663U 03005A   23230.78207185  .00000033  00000+0  00000+0 0  9994
2 27663  55.2539 256.0695 0131501  44.6295 123.7454  2.00567042150579
NAVSTAR 52 (USA 168)    
1 27704U 03010A   23231.26933289 -.00000088  00000+0  00000+0 0  9992
2 27704  55.1154   6.0191 0248368 318.3815  59.7106  2.00574265149384
NAVSTAR 54 (USA 177)    
1 28190U 04009A   23231.33276259 -.00000060  00000+0  00000+0 0  9996
2 28190  55.7031 317.1061 0093071 137.8528 224.5606  2.00567884142266
NAVSTAR 56 (USA 180)    
1 28474U 04045A   23230.35260755 -.00000092  00000+0  00000+0 0  9991
2 28474  55.4423   6.3717 0161824 282.1234 147.2857  2.00579480137682
ANIK F1R                
1 28868U 05036A   23231.05292330 -.00000073  00000+0  00000+0 0  9990
2 28868   1.6445  89.2658 0002606  34.2830 115.3346  1.00272558 65796
NAVSTAR 57 (USA 183)    
1 28874U 05038A   23229.40067078 -.00000059  00000+0  00000+0 0  9998
2 28874  55.7562 314.6344 0139034 279.2939 148.9950  2.00576812131076
INMARSAT 4-F2           
1 28899U 05044A   23231.07479865  .00000013  00000+0  00000+0 0  9998
2 28899   3.8504  40.6295 0002619 115.4843 261.8739  1.00271361 65141
NAVSTAR 58 (USA 190)    
1 29486U 06042A   23229.44021810  .00000018  00000+0  00000+0 0  9996
2 29486  54.6868 192.3647 0102744  31.4767 327.2881  2.00570939123783
NAVSTAR 59 (USA 192)    
1 29601U 06052A   23229.86039575  .00000032  00000+0  00000+0 0  9995
2 29601  55.2748 255.0641 0084186  79.3126 281.6912  2.00576795122701
NAVSTAR 60 (USA 196)    
1 32260U 07047A   23229.67473291 -.00000002  00000+0  00000+0 0  9999
2 32260  53.4573 122.8737 0150670  70.1594 291.5229  2.00552402116083
COSMOS 2433             
1 32275U 07052A   23230.13914635 -.00000073  00000+0  00000+0 0  9994
2 32275  66.0268 350.5065 0003121 209.5042 150.4906  2.13104274123063
COSMOS 2432             
1 32276U 07052B   23229.73359935 -.00000075  00000+0  00000+0 0  9997
2 32276  66.0413 350.6283 0007878 325.8113  30.1804  2.13103411123044
NAVSTAR 61 (USA 199)    
1 32384U 07062A   23230.72757549 -.00000058  00000+0  00000+0 0  9993
2 32384  55.8867 315.4003 0024990 148.9751  21.2283  2.00558059114846
COSMOS 2434             
1 32393U 07065A   23231.45896880  .00000066  00000+0  00000+0 0  9997
2 32393  64.3380 226.8452 0000160 193.7047 349.9328  2.13103164121792
COSMOS 2436             
1 32395U 07065C   23230.13113036  .00000056  00000+0  00000+0 0  9997
2 32395  64.3467 226.9519 0015561 351.4763  29.0192  2.13102914121702
NAVSTAR 62 (USA 201)    
1 32711U 08012A   23231.08497507  .00000037  00000+0  00000+0 0  9994
2 32711  54.4537 191.1343 0177370 235.7297 122.5490  2.00556882113033
NAVSTAR 64 (USA 206)    
1 35752U 09043A   23229.57067056 -.00000026  00000+0  00000+0 0  9999
2 35752  55.4177  68.4270 0058501  68.3326 294.9804  2.00559074102581
COSMOS 2456             
1 36111U 09070A   23230.30043090  .00000019  00000+0  00000+0 0  9995
2 36111  64.4832 106.3918 0002768 328.0870 206.1854  2.13099319106437
COSMOS 2457             
1 36112U 09070B   23230.64485638  .00000019  00000+0  00000+0 0  9991
2 36112  64.4673 106.2456 0005104 150.4284  58.7268  2.13101476106449
COSMOS 2460             
1 36402U 10007C   23231.32132743 -.00000068  00000+0  00000+0 0  9992
2 36402  65.8894 349.1855 0001605 145.5366 210.7948  2.13106431104809
NAVSTAR 65 (USA 213)    
1 36585U 10022A   23231.44200296  .00000040  00000+0  00000+0 0  9992
2 36585  54.5726 250.2289 0108824  59.6635 331.0701  2.00561222 96878
BEIDOU-2 IGSO-1         
1 36828U 10036A   23231.35245440 -.00000125  00000+0  00000+0 0  9992
2 36828  54.2372 172.3169 0036684 189.9320 200.2075  1.00258380 47879
QZS-1 (MICHIBIKI-1)     
1 37158U 10045A   23224.51019722 -.00000072  00000+0  00000+0 0  9992
2 37158  42.7913 127.6971 0037647 277.2224 272.4955  0.88387770 47281
BEIDOU-2 G4             
1 37210U 10057A   23230.81944476 -.00000111  00000+0  00000+0 0  9991
2 37210   1.1391  60.0422 0005202 146.8581 214.9423  1.00272581 46928
BEIDOU-2 IGSO-2         
1 37256U 10068A   23229.77818108 -.00000165  00000+0  00000+0 0  9997
2 37256  49.4399 284.5187 0032313 211.1582 217.5803  1.00290226 46413
BEIDOU-2 IGSO-3         
1 37384U 11013A   23231.29694635 -.00000155  00000+0  00000+0 0  9996
2 37384  60.9150  50.0503 0027618 173.9954 317.8456  1.00286366 45312
GSAT-8                  
1 37605U 11022A   23230.79861236  .00000085  00000+0  00000+0 0  9990
2 37605   0.0184 107.9590 0003967 141.5936  59.9069  1.00274401 44882
NAVSTAR 66 (USA 232)    
1 37753U 11036A   23229.78832829 -.00000089  00000+0  00000+0 0  9997
2 37753  56.7412  12.1471 0127253  56.1909 306.2488  2.00568564 88528
BEIDOU-2 IGSO-4         
1 37763U 11038A   23231.36172406 -.00000065  00000+0  00000+0 0  9999
2 37763  54.5113 174.8563 0112034 228.3921 149.8742  1.00277687 44280
GSAT0101 (GALILEO-PFM)  
1 37846U 11060A   23230.28579670 -.00000085  00000+0  00000+0 0  9992
2 37846  57.1079   9.7603 0002387  72.3738 287.6496  1.70476143 73627
GSAT0102 (GALILEO-FM2)  
1 37847U 11060B   23230.76104728 -.00000083  00000+0  00000+0 0  9992
2 37847  57.1086   9.7474 0001470  11.3950 326.6088  1.70475522 73624
COSMOS 2476             
1 37867U 11064A   23231.41156198  .00000019  00000+0  00000+0 0  9997
2 37867  64.7637 107.8747 0021387 234.0876 341.7738  2.13101818 91807
COSMOS 2477             
1 37868U 11064B   23230.21578316  .00000019  00000+0  00000+0 0  9995
2 37868  64.7706 107.9846 0018637 234.9055 321.4883  2.13101749 91739
COSMOS 2475             
1 37869U 11064C   23230.30794929  .00000020  00000+0  00000+0 0  9998
2 37869  64.7779 107.9937 0022966 252.4861 333.0695  2.13102136 91743
BEIDOU-2 IGSO-5         
1 37948U 11073A   23230.65026547 -.00000123  00000+0  00000+0 0  9993
2 37948  49.5634 284.1758 0094842 220.0508 152.6455  1.00277045 43048
LUCH-5A                 
1 37951U 11074B   23230.62576341 -.00000047  00000+0  00000+0 0  9992
2 37951   6.0988  89.9893 0005044  47.8629 221.0991  1.00273448 42822
BEIDOU-2 G5             
1 38091U 12008A   23230.79930969  .00000059  00000+0  00000+0 0  9996
2 38091   1.6693  68.1340 0002084 169.0124  76.2471  1.00268434 42110
BEIDOU-2 M3             
1 38250U 12018A   23230.55272640 -.00000092  00000+0  00000+0 0  9991
2 38250  56.5209 339.4318 0022674 255.0352 104.7410  1.86231303 77032
BEIDOU-2 M4             
1 38251U 12018B   23230.48423340 -.00000092  00000+0  00000+0 0  9999
2 38251  56.4318 338.7283 0013550 254.4449 105.4333  1.86232014 77042
SES-5                   
1 38652U 12036A   23231.29033875  .00000036  00000+0  00000+0 0  9991
2 38652   0.0531 300.5134 0001800 199.1010 297.2591  1.00270857 40718
BEIDOU-2 M6             
1 38775U 12050B   23230.19427368 -.00000002  00000+0  00000+0 0  9999
2 38775  55.6773  97.3422 0012278 338.4976  21.5467  1.86231376 74409
GSAT-10                 
1 38779U 12051B   23231.01913937 -.00000163  00000+0  00000+0 0  9996
2 38779   0.0989 272.1933 0000861 354.4173 150.3626  1.00272461 39931
NAVSTAR 67 (USA 239)    
1 38833U 12053A   23229.76736996  .00000017  00000+0  00000+0 0  9993
2 38833  53.5145 185.9104 0140843  51.5950 309.6232  2.00566989 79582
GSAT0103 (GALILEO-FM3)  
1 38857U 12055A   23230.91147581  .00000002  00000+0  00000+0 0  9990
2 38857  55.2766 129.9450 0004530 271.1183  88.8924  1.70473889 67536
GSAT0104 (GALILEO-FM4)  
1 38858U 12055B   23227.36148357 -.00000023  00000+0  00000+0 0  9992
2 38858  55.2753 130.0442 0000134 273.3140  86.7221  1.70473971 67449
BEIDOU-2 G6             
1 38953U 12059A   23231.01940087 -.00000174  00000+0  00000+0 0  9996
2 38953   1.7827  82.0060 0008103 315.9748  20.1856  1.00272618 39685
LUCH-5B                 
1 38977U 12061A   23231.35770517 -.00000132  00000+0  00000+0 0  9995
2 38977   8.2186  59.2579 0005697  97.4645 283.2217  1.00272720 39828
COSMOS 2485             
1 39155U 13019A   23229.66441526  .00000019  00000+0  00000+0 0  9997
2 39155  64.9235 108.4539 0021878 230.1740 129.7233  2.13102057 80238
NAVSTAR 68 (USA 242)    
1 39166U 13023A   23231.12496965 -.00000051  00000+0  00000+0 0  9992
2 39166  55.3702 310.7681 0114105  41.7904 319.1417  2.00564412 75150
IRNSS-1A                
1 39199U 13034A   23231.15691354  .00000086  00000+0  00000+0 0  9999
2 39199  33.3861  78.9322 0019744 176.2852 183.4967  1.00274668 37297
NAVSTAR 69 (USA 248)    
1 39533U 14008A   23230.62396897  .00000030  00000+0  00000+0 0  9997
2 39533  53.6018 191.4308 0067267 215.7859 143.7292  2.00550863 69506
ASTRA 5B                
1 39617U 14011B   23231.29399969  .00000139  00000+0  00000+0 0  9991
2 39617   0.0579 304.1908 0003149 232.0231 280.4819  1.00272934 34517
COSMOS 2492             
1 39620U 14012A   23230.55836291 -.00000071  00000+0  00000+0 0  9994
2 39620  65.7733 348.8318 0010949 320.3548  39.5807  2.13103276 73216
IRNSS-1B                
1 39635U 14017A   23231.15691354  .00000122  00000+0  00000+0 0  9997
2 39635  28.7359 257.9365 0020316 191.1621 349.7150  1.00269508 34425
LUCH-5V                 
1 39727U 14023A   23230.87973800 -.00000266  00000+0  00000+0 0  9993
2 39727   2.5309  77.3590 0003247 115.1563 185.8529  1.00268685552149
NAVSTAR 70 (USA 251)    
1 39741U 14026A   23231.40444177 -.00000082  00000+0  00000+0 0  9998
2 39741  56.6947  11.6068 0028681 311.7474  48.0136  2.00558478 67810
COSMOS 2500             
1 40001U 14032A   23231.21113136 -.00000068  00000+0  00000+0 0  9997
2 40001  65.7113 348.6386 0007647 193.1310 166.8673  2.13106100 71447
NAVSTAR 71 (USA 256)    
1 40105U 14045A   23230.99150075  .00000008  00000+0  00000+0 0  9996
2 40105  54.8073 129.7259 0024179 112.9411 247.3738  2.00576703 66248
GSAT0201 (GALILEO 5)    
1 40128U 14050A   23230.09515268 -.00000077  00000+0  00000+0 0  9994
2 40128  49.9508 315.2575 1609708 139.7180 233.4163  1.85519304 61072
GSAT0202 (GALILEO 6)    
1 40129U 14050B   23231.43258664 -.00000074  00000+0  00000+0 0  9995
2 40129  49.9690 314.2753 1607511 140.5786 232.3202  1.85519993 61294
IRNSS-1C                
1 40269U 14061A   23231.09084000 -.00000160  00000+0  00000+0 0  9991
2 40269   3.9253 113.2150 0020368  15.2743 314.3901  1.00273355 32461
NAVSTAR 72 (USA 258)    
1 40294U 14068A   23229.37393338 -.00000021  00000+0  00000+0 0  9997
2 40294  56.1611  71.1644 0048931  61.1899 299.3793  2.00570797 64439
COSMOS 2501             
1 40315U 14075A   23229.11458842  .00000051  00000+0  00000+0 0  9995
2 40315  63.6416 226.2950 0020202 211.7149 148.1764  2.13101448 67792
NAVSTAR 73 (USA 260)    
1 40534U 15013A   23229.50869712  .00000032  00000+0  00000+0 0  9995
2 40534  53.4721 247.0294 0079616  25.0853 335.3420  2.00555883 61496
GSAT0203 (GALILEO 7)    
1 40544U 15017A   23229.47871379 -.00000088  00000+0  00000+0 0  9990
2 40544  56.9027   9.7574 0002462 219.5346 140.4437  1.70476343 52223
GSAT0204 (GALILEO 8)    
1 40545U 15017B   23231.49205298 -.00000081  00000+0  00000+0 0  9990
2 40545  56.9091   9.7170 0003001 200.5976 159.3905  1.70475772 52264
IRNSS-1D                
1 40547U 15018A   23230.47405885 -.00000264  00000+0  00000+0 0  9997
2 40547  28.1062 257.9213 0020668 191.1734 159.9522  1.00271345 30872
BEIDOU-3S IGSO-1S       
1 40549U 15019A   23231.20634806 -.00000155  00000+0  00000+0 0  9998
2 40549  51.1291 307.7634 0040629 194.8916 353.7243  1.00260091 30720
NAVSTAR 74 (USA 262)    
1 40730U 15033A   23230.66744134 -.00000051  00000+0  00000+0 0  9996
2 40730  54.8592 309.4086 0084772  14.0516 346.2514  2.00556267 59286
BEIDOU-3S M2S           
1 40748U 15037A   23229.61324449 -.00000095  00000+0  00000+0 0  9993
2 40748  55.6731 337.3677 0010489 239.0813 120.8424  1.86233301 54856
BEIDOU-3S M1S           
1 40749U 15037B   23229.88331924 -.00000094  00000+0  00000+0 0  9998
2 40749  55.6759 337.3448 0002559 313.0188  46.9873  1.86233080 54850
GSAT0205 (GALILEO 9)    
1 40889U 15045A   23230.67341974  .00000052  00000+0  00000+0 0  9990
2 40889  55.3718 250.1571 0003277 357.7987   2.2448  1.70473647 49390
GSAT0206 (GALILEO 10)   
1 40890U 15045B   23230.30752889  .00000051  00000+0  00000+0 0  9992
2 40890  55.3713 250.1626 0002197 320.4055  39.6253  1.70473627 49410
BEIDOU-3S IGSO-2S       
1 40938U 15053A   23231.51862639 -.00000095  00000+0  00000+0 0  9992
2 40938  50.8333 270.9295 0047847 194.1306 144.6709  1.00287259 28999
NAVSTAR 75 (USA 265)    
1 41019U 15062A   23227.23054426 -.00000025  00000+0  00000+0 0  9997
2 41019  56.1430  71.0981 0088275 221.0902 138.3189  2.00562346 57034
GSAT-15                 
1 41028U 15065A   23230.83557304 -.00000257  00000+0  00000+0 0  9990
2 41028   0.1012 273.0547 0002157 194.4086 253.7574  1.00272354 28508
GSAT0209 (GALILEO 12)   
1 41174U 15079A   23231.06581499  .00000002  00000+0  00000+0 0  9992
2 41174  55.2940 129.6476 0003570 324.6696  35.3707  1.70474001 47741
GSAT0208 (GALILEO 11)   
1 41175U 15079B   23230.11223842 -.00000003  00000+0  00000+0 0  9995
2 41175  55.2921 129.6720 0003162 325.6258  34.4127  1.70474006 47724
IRNSS-1E                
1 41241U 16003A   23230.69336422 -.00000292  00000+0  00000+0 0  9999
2 41241  30.9376  78.0484 0019581 173.8430  76.3760  1.00273151 27832
NAVSTAR 76 (USA 266)    
1 41328U 16007A   23229.31718293 -.00000002  00000+0  00000+0 0  9995
2 41328  55.0118 130.5670 0071636 234.6677 124.7107  2.00551027 55127
COSMOS 2514             
1 41330U 16008A   23230.03432937 -.00000074  00000+0  00000+0 0  9997
2 41330  65.5090 348.2638 0011217 203.9887 155.9739  2.13102746 58582
IRNSS-1F                
1 41384U 16015A   23231.22418066  .00000161  00000+0  00000+0 0  9999
2 41384   2.9004 130.5973 0018027 177.7787 132.0690  1.00268658 27306
BEIDOU-2 IGSO-6         
1 41434U 16021A   23230.47132792 -.00000132  00000+0  00000+0 0  9996
2 41434  58.7271  48.4367 0046756 217.9985 325.7177  1.00286880 27115
IRNSS-1G                
1 41469U 16027A   23230.81343038 -.00000333  00000+0  00000+0 0  9998
2 41469   2.7926 132.3444 0003961 352.0422 264.9625  1.00272238 26816
GSAT0211 (GALILEO 14)   
1 41549U 16030A   23229.06004660  .00000050  00000+0  00000+0 0  9996
2 41549  55.5171 250.1754 0003804 306.2120  53.8065  1.70473706 45003
GSAT0210 (GALILEO 13)   
1 41550U 16030B   23229.93816558  .00000051  00000+0  00000+0 0  9992
2 41550  55.5180 250.1524 0004190 272.1448  87.8560  1.70473784 45017
COSMOS 2516             
1 41554U 16032A   23229.21104377  .00000052  00000+0  00000+0 0  9999
2 41554  63.8680 226.6873 0015531 214.8077 145.1042  2.13106522 56178
BEIDOU-2 G7             
1 41586U 16037A   23231.52665345 -.00000350  00000+0  00000+0 0  9995
2 41586   1.8319  68.2106 0007138 349.8928 209.5623  1.00266598 26421
EUTELSAT 117 WEST B     
1 41589U 16038B   23231.22015807 -.00000009  00000+0  00000+0 0  9999
2 41589   0.0105 250.2933 0000165 211.5487 187.7197  1.00272170 26344
GSAT0207 (GALILEO 15)   
1 41859U 16069A   23229.01331696 -.00000011  00000+0  00000+0 0  9997
2 41859  54.9557 129.7803 0003589 306.6215  53.3965  1.70473971 41973
GSAT0212 (GALILEO 16)   
1 41860U 16069B   23230.04117640 -.00000004  00000+0  00000+0 0  9997
2 41860  54.9537 129.7488 0002671 343.5905  16.4589  1.70474161 42020
GSAT0213 (GALILEO 17)   
1 41861U 16069C   23228.06074292 -.00000018  00000+0  00000+0 0  9997
2 41861  54.9555 129.8097 0003288 280.9624  79.0441  1.70472832 41984
GSAT0214 (GALILEO 18)   
1 41862U 16069D   23228.20796334 -.00000017  00000+0  00000+0 0  9991
2 41862  54.9536 129.7997 0002530 289.0178  70.9995  1.70472626 41980
SES-15                  
1 42709U 17026A   23230.69026647  .00000061  00000+0  00000+0 0  9993
2 42709   0.0195  38.7066 0000232  96.1019 311.3187  1.00267805 23820
QZS-2 (MICHIBIKI-2)     
1 42738U 17028A   23231.38610743 -.00000118  00000+0  00000+0 0  9994
2 42738  41.0687 258.0932 0753949 269.8719  80.0388  1.00269161 22782
QZS-3 (MICHIBIKI-3)     
1 42917U 17048A   23230.81373223 -.00000347  00000+0  00000+0 0  9995
2 42917   0.0641 151.6647 0002551   8.6304 226.5969  1.00271249 22009
COSMOS 2522             
1 42939U 17055A   23231.28400122  .00000064  00000+0  00000+0 0  9993
2 42939  64.1020 227.1361 0010127 243.1789 116.7266  2.13102042 45967
QZS-4 (MICHIBIKI-4)     
1 42965U 17062A   23230.67370514 -.00000322  00000+0  00000+0 0  9991
2 42965  40.6426 356.6578 0747027 269.0159  82.6122  1.00286146 21449
BEIDOU-3 M1             
1 43001U 17069A   23231.03453743 -.00000002  00000+0  00000+0 0  9992
2 43001  55.8292  97.3713 0008402 303.3886  56.6264  1.86231799 39362
BEIDOU-3 M2             
1 43002U 17069B   23230.97123163 -.00000002  00000+0  00000+0 0  9995
2 43002  55.8287  97.4092 0006917 332.8257  27.2338  1.86231257 39350
GSAT0215 (GALILEO 19)   
1 43055U 17079A   23231.04322977  .00000053  00000+0  00000+0 0  9992
2 43055  55.4943 249.9471 0003739 266.1461  93.8541  1.70474347 35378
GSAT0216 (GALILEO 20)   
1 43056U 17079B   23229.57542411  .00000051  00000+0  00000+0 0  9993
2 43056  55.4951 249.9872 0005274 272.1852  87.8047  1.70474502 35333
GSAT0217 (GALILEO 21)   
1 43057U 17079C   23230.38234854  .00000052  00000+0  00000+0 0  9995
2 43057  55.4938 249.9641 0004577 283.1385  76.8565  1.70474497 35360
GSAT0218 (GALILEO 22)   
1 43058U 17079D   23231.18897902  .00000053  00000+0  00000+0 0  9995
2 43058  55.4914 249.9395 0005753 270.8152  89.1612  1.70474396 35372
BEIDOU-3 M7             
1 43107U 18003A   23230.72209698 -.00000092  00000+0  00000+0 0  9990
2 43107  55.1285 338.0539 0003968  78.6959 281.3779  1.86232647 38113
BEIDOU-3 M8             
1 43108U 18003B   23230.12310502 -.00000095  00000+0  00000+0 0  9995
2 43108  55.1218 338.0616 0003514 240.1934 119.7992  1.86231104 38109
BEIDOU-3 M4             
1 43207U 18018A   23231.10254565 -.00000002  00000+0  00000+0 0  9994
2 43207  55.7880  97.4686 0005342   7.8151 352.2886  1.86231722 37508
BEIDOU-3 M3             
1 43208U 18018B   23228.48442886 -.00000008  00000+0  00000+0 0  9993
2 43208  55.7857  97.5602 0006598 320.1445  39.9000  1.86231638 37450
BEIDOU-3 M9             
1 43245U 18029A   23229.78121140 -.00000094  00000+0  00000+0 0  9992
2 43245  55.0240 335.8220 0001115 191.9663 168.0607  1.86232925 36636
BEIDOU-3 M10            
1 43246U 18029B   23229.71127529 -.00000094  00000+0  00000+0 0  9993
2 43246  55.0212 335.8528 0002788   6.4967 353.5361  1.86233119 36624
IRNSS-1I                
1 43286U 18035A   23230.71229907  .00000090  00000+0  00000+0 0  9994
2 43286  29.2107  90.4599 0019344 177.5790  10.3203  1.00277489 19703
COSMOS 2527             
1 43508U 18053A   23230.89778160  .00000020  00000+0  00000+0 0  9993
2 43508  65.0887 108.5020 0007715 229.3333 226.0985  2.13102486 40257
BEIDOU-2 IGSO-7         
1 43539U 18057A   23231.46913948 -.00000129  00000+0  00000+0 0  9991
2 43539  55.1217 171.9984 0064635 231.7054 205.3531  1.00288826 18803
GSAT0221 (GALILEO 25)   
1 43564U 18060A   23230.50205361 -.00000084  00000+0  00000+0 0  9990
2 43564  57.2836   9.6536 0002142 254.3004 105.6737  1.70476222 31555
GSAT0222 (GALILEO 26)   
1 43565U 18060B   23229.54694515 -.00000087  00000+0  00000+0 0  9999
2 43565  57.2868   9.6803 0002810 202.8713 157.1123  1.70475956 31571
GSAT0219 (GALILEO 23)   
1 43566U 18060C   23230.94247255 -.00000083  00000+0  00000+0 0  9997
2 43566  57.2861   9.6449 0001186 262.3825  97.6026  1.70476195 31577
GSAT0220 (GALILEO 24)   
1 43567U 18060D   23230.57628760 -.00000084  00000+0  00000+0 0  9992
2 43567  57.2860   9.6553 0001517 253.7436 106.2376  1.70476210 31543
BEIDOU-3 M5             
1 43581U 18062A   23230.46855643  .00000044  00000+0  00000+0 0  9995
2 43581  54.1814 217.4877 0005690 276.8455  83.0705  1.86232071 34380
BEIDOU-3 M6             
1 43582U 18062B   23231.40818225  .00000055  00000+0  00000+0 0  9998
2 43582  54.1809 217.4452 0004845 349.2169  10.7534  1.86229839 34400
BEIDOU-3 M12            
1 43602U 18067A   23231.34463497  .00000054  00000+0  00000+0 0  9995
2 43602  54.2681 216.1011 0006809  10.2017 349.7909  1.86231640 33883
BEIDOU-3 M11            
1 43603U 18067B   23230.40455868  .00000043  00000+0  00000+0 0  9993
2 43603  54.2654 216.0988 0003986 352.3626   7.6101  1.86231605 33891
BEIDOU-3 M13            
1 43622U 18072A   23230.90030093 -.00000002  00000+0  00000+0 0  9990
2 43622  55.7576  97.0156 0005077 301.6740  58.3720  1.86231762 33414
BEIDOU-3 M14            
1 43623U 18072B   23230.22880641 -.00000002  00000+0  00000+0 0  9998
2 43623  55.7589  97.0308 0003709 342.7872  17.2961  1.86231790 33401
BEIDOU-3 M16            
1 43647U 18078A   23230.39074726 -.00000092  00000+0  00000+0 0  9996
2 43647  54.9196 335.9246 0006091  13.5953 346.4523  1.86227459 32910
BEIDOU-3 M15            
1 43648U 18078B   23228.97660285 -.00000098  00000+0  00000+0 0  9995
2 43648  54.9157 335.9765 0003275  36.1137   7.9446  1.86232343 32900
BEIDOU-3 G1             
1 43683U 18085A   23230.81552234 -.00000277  00000+0  00000+0 0  9991
2 43683   1.4776 125.5659 0003204 343.6085 291.3834  1.00274236 17690
COSMOS 2529             
1 43687U 18086A   23230.40346704  .00000058  00000+0  00000+0 0  9990
2 43687  64.3173 227.5973 0011770 261.6253  98.2529  2.13102157 37254
BEIDOU-3 M17            
1 43706U 18093A   23231.20691343  .00000052  00000+0  00000+0 0  9995
2 43706  54.2637 217.3786 0010726 278.5431  81.3158  1.86232155 32283
BEIDOU-3 M18            
1 43707U 18093B   23231.07268270  .00000051  00000+0  00000+0 0  9999
2 43707  54.2645 217.3748 0008800 302.0528  57.8421  1.86229960 32293
NAVSTAR 77 (USA 289)    
1 43873U 18109A   23230.19614830  .00000006  00000+0  00000+0 0  9990
2 43873  55.1878 133.0432 0025230 191.8679 337.9600  2.00568320 34281
BEIDOU-3 IGSO-1         
1 44204U 19023A   23231.51498442 -.00000191  00000+0  00000+0 0  9997
2 44204  57.1949  48.4094 0023183 194.3129  29.5070  1.00287785 16004
BEIDOU-2 G8             
1 44231U 19027A   23231.53850677 -.00000244  00000+0  00000+0 0  9994
2 44231   1.9143  81.1924 0005700 123.7102 101.0065  1.00277051 15728
COSMOS 2534             
1 44299U 19030A   23231.40647072  .00000066  00000+0  00000+0 0  9992
2 44299  64.3899 227.4881 0013857 280.3098 263.3346  2.13102142 32924
BEIDOU-3 IGSO-2         
1 44337U 19035A   23230.75222303 -.00000141  00000+0  00000+0 0  9998
2 44337  55.1539 167.9387 0033008 197.8760 351.3913  1.00280178 15338
NAVSTAR 78 (USA 293)    
1 44506U 19056A   23230.85778242 -.00000086  00000+0  00000+0 0  9996
2 44506  55.8188  12.0932 0036217 184.2639   3.2159  2.00565580 29333
BEIDOU-3 M24            
1 44542U 19061A   23231.14453240  .00000052  00000+0  00000+0 0  9995
2 44542  54.4910 217.6072 0008316 335.5772  24.3642  1.86231522 26558
BEIDOU-3 M23            
1 44543U 19061B   23230.38624272  .00000044  00000+0  00000+0 0  9997
2 44543  54.4895 217.6022 0006027 317.5127 165.9007  1.86231937 26532
BEIDOU-3 IGSO-3         
1 44709U 19073A   23230.57239414 -.00000155  00000+0  00000+0 0  9999
2 44709  56.5609 291.9291 0035164 189.0224 171.0412  1.00287322 14078
BEIDOU-3 M22            
1 44793U 19078A   23229.91593542 -.00000094  00000+0  00000+0 0  9990
2 44793  54.7684 335.9104 0005053  22.9696 337.0828  1.86232420 25393
BEIDOU-3 M21            
1 44794U 19078B   23228.43569217 -.00000101  00000+0  00000+0 0  9998
2 44794  54.7431 335.9439 0003005  18.8104 341.2250  1.86232907 25361
COSMOS 2544             
1 44850U 19088A   23230.24788495  .00000020  00000+0  00000+0 0  9994
2 44850  65.0711 108.3665 0011764 254.9601 105.0010  2.13102267 28661
BEIDOU-3 M19            
1 44864U 19090A   23230.59630355 -.00000002  00000+0  00000+0 0  9992
2 44864  55.6913  97.2136 0015848 277.3585 285.1100  1.86232049 24972
BEIDOU-3 M20            
1 44865U 19090B   23230.52226064 -.00000002  00000+0  00000+0 0  9994
2 44865  55.6933  97.2490 0013857 292.3525 310.2612  1.86231994 24962
BEIDOU-3 G2             
1 45344U 20017A   23230.73193125 -.00000140  00000+0  00000+0 0  9995
2 45344   2.0379  15.2844 0003152 141.9720 153.1227  1.00272252 12906
COSMOS 2545             
1 45358U 20018A   23229.97536135 -.00000075  00000+0  00000+0 0  9994
2 45358  64.8493 348.5251 0009142 235.4910 124.4371  2.13102727 26622
BEIDOU-3 G3             
1 45807U 20040A   23231.02463076 -.00000352  00000+0  00000+0 0  9998
2 45807   0.6309 340.2810 0004917 352.3734 113.8934  1.00270493 11726
NAVSTAR 79 (USA 304)    
1 45854U 20041A   23228.86070398 -.00000024  00000+0  00000+0 0  9996
2 45854  55.8657  69.4526 0035214 185.8330 303.1082  2.00564315 23265
GALAXY 30 (G-30)        
1 46114U 20056C   23231.21638993  .00000039  00000+0  00000+0 0  9991
2 46114   0.0204 120.1292 0002723  42.3547 117.7241  1.00270833 11043
COSMOS 2547             
1 46805U 20075A   23230.16449430  .00000057  00000+0  00000+0 0  9998
2 46805  64.6171 227.0812 0008790 243.9810 115.9401  2.13103054 21871
NAVSTAR 80 (USA 309)    
1 46826U 20078A   23230.95594487  .00000034  00000+0  00000+0 0  9999
2 46826  54.3202 252.7303 0035443 194.5168 342.7298  2.00562847 20774
NAVSTAR 81 (USA 319)    
1 48859U 21054A   23230.71153469 -.00000086  00000+0  00000+0 0  9995
2 48859  55.3357  13.8927 0011528 209.7887 332.7315  2.00574928 16011
QZS-1R                  
1 49336U 21096A   23223.74525463 -.00000331  00000+0  00000+0 0  9997
2 49336  35.3005  95.2790 0740332 268.7858 355.3268  1.00301615  6575
GSAT0223 (GALILEO 27)   
1 49809U 21116A   23229.86832451 -.00000086  00000+0  00000+0 0  9999
2 49809  57.2772   9.5702 0003056 165.4015 210.3527  1.70476400 10540
GSAT0224 (GALILEO 28)   
1 49810U 21116B   23229.07201722 -.00000089  00000+0  00000+0 0  9998
2 49810  57.2785   9.5898 0002680 153.0389 206.4829  1.70476400 10553
COSMOS 2557             
1 52984U 22075A   23230.32688098 -.00000074  00000+0  00000+0 0  9998
2 52984  64.7654 350.6739 0011264 276.6750  83.2101  2.13102415  8666
COSMOS 2559             
1 54031U 22130A   23230.73805824 -.00000072  00000+0  00000+0 0  9996
2 54031  64.7363 350.7878 0006670 213.7698 146.2024  2.13101620  6660
COSMOS 2564             
1 54377U 22161A   23230.46208884  .00000059  00000+0  00000+0 0  9990
2 54377  64.7578 227.1210 0011213 226.8577 133.0595  2.13102231  5607
NAVSTAR 82 (USA 343)    
1 55268U 23009A   23231.14471046  .00000037  00000+0  00000+0 0  9996
2 55268  55.0922 189.0486 0004091  92.8476  84.8307  2.00556944  4512
BEIDOU-3 G4             
1 56564U 23066A   23231.37965875 -.00000110  00000+0  00000+0 0  9995
2 56564   2.8856 288.8618 0007169 205.4500 129.7210  1.00274138  1040
IRNSS-1J (NVS-01)       
1 56759U 23076A   23230.75934080 -.00000337  00000+0  00000+0 0  9998
2 56759   4.7836 272.3777 0005693 340.9169 116.4654  1.00270346   844
