NAVSTAR 43 (USA 132)    
1 24876U 97035A   23301.94154916  .00000066  00000+0  00000+0 0  9999
2 24876  55.6021 136.2105 0074598  53.3877 307.3663  2.00564465192655
NAVSTAR 47 (USA 150)    
1 26360U 00025A   23303.12024435 -.00000071  00000+0  00000+0 0  9993
2 26360  54.4797  58.3200 0041845 202.8026  18.9894  2.00566852171984
NAVSTAR 51 (USA 166)    
1 27663U 03005A   23302.86352073 -.00000019  00000+0  00000+0 0  9995
2 27663  55.2173 253.2018 0134080  45.0555 330.2006  2.00562756152027
NAVSTAR 52 (USA 168)    
1 27704U 03010A   23302.59901937 -.00000102  00000+0  00000+0 0  9999
2 27704  55.1151   3.1404 0250182 319.9269  83.4206  2.00553635150827
NAVSTAR 54 (USA 177)    
1 28190U 04009A   23302.22561670 -.00000062  00000+0  00000+0 0  9999
2 28190  55.6483 314.2853 0092263 140.9166 290.3526  2.00565555143657
NAVSTAR 56 (USA 180)    
1 28474U 04045A   23302.62733126 -.00000102  00000+0  00000+0 0  9990
2 28474  55.4426   3.4795 0163875 283.9907 130.9545  2.00556698139145
ANIK F1R                
1 28868U 05036A   23303.52706164 -.00000074  00000+0  00000+0 0  9998
2 28868   1.8342  88.3089 0001388 113.6756 279.0726  1.00271999 66527
NAVSTAR 57 (USA 183)    
1 28874U 05038A   23303.09110745 -.00000062  00000+0  00000+0 0  9990
2 28874  55.6979 311.7044 0140438 280.5982  78.5614  2.00571645132553
INMARSAT 4-F2           
1 28899U 05044A   23303.53356691 -.00000349  00000+0  00000+0 0  9993
2 28899   3.9307  41.2141 0003993 204.3185  96.9547  1.00833613 65860
NAVSTAR 58 (USA 190)    
1 29486U 06042A   23303.46657602  .00000033  00000+0  00000+0 0  9992
2 29486  54.6795 189.4314 0104350  34.0752 137.0812  2.00566868125271
NAVSTAR 59 (USA 192)    
1 29601U 06052A   23302.15698618 -.00000024  00000+0  00000+0 0  9990
2 29601  55.2403 252.1929 0084357  79.5326 281.3918  2.00552426124115
NAVSTAR 60 (USA 196)    
1 32260U 07047A   23301.97288373  .00000044  00000+0  00000+0 0  9993
2 32260  53.4916 119.8755 0152838  71.9680 289.7306  2.00548844117512
COSMOS 2433             
1 32275U 07052A   23303.34354811 -.00000069  00000+0  00000+0 0  9997
2 32275  66.0066 348.0729 0005287 242.4663 117.5474  2.13104061124629
COSMOS 2432             
1 32276U 07052B   23303.53966118 -.00000069  00000+0  00000+0 0  9998
2 32276  66.0210 348.1761 0010202 311.5064 145.8453  2.13103225124626
NAVSTAR 61 (USA 199)    
1 32384U 07062A   23303.52814484 -.00000062  00000+0  00000+0 0  9999
2 32384  55.8310 312.5165 0024238 152.3702  22.3241  2.00561545116309
COSMOS 2434             
1 32393U 07065A   23302.19961302  .00000007  00000+0  00000+0 0  9994
2 32393  64.3310 224.4434 0002301  69.2166  24.5674  2.13103038123272
COSMOS 2436             
1 32395U 07065C   23303.54961154  .00000014  00000+0  00000+0 0  9999
2 32395  64.3395 224.4598 0016466   0.0576 184.8523  2.13102693123261
NAVSTAR 62 (USA 201)    
1 32711U 08012A   23302.38371382  .00000041  00000+0  00000+0 0  9993
2 32711  54.4478 188.2926 0177888 236.1723 122.2074  2.00559058114465
NAVSTAR 64 (USA 206)    
1 35752U 09043A   23303.10829413 -.00000058  00000+0  00000+0 0  9999
2 35752  55.4816  65.4915 0057237  70.2550 109.0957  2.00554747104062
COSMOS 2456             
1 36111U 09070A   23302.77065336  .00000028  00000+0  00000+0 0  9993
2 36111  64.5149 103.9023 0001229 329.0942   1.1373  2.13099059107937
COSMOS 2457             
1 36112U 09070B   23302.72131660  .00000028  00000+0  00000+0 0  9993
2 36112  64.4989 103.7680 0006573 149.2356 274.3693  2.13101245107945
COSMOS 2460             
1 36402U 10007C   23302.80487554 -.00000065  00000+0  00000+0 0  9994
2 36402  65.8681 346.7968 0002345 244.8682 231.8833  2.13106217106246
NAVSTAR 65 (USA 213)    
1 36585U 10022A   23302.43276569 -.00000019  00000+0  00000+0 0  9993
2 36585  54.5408 247.3624 0111549  59.7989 109.9272  2.00564722 98309
BEIDOU-2 IGSO-1         
1 36828U 10036A   23302.58953925 -.00000072  00000+0  00000+0 0  9991
2 36828  54.2334 171.6670 0037872 191.5833 352.6693  1.00294454 48583
QZS-1 (MICHIBIKI-1)     
1 37158U 10045A   23302.55794194  .00000053  00000+0  00000+0 0  9994
2 37158  42.9450 127.0445 0004000 114.0528 242.8736  0.87715138 47966
BEIDOU-2 G4             
1 37210U 10057A   23303.47012321 -.00000111  00000+0  00000+0 0  9999
2 37210   1.3028  63.2686 0007859 170.6919 133.8453  1.00271561 47654
BEIDOU-2 IGSO-2         
1 37256U 10068A   23303.20924080 -.00000217  00000+0  00000+0 0  9993
2 37256  49.3096 283.6274 0031375 213.9467  84.0231  1.00265531 47157
BEIDOU-2 IGSO-3         
1 37384U 11013A   23303.29745830 -.00000207  00000+0  00000+0 0  9998
2 37384  61.0210  49.3530 0028093 178.7538  25.0144  1.00267233 46035
GSAT-8                  
1 37605U 11022A   23302.91124448  .00000084  00000+0  00000+0 0  9990
2 37605   0.0079 225.0426 0008283  28.2569 167.8180  1.00272202 43579
NAVSTAR 66 (USA 232)    
1 37753U 11036A   23302.55677400 -.00000101  00000+0  00000+0 0  9991
2 37753  56.7500   9.3272 0126868  56.2806 289.5421  2.00568977 89980
BEIDOU-2 IGSO-4         
1 37763U 11038A   23302.58746433 -.00000023  00000+0  00000+0 0  9993
2 37763  54.5069 174.2209 0112057 227.3405 302.0844  1.00262689 45005
GSAT0101 (GALILEO-PFM)  
1 37846U 11060A   23301.26256572 -.00000100  00000+0  00000+0 0  9990
2 37846  57.1143   7.8397 0000637 323.5222  36.5269  1.70475790 74709
GSAT0102 (GALILEO-FM2)  
1 37847U 11060B   23302.35580542 -.00000102  00000+0  00000+0 0  9991
2 37847  57.1149   7.8101 0002726 298.8613  58.2883  1.70475169 74723
COSMOS 2476             
1 37867U 11064A   23303.20829081  .00000028  00000+0  00000+0 0  9992
2 37867  64.7937 105.4357 0021600 230.0766 345.6826  2.13101674 93334
COSMOS 2477             
1 37868U 11064B   23303.57170120  .00000027  00000+0  00000+0 0  9995
2 37868  64.8010 105.4934 0018801 230.1016  82.3108  2.13101539 93290
COSMOS 2475             
1 37869U 11064C   23302.74166148  .00000031  00000+0  00000+0 0  9994
2 37869  64.8081 105.5343 0022712 248.4610 105.7136  2.13101797 93277
BEIDOU-2 IGSO-5         
1 37948U 11073A   23303.30388191 -.00000162  00000+0  00000+0 0  9995
2 37948  49.4354 283.2968 0094332 221.0572  97.6908  1.00259696 43767
LUCH-5A                 
1 37951U 11074B   23303.54971402 -.00000045  00000+0  00000+0 0  9999
2 37951   6.2885  88.7348 0004124 116.0454 198.6906  1.00273295 43551
BEIDOU-2 G5             
1 38091U 12008A   23302.91453878  .00000058  00000+0  00000+0 0  9998
2 38091   1.8427  69.2755 0007133 187.7354 168.9165  1.00268814 42729
BEIDOU-2 M3             
1 38250U 12018A   23302.50486253 -.00000087  00000+0  00000+0 0  9997
2 38250  56.4809 337.0435 0025241 259.0736 100.6968  1.86231119 78370
BEIDOU-2 M4             
1 38251U 12018B   23302.43606930 -.00000086  00000+0  00000+0 0  9995
2 38251  56.3909 336.3347 0016129 260.3666  99.5052  1.86231841 78032
SES-5                   
1 38652U 12036A   23301.58344002  .00000032  00000+0  00000+0 0  9994
2 38652   0.0456 298.9424 0002084 282.2776  30.4809  1.00272057 34833
BEIDOU-2 M6             
1 38775U 12050B   23302.14573768  .00000003  00000+0  00000+0 0  9990
2 38775  55.7344  94.9302 0010569 338.2770  21.6665  1.86231100 75749
GSAT-10                 
1 38779U 12051B   23303.56957149 -.00000165  00000+0  00000+0 0  9991
2 38779   0.0141 245.9909 0004325   4.4395  76.2632  1.00272559 40662
NAVSTAR 67 (USA 239)    
1 38833U 12053A   23302.05967152  .00000046  00000+0  00000+0 0  9999
2 38833  53.5098 182.9567 0145552  53.1013 308.3168  2.00568071 80141
GSAT0103 (GALILEO-FM3)  
1 38857U 12055A   23301.88827843  .00000059  00000+0  00000+0 0  9993
2 38857  55.3055 127.9922 0002086 239.8801 120.1552  1.70473610 68600
GSAT0104 (GALILEO-FM4)  
1 38858U 12055B   23300.09792386  .00000073  00000+0  00000+0 0  9995
2 38858  55.3064 128.0429 0001356 144.1602 215.9177  1.70473820 68576
BEIDOU-2 G6             
1 38953U 12059A   23302.86131756 -.00000175  00000+0  00000+0 0  9994
2 38953   1.9678  81.7225 0006986 296.6563  53.5752  1.00274622 40265
LUCH-5B                 
1 38977U 12061A   23303.03051875 -.00000135  00000+0  00000+0 0  9992
2 38977   8.3799  58.6627 0005610 141.9939 192.1419  1.00271520 40531
COSMOS 2485             
1 39155U 13019A   23302.86894309  .00000031  00000+0  00000+0 0  9996
2 39155  64.9535 105.9826 0022132 226.1080 133.7133  2.13101783 81799
NAVSTAR 68 (USA 242)    
1 39166U 13023A   23302.42172562 -.00000058  00000+0  00000+0 0  9995
2 39166  55.3131 307.9051 0115854  41.5236 319.3671  2.00564144 76598
IRNSS-1A                
1 39199U 13034A   23301.45020832  .00000090  00000+0  00000+0 0  9992
2 39199  33.5499  77.8898 0022057 180.1873 355.5144  1.00270637 37718
NAVSTAR 69 (USA 248)    
1 39533U 14008A   23302.92151133  .00000037  00000+0  00000+0 0  9999
2 39533  53.5959 188.4871 0067056 215.3613 144.2786  2.00554769 70404
ASTRA 5B                
1 39617U 14011B   23302.88599610  .00000137  00000+0  00000+0 0  9998
2 39617   0.0538 317.1785 0003999 280.7234 142.5270  1.00273509 35233
COSMOS 2492             
1 39620U 14012A   23302.35525594 -.00000063  00000+0  00000+0 0  9994
2 39620  65.7515 346.4224 0013325 310.7501  49.2033  2.13103077 74744
IRNSS-1B                
1 39635U 14017A   23301.45012132  .00000078  00000+0  00000+0 0  9999
2 39635  28.5994 256.7570 0018389 188.5760 168.2593  1.00273133 35137
LUCH-5V                 
1 39727U 14023A   23303.52426866 -.00000268  00000+0  00000+0 0  9993
2 39727   2.7172  77.0646 0004396 170.0502  74.9694  1.00270227552873
NAVSTAR 70 (USA 251)    
1 39741U 14026A   23303.20341138 -.00000103  00000+0  00000+0 0  9993
2 39741  56.7016   8.8240 0030956 309.4551  50.3246  2.00553178 69256
COSMOS 2500             
1 40001U 14032A   23302.53781297 -.00000064  00000+0  00000+0 0  9996
2 40001  65.6897 346.2395 0008588 213.7668 146.2466  2.13105887 72960
NAVSTAR 71 (USA 256)    
1 40105U 14045A   23302.28951838  .00000051  00000+0  00000+0 0  9992
2 40105  54.8350 126.8756 0027444 114.8864 245.4484  2.00550493 66781
GSAT0201 (GALILEO 5)    
1 40128U 14050A   23302.32039641 -.00000084  00000+0  00000+0 0  9994
2 40128  49.8863 312.3659 1607035 142.4562 229.9429  1.85519383 60477
GSAT0202 (GALILEO 6)    
1 40129U 14050B   23303.11857500 -.00000084  00000+0  00000+0 0  9995
2 40129  49.9042 311.4066 1605052 143.2965 228.8636  1.85520078 62623
IRNSS-1C                
1 40269U 14061A   23302.71005662 -.00000159  00000+0  00000+0 0  9994
2 40269   4.0966 111.0303 0018972   6.1913 259.1797  1.00274532 33048
NAVSTAR 72 (USA 258)    
1 40294U 14068A   23302.66191842 -.00000052  00000+0  00000+0 0  9991
2 40294  56.2257  68.2931 0048910  62.8650 297.6112  2.00575399 65904
COSMOS 2501             
1 40315U 14075A   23302.31910833  .00000008  00000+0  00000+0 0  9994
2 40315  63.6339 223.7450 0018964 208.5409 151.3753  2.13101199 69359
NAVSTAR 73 (USA 260)    
1 40534U 15013A   23302.80295897 -.00000015  00000+0  00000+0 0  9999
2 40534  53.4387 243.9921 0083298  26.4558 333.9528  2.00551157 62544
GSAT0203 (GALILEO 7)    
1 40544U 15017A   23299.28213247 -.00000096  00000+0  00000+0 0  9999
2 40544  56.9092   7.8594 0004637 244.0445 115.9574  1.70476067 52755
GSAT0204 (GALILEO 8)    
1 40545U 15017B   23301.88227431 -.00000102  00000+0  00000+0 0  9998
2 40545  56.9158   7.8029 0004824 232.8161 127.1940  1.70475558 15845
IRNSS-1D                
1 40547U 15018A   23302.76042591 -.00000302  00000+0  00000+0 0  9993
2 40547  27.9614 256.6980 0018754 184.8539 341.8740  1.00274128 31343
BEIDOU-3S IGSO-1S       
1 40549U 15019A   23303.52336206 -.00000159  00000+0  00000+0 0  9990
2 40549  50.9995 306.9083 0037407 195.7470 175.2792  1.00298878 31431
NAVSTAR 74 (USA 262)    
1 40730U 15033A   23302.46621828 -.00000058  00000+0  00000+0 0  9995
2 40730  54.8005 306.4906 0087591  14.1494 346.1066  2.00552165 60704
BEIDOU-3S M2S           
1 40748U 15037A   23302.63829434 -.00000088  00000+0  00000+0 0  9993
2 40748  55.6298 334.8931 0012857 249.8111 110.1017  1.86233004 56212
BEIDOU-3S M1S           
1 40749U 15037B   23302.90846575 -.00000089  00000+0  00000+0 0  9990
2 40749  55.6327 334.8703 0005472 298.2700  61.7253  1.86232874 56217
GSAT0205 (GALILEO 9)    
1 40889U 15045A   23302.23690646 -.00000023  00000+0  00000+0 0  9994
2 40889  55.3350 248.1806 0004579  11.7518 348.2265  1.70472907 50618
GSAT0206 (GALILEO 10)   
1 40890U 15045B   23302.45757858 -.00000023  00000+0  00000+0 0  9999
2 40890  55.3338 248.1700 0002973 353.9614   6.0039  1.70472950 50642
BEIDOU-3S IGSO-2S       
1 40938U 15053A   23303.29551156 -.00000160  00000+0  00000+0 0  9999
2 40938  50.7249 270.0942 0047298 194.3659 136.7548  1.00270074 29718
NAVSTAR 75 (USA 265)    
1 41019U 15062A   23303.01532680 -.00000053  00000+0  00000+0 0  9992
2 41019  56.2091  68.1304 0091688 221.6966 137.5835  2.00562208 58556
GSAT-15                 
1 41028U 15065A   23302.86439042 -.00000258  00000+0  00000+0 0  9992
2 41028   0.0502 264.7029 0003630 296.9197 241.0131  1.00269929 29224
GSAT0209 (GALILEO 12)   
1 41174U 15079A   23302.04240630  .00000058  00000+0  00000+0 0  9999
2 41174  55.3233 127.6953 0001897 346.4652  13.5838  1.70474238 48374
GSAT0208 (GALILEO 11)   
1 41175U 15079B   23302.84862159  .00000051  00000+0  00000+0 0  9997
2 41175  55.3223 127.6712 0001423   2.4953 357.5530  1.70474144 48966
IRNSS-1E                
1 41241U 16003A   23302.81401100 -.00000290  00000+0  00000+0 0  9997
2 41241  31.1059  76.9585 0021530 181.4399 184.2237  1.00266159 28444
NAVSTAR 76 (USA 266)    
1 41328U 16007A   23302.60512822  .00000048  00000+0  00000+0 0  9998
2 41328  55.0378 127.6538 0072519 233.5762 125.8007  2.00573079 56559
COSMOS 2514             
1 41330U 16008A   23302.76985866 -.00000065  00000+0  00000+0 0  9991
2 41330  65.4863 345.7990 0012549 217.5666 142.4129  2.13102563 60132
IRNSS-1F                
1 41384U 16015A   23302.89288444  .00000162  00000+0  00000+0 0  9997
2 41384   3.0482 127.2049 0019971 174.5438  90.1963  1.00278367 28027
BEIDOU-2 IGSO-6         
1 41434U 16021A   23302.65539883 -.00000186  00000+0  00000+0 0  9997
2 41434  58.8355  47.7037 0048973 219.9632 102.6560  1.00271725 27838
IRNSS-1G                
1 41469U 16027A   23302.82704098 -.00000331  00000+0  00000+0 0  9994
2 41469   2.9359 128.7588 0000818 293.0774  43.2626  1.00277731 27530
GSAT0211 (GALILEO 14)   
1 41549U 16030A   23302.38327105 -.00000023  00000+0  00000+0 0  9996
2 41549  55.4811 248.1583 0004011 329.8413  30.1040  1.70472976 46276
GSAT0210 (GALILEO 13)   
1 41550U 16030B   23302.08812706 -.00000024  00000+0  00000+0 0  9992
2 41550  55.4810 248.1675 0003433 294.0565  65.8745  1.70473273 46264
COSMOS 2516             
1 41554U 16032A   23301.47534880  .00000000  00000+0  00000+0 0  9997
2 41554  63.8605 224.1905 0014949 212.7589 147.1627  2.13106315 57713
BEIDOU-2 G7             
1 41586U 16037A   23303.17480102 -.00000353  00000+0  00000+0 0  9995
2 41586   2.0044  69.1392 0006747 335.3674 167.2231  1.00268871 27140
EUTELSAT 117 WEST B     
1 41589U 16038B   23302.83900042 -.00000012  00000+0  00000+0 0  9993
2 41589   0.0136  94.8613 0000422   7.6476 120.4467  1.00269568 27064
GSAT0207 (GALILEO 15)   
1 41859U 16069A   23302.92278288  .00000050  00000+0  00000+0 0  9998
2 41859  54.9872 127.7293 0001623 310.1507  49.8823  1.70474234 43232
GSAT0212 (GALILEO 16)   
1 41860U 16069B   23301.60422882  .00000060  00000+0  00000+0 0  9996
2 41860  54.9844 127.7627 0001746  32.1147 327.9539  1.70474422 43245
GSAT0213 (GALILEO 17)   
1 41861U 16069C   23302.55729269  .00000053  00000+0  00000+0 0  9993
2 41861  54.9867 127.7423 0001796 255.6039 104.4263  1.70473056 43257
GSAT0214 (GALILEO 18)   
1 41862U 16069D   23301.53141611  .00000061  00000+0  00000+0 0  9999
2 41862  54.9845 127.7648 0000849 246.6077 113.4419  1.70472928 43231
SES-15                  
1 42709U 17026A   23303.47306550  .00000060  00000+0  00000+0 0  9993
2 42709   0.0474  60.6372 0000495 170.0410 209.0116  1.00267602 24553
QZS-2 (MICHIBIKI-2)     
1 42738U 17028A   23302.72394412 -.00000232  00000+0  00000+0 0  9990
2 42738  40.9551 257.0797 0743858 270.8326 268.4706  1.00249654 23504
QZS-3 (MICHIBIKI-3)     
1 42917U 17048A   23302.82556561 -.00000349  00000+0  00000+0 0  9996
2 42917   0.0593 162.7485 0001878  68.1499 231.1802  1.00266010 22610
COSMOS 2522             
1 42939U 17055A   23303.08063892  .00000012  00000+0  00000+0 0  9993
2 42939  64.0946 224.6765 0007747 241.4961 118.4484  2.13101973 47493
QZS-4 (MICHIBIKI-4)     
1 42965U 17062A   23303.49575593 -.00000349  00000+0  00000+0 0  9995
2 42965  40.6127 355.7298 0750821 270.3981  89.8956  1.00265207 22170
BEIDOU-3 M1             
1 43001U 17069A   23302.98591631 -.00000003  00000+0  00000+0 0  9995
2 43001  55.8868  94.9679 0007269 294.3046  65.6044  1.86231418 40706
BEIDOU-3 M2             
1 43002U 17069B   23302.92275043 -.00000003  00000+0  00000+0 0  9996
2 43002  55.8857  95.0065 0005202 328.5393  31.4147  1.86231070 40693
GSAT0215 (GALILEO 19)   
1 43055U 17079A   23301.43323843 -.00000026  00000+0  00000+0 0  9997
2 43055  55.4582 248.0096 0002885 288.7461  71.1870  1.70473678 36574
GSAT0216 (GALILEO 20)   
1 43056U 17079B   23301.13852879 -.00000027  00000+0  00000+0 0  9992
2 43056  55.4591 248.0175 0004486 288.7289  71.1858  1.70473791 36583
GSAT0217 (GALILEO 21)   
1 43057U 17079C   23303.11867835 -.00000020  00000+0  00000+0 0  9994
2 43057  55.4558 247.9621 0004089 303.8183  56.1159  1.70473763 36601
GSAT0218 (GALILEO 22)   
1 43058U 17079D   23301.57895532 -.00000025  00000+0  00000+0 0  9993
2 43058  55.4569 248.0019 0004878 284.1058  75.8049  1.70473753 36600
BEIDOU-3 M7             
1 43107U 18003A   23302.67340379 -.00000090  00000+0  00000+0 0  9994
2 43107  55.0863 335.5841 0002532  64.6271 295.4505  1.86232388 39453
BEIDOU-3 M8             
1 43108U 18003B   23303.14891338 -.00000092  00000+0  00000+0 0  9996
2 43108  55.0790 335.5546 0004932 254.8202 105.1750  1.86230873 39465
BEIDOU-3 M4             
1 43207U 18018A   23301.98004299  .00000005  00000+0  00000+0 0  9997
2 43207  55.8445  95.0986 0003716  18.8560 341.1472  1.86231317 38826
BEIDOU-3 M3             
1 43208U 18018B   23302.04670291  .00000005  00000+0  00000+0 0  9997
2 43208  55.8439  95.1009 0004965 311.0446  48.9017  1.86231326 38822
BEIDOU-3 M9             
1 43245U 18029A   23302.26937852 -.00000086  00000+0  00000+0 0  9993
2 43245  54.9786 333.3269 0002119 250.8061 109.2212  1.86232465 37984
BEIDOU-3 M10            
1 43246U 18029B   23302.19932378 -.00000086  00000+0  00000+0 0  9994
2 43246  54.9761 333.3581 0003403 338.5515  21.4849  1.86232778 37966
IRNSS-1I                
1 43286U 18035A   23301.69795021  .00000106  00000+0  00000+0 0  9993
2 43286  29.3780  89.3250 0021421 176.4609  77.3732  1.00268281 20429
COSMOS 2527             
1 43508U 18053A   23303.03929683  .00000031  00000+0  00000+0 0  9990
2 43508  65.1145 106.0809 0007818 213.2620 146.6924  2.13102383 41794
BEIDOU-2 IGSO-7         
1 43539U 18057A   23302.83333038 -.00000080  00000+0  00000+0 0  9993
2 43539  55.1180 171.3725 0063709 229.6900  50.4158  1.00266480 19500
GSAT0221 (GALILEO 25)   
1 43564U 18060A   23302.65194205 -.00000103  00000+0  00000+0 0  9992
2 43564  57.2901   7.7097 0004848 262.2102  97.7903  1.70475948 32776
GSAT0222 (GALILEO 26)   
1 43565U 18060B   23301.69693164 -.00000101  00000+0  00000+0 0  9992
2 43565  57.2935   7.7366 0004493 229.5430 130.4722  1.70475899 32802
GSAT0219 (GALILEO 23)   
1 43566U 18060C   23301.91918717 -.00000101  00000+0  00000+0 0  9992
2 43566  57.2927   7.7326 0003944 266.2921  93.7176  1.70476021 32782
GSAT0220 (GALILEO 24)   
1 43567U 18060D   23302.13964694 -.00000102  00000+0  00000+0 0  9994
2 43567  57.2924   7.7265 0004223 262.1659  97.8412  1.70475786 32770
BEIDOU-3 M5             
1 43581U 18062A   23302.95651211  .00000013  00000+0  00000+0 0  9990
2 43581  54.1652 215.0169 0003429 300.4773  59.5306  1.86231825 35734
BEIDOU-3 M6             
1 43582U 18062B   23302.28609943  .00000011  00000+0  00000+0 0  9990
2 43582  54.1650 215.0293 0006020  18.1808 341.8783  1.86229725 35724
BEIDOU-3 M12            
1 43602U 18067A   23303.29580886  .00000015  00000+0  00000+0 0  9998
2 43602  54.2528 213.6554 0007714  21.1903 338.8881  1.86231456 35221
BEIDOU-3 M11            
1 43603U 18067B   23302.35573602  .00000013  00000+0  00000+0 0  9991
2 43603  54.2501 213.6530 0004557  12.0351 348.0169  1.86231389 35233
BEIDOU-3 M13            
1 43622U 18072A   23302.85165840 -.00000003  00000+0  00000+0 0  9994
2 43622  55.8149  94.6082 0004151 285.4592  74.4800  1.86231322 34756
BEIDOU-3 M14            
1 43623U 18072B   23301.64321860  .00000008  00000+0  00000+0 0  9991
2 43623  55.8159  94.6414 0002020 339.9342  20.0487  1.86231252 34725
BEIDOU-3 M16            
1 43647U 18078A   23302.88095833 -.00000089  00000+0  00000+0 0  9998
2 43647  54.8746 333.4240 0006346 359.2348   0.8126  1.86227215 34268
BEIDOU-3 M15            
1 43648U 18078B   23302.47313959 -.00000087  00000+0  00000+0 0  9994
2 43648  54.8706 333.4417 0003081 359.6805   0.3689  1.86232153 34262
BEIDOU-3 G1             
1 43683U 18085A   23302.82974459 -.00000277  00000+0  00000+0 0  9999
2 43683   1.6380 120.7172 0001904  12.2610 343.7266  1.00270167 18419
COSMOS 2529             
1 43687U 18086A   23302.20013059  .00000006  00000+0  00000+0 0  9995
2 43687  64.3100 225.1569 0009464 264.7566  95.1518  2.13101993 38787
BEIDOU-3 M17            
1 43706U 18093A   23303.15791002  .00000013  00000+0  00000+0 0  9999
2 43706  54.2477 214.9314 0008519 287.6507  72.2994  1.86231938 33621
BEIDOU-3 M18            
1 43707U 18093B   23302.48755842  .00000012  00000+0  00000+0 0  9996
2 43707  54.2486 214.9460 0007460 318.9344  41.0485  1.86229750 33623
NAVSTAR 77 (USA 289)    
1 43873U 18109A   23302.64629005  .00000051  00000+0  00000+0 0  9990
2 43873  55.2127 130.1788 0026849 189.7473  94.4021  2.00570683 35789
BEIDOU-3 IGSO-1         
1 44204U 19023A   23303.30130100 -.00000238  00000+0  00000+0 0  9990
2 44204  57.3039  47.6549 0024245 198.0848  20.3941  1.00265558 16720
BEIDOU-2 G8             
1 44231U 19027A   23302.85876788 -.00000246  00000+0  00000+0 0  9991
2 44231   1.3794  71.0510 0004875 158.5916 262.0300  1.00273212 16438
COSMOS 2534             
1 44299U 19030A   23303.00069017  .00000012  00000+0  00000+0 0  9996
2 44299  64.3827 225.0613 0011840 286.1517 102.1614  2.13101820 34430
BEIDOU-3 IGSO-2         
1 44337U 19035A   23303.53769931 -.00000081  00000+0  00000+0 0  9991
2 44337  55.1532 167.2971 0032986 194.7225 348.2941  1.00257052 16061
NAVSTAR 78 (USA 293)    
1 44506U 19056A   23302.61404397 -.00000103  00000+0  00000+0 0  9997
2 44506  55.8276   9.2522 0038384 188.1539 331.2885  2.00566470 30783
BEIDOU-3 M24            
1 44542U 19061A   23303.09577319  .00000013  00000+0  00000+0 0  9990
2 44542  54.4751 215.1745 0008640 355.0989   4.9348  1.86231472 27897
BEIDOU-3 M23            
1 44543U 19061B   23302.15335740  .00000010  00000+0  00000+0 0  9994
2 44543  54.4736 215.1753 0005578 345.0072  15.1334  1.86231730 27884
BEIDOU-3 IGSO-3         
1 44709U 19073A   23302.37248663 -.00000197  00000+0  00000+0 0  9999
2 44709  56.4460 291.1715 0034612 190.9675 168.8987  1.00265306 14814
BEIDOU-3 M22            
1 44793U 19078A   23302.40419084 -.00000087  00000+0  00000+0 0  9996
2 44793  54.7231 333.4008 0005063   5.5725 354.4828  1.86232109 26734
BEIDOU-3 M21            
1 44794U 19078B   23302.53462083 -.00000088  00000+0  00000+0 0  9999
2 44794  54.6968 333.3773 0003258 349.0558  10.9863  1.86232556 26743
COSMOS 2544             
1 44850U 19088A   23302.98308545  .00000031  00000+0  00000+0 0  9991
2 44850  65.1008 105.9246 0011392 247.4400 112.4429  2.13102147 30217
BEIDOU-3 M19            
1 44864U 19090A   23302.89638819 -.00000003  00000+0  00000+0 0  9999
2 44864  55.7491  94.7900 0015483 272.6949 163.5412  1.86231651 26326
BEIDOU-3 M20            
1 44865U 19090B   23302.69075181 -.00000002  00000+0  00000+0 0  9994
2 44865  55.7512  94.8300 0013070 287.3665 100.7775  1.86231606 26318
BEIDOU-3 G2             
1 45344U 20017A   23302.86101016 -.00000142  00000+0  00000+0 0  9999
2 45344   2.0864  19.0984 0003426 202.1170 206.7160  1.00272129 13629
COSMOS 2545             
1 45358U 20018A   23302.71074660 -.00000066  00000+0  00000+0 0  9998
2 45358  64.8266 346.0010 0011713 245.3199 114.6250  2.13102530 28173
BEIDOU-3 G3             
1 45807U 20040A   23303.53338250 -.00000354  00000+0  00000+0 0  9991
2 45807   0.5845 356.4482 0009538 310.9889  33.7833  1.00272989 12450
NAVSTAR 79 (USA 304)    
1 45854U 20041A   23302.41018748 -.00000055  00000+0  00000+0 0  9995
2 45854  55.9303  66.5513 0038277 188.1826 126.8889  2.00561970 24749
GALAXY 30 (G-30)        
1 46114U 20056C   23302.82532566  .00000037  00000+0  00000+0 0  9994
2 46114   0.0156 270.2007 0003116 314.3987 345.4103  1.00271844 11766
COSMOS 2547             
1 46805U 20075A   23301.96094585  .00000005  00000+0  00000+0 0  9995
2 46805  64.6104 224.6689 0007143 242.5703 117.3730  2.13102750 23403
NAVSTAR 80 (USA 309)    
1 46826U 20078A   23302.20706373 -.00000023  00000+0  00000+0 0  9995
2 46826  54.2851 249.8356 0037055 194.6669 309.5691  2.00562656 22213
NAVSTAR 81 (USA 319)    
1 48859U 21054A   23303.21565366 -.00000105  00000+0  00000+0 0  9996
2 48859  55.3468  10.9876 0013819 217.5060 118.7852  2.00570371 17477
QZS-1R                  
1 49336U 21096A   23302.80161171 -.00000236  00000+0  00000+0 0  9998
2 49336  35.4699  94.0644 0747927 270.2685  97.3453  1.00273623  7378
GSAT0223 (GALILEO 27)   
1 49809U 21116A   23302.64372495 -.00000103  00000+0  00000+0 0  9994
2 49809  57.2839   7.6086 0003687 207.3878 192.3007  1.70476084 11799
GSAT0224 (GALILEO 28)   
1 49810U 21116B   23302.36543573 -.00000102  00000+0  00000+0 0  9991
2 49810  57.2849   7.6144 0002923 206.9560 134.4252  1.70476028 11801
COSMOS 2557             
1 52984U 22075A   23303.53162702 -.00000072  00000+0  00000+0 0  9999
2 52984  64.7448 348.1258 0013508 276.2822  83.6297  2.13102154 10229
COSMOS 2559             
1 54031U 22130A   23302.53527538 -.00000068  00000+0  00000+0 0  9992
2 54031  64.7164 348.2862 0007949 227.4992 132.5013  2.13101381  8193
COSMOS 2564             
1 54377U 22161A   23302.72808421  .00000010  00000+0  00000+0 0  9999
2 54377  64.7512 224.7061 0009080 221.1057 138.8462  2.13102130  7147
NAVSTAR 82 (USA 343)    
1 55268U 23009A   23302.45656926  .00000043  00000+0  00000+0 0  9998
2 55268  55.0859 186.2538 0005235  89.5443  96.7015  2.00551813  5953
BEIDOU-3 G4             
1 56564U 23066A   23303.54569329 -.00000113  00000+0  00000+0 0  9991
2 56564   2.7041 288.5974 0005420 230.7437 235.7300  1.00270923  1771
IRNSS-1J (NVS-01)       
1 56759U 23076A   23302.82704097 -.00000340  00000+0  00000+0 0  9993
2 56759   4.5972 271.0165 0007410 345.4537 208.7388  1.00273728  1474
