NAVSTAR 43 (USA 132)    
1 24876U 97035A   23232.14055359  .00000015  00000+0  00000+0 0  9999
2 24876  55.5843 138.9388 0071866  51.9814 308.7127  2.00564009191055
NAVSTAR 47 (USA 150)    
1 26360U 00025A   23233.47491428 -.00000030  00000+0  00000+0 0  9998
2 26360  54.4199  61.1700 0041328 198.7768 134.0235  2.00571775170594
NAVSTAR 51 (USA 166)    
1 27663U 03005A   23232.79386622  .00000045  00000+0  00000+0 0  9994
2 27663  55.2530 255.9894 0131544  44.6310 136.3880  2.00566903150617
NAVSTAR 52 (USA 168)    
1 27704U 03010A   23233.27352550 -.00000080  00000+0  00000+0 0  9993
2 27704  55.1155   5.9383 0248397 318.4269  66.8665  2.00574302149428
NAVSTAR 54 (USA 177)    
1 28190U 04009A   23233.84530497 -.00000056  00000+0  00000+0 0  9996
2 28190  55.7011 317.0063 0093042 137.9855 238.6424  2.00567747142315
NAVSTAR 56 (USA 180)    
1 28474U 04045A   23232.74928743 -.00000081  00000+0  00000+0 0  9992
2 28474  55.4424   6.2760 0161869 282.1817  77.8811  2.00579510137734
ANIK F1R                
1 28868U 05036A   23234.49275066 -.00000066  00000+0  00000+0 0  9990
2 28868   1.6526  89.2148 0002629  39.1375 272.2688  1.00272341 65830
NAVSTAR 57 (USA 183)    
1 28874U 05038A   23233.83967729 -.00000052  00000+0  00000+0 0  9995
2 28874  55.7526 314.4582 0139171 279.3424 114.3305  2.00576418131163
INMARSAT 4-F2           
1 28899U 05044A   23234.38358108  .00000019  00000+0  00000+0 0  9997
2 28899   3.8502  40.6188 0002688 115.0615  16.7396  1.00271750 65170
NAVSTAR 58 (USA 190)    
1 29486U 06042A   23231.64786775  .00000044  00000+0  00000+0 0  9998
2 29486  54.6867 192.2772 0102781  31.5428 121.3208  2.00570788123830
NAVSTAR 59 (USA 192)    
1 29601U 06052A   23232.35311521  .00000043  00000+0  00000+0 0  9999
2 29601  55.2737 254.9650 0084188  79.3167 281.6779  2.00576908122756
NAVSTAR 60 (USA 196)    
1 32260U 07047A   23232.16776441  .00000005  00000+0  00000+0 0  9992
2 32260  53.4583 122.7703 0150771  70.2262 291.4658  2.00552224116134
COSMOS 2433             
1 32275U 07052A   23233.42396766 -.00000062  00000+0  00000+0 0  9996
2 32275  66.0260 350.3976 0003232 211.1349 148.8677  2.13104203123132
COSMOS 2432             
1 32276U 07052B   23233.50430480 -.00000061  00000+0  00000+0 0  9997
2 32276  66.0402 350.5033 0007915 324.6401  44.1019  2.13103330123136
NAVSTAR 61 (USA 199)    
1 32384U 07062A   23233.48355469 -.00000054  00000+0  00000+0 0  9990
2 32384  55.8845 315.2913 0024961 149.2232 210.8734  2.00558121114900
COSMOS 2434             
1 32393U 07065A   23233.19270174  .00000084  00000+0  00000+0 0  9992
2 32393  64.3380 226.7862 0000148 190.8989 242.8081  2.13103148121839
COSMOS 2436             
1 32395U 07065C   23233.53781088  .00000088  00000+0  00000+0 0  9997
2 32395  64.3466 226.8361 0015600 351.6527 122.3453  2.13102873121777
NAVSTAR 62 (USA 201)    
1 32711U 08012A   23233.57796091  .00000059  00000+0  00000+0 0  9994
2 32711  54.4535 191.0349 0177398 235.7478 122.5417  2.00556919113082
NAVSTAR 64 (USA 206)    
1 35752U 09043A   23234.31467858 -.00000020  00000+0  00000+0 0  9995
2 35752  55.4218  68.2375 0058461  68.5149 120.1270  2.00558710102685
COSMOS 2456             
1 36111U 09070A   23233.57920551  .00000013  00000+0  00000+0 0  9997
2 36111  64.4844 106.2792 0002637 329.1250 200.4799  2.13099269106505
COSMOS 2457             
1 36112U 09070B   23234.29247007  .00000011  00000+0  00000+0 0  9994
2 36112  64.4685 106.1202 0005230 149.7252 337.7486  2.13101422106528
COSMOS 2460             
1 36402U 10007C   23233.20189361 -.00000062  00000+0  00000+0 0  9993
2 36402  65.8888 349.1228 0001584 148.5235 210.5324  2.13106385104848
NAVSTAR 65 (USA 213)    
1 36585U 10022A   23233.64647995  .00000059  00000+0  00000+0 0  9997
2 36585  54.5718 250.1398 0108871  59.6636 122.8024  2.00561305 96913
BEIDOU-2 IGSO-1         
1 36828U 10036A   23233.83309431 -.00000110  00000+0  00000+0 0  9992
2 36828  54.2371 172.2948 0036684 189.6961  15.8001  1.00257494 47896
QZS-1 (MICHIBIKI-1)     
1 37158U 10045A   23224.51019722 -.00000072  00000+0  00000+0 0  9992
2 37158  42.7913 127.6971 0037647 277.2224 272.4955  0.88387770 47281
BEIDOU-2 G4             
1 37210U 10057A   23233.55295840 -.00000105  00000+0  00000+0 0  9992
2 37210   1.1443  60.1569 0005264 146.2280 122.2236  1.00272258 46943
BEIDOU-2 IGSO-2         
1 37256U 10068A   23234.06516935 -.00000172  00000+0  00000+0 0  9996
2 37256  49.4329 284.4676 0032300 211.8424 324.7146  1.00288579 46459
BEIDOU-2 IGSO-3         
1 37384U 11013A   23233.30832708 -.00000157  00000+0  00000+0 0  9997
2 37384  60.9179  50.0314 0027760 174.0718 323.9383  1.00285698 45337
GSAT-8                  
1 37605U 11022A   23234.23848406  .00000093  00000+0  00000+0 0  9996
2 37605   0.0261 105.4132 0004104 139.5935 226.2087  1.00272831 44911
NAVSTAR 66 (USA 232)    
1 37753U 11036A   23233.89966951 -.00000071  00000+0  00000+0 0  9999
2 37753  56.7419  11.9880 0127238  56.2340  34.8482  2.00568496 88600
BEIDOU-2 IGSO-4         
1 37763U 11038A   23233.83322632 -.00000044  00000+0  00000+0 0  9998
2 37763  54.5111 174.8346 0111999 228.3345 322.1628  1.00277035 44305
GSAT0101 (GALILEO-PFM)  
1 37846U 11060A   23232.63214153 -.00000077  00000+0  00000+0 0  9996
2 37846  57.1080   9.6970 0002304  72.9466 287.0814  1.70476050 73667
GSAT0102 (GALILEO-FM2)  
1 37847U 11060B   23230.76104728 -.00000083  00000+0  00000+0 0  9992
2 37847  57.1086   9.7474 0001470  11.3950 326.6088  1.70475522 73624
COSMOS 2476             
1 37867U 11064A   23234.17618512  .00000012  00000+0  00000+0 0  9999
2 37867  64.7646 107.7808 0021358 233.7794 303.0031  2.13101771 91868
COSMOS 2477             
1 37868U 11064B   23233.46244564  .00000014  00000+0  00000+0 0  9995
2 37868  64.7716 107.8743 0018603 234.5206 292.5969  2.13101700 91800
COSMOS 2475             
1 37869U 11064C   23234.53499183  .00000011  00000+0  00000+0 0  9991
2 37869  64.7793 107.8501 0022883 252.1304 336.2672  2.13102065 91833
BEIDOU-2 IGSO-5         
1 37948U 11073A   23233.02855351 -.00000128  00000+0  00000+0 0  9995
2 37948  49.5596 284.1475 0094867 220.1837 291.0856  1.00276349 43065
LUCH-5A                 
1 37951U 11074B   23234.48087262 -.00000040  00000+0  00000+0 0  9992
2 37951   6.1079  89.9211 0005099  48.8015 171.8948  1.00273610 42867
BEIDOU-2 G5             
1 38091U 12008A   23233.45085917  .00000065  00000+0  00000+0 0  9993
2 38091   1.6750  68.1668 0002098 166.8568 315.5120  1.00268994 42143
BEIDOU-2 M3             
1 38250U 12018A   23233.23751519 -.00000084  00000+0  00000+0 0  9997
2 38250  56.5193 339.3429 0022781 255.0560 104.7250  1.86231225 77086
BEIDOU-2 M4             
1 38251U 12018B   23233.16901110 -.00000084  00000+0  00000+0 0  9994
2 38251  56.4302 338.6393 0013662 254.4570 105.4262  1.86231938 77095
SES-5                   
1 38652U 12036A   23232.72353611  .00000040  00000+0  00000+0 0  9998
2 38652   0.0499 303.3767 0002071 202.6449  88.2197  1.00272890 40721
BEIDOU-2 M6             
1 38775U 12050B   23233.95292831 -.00000006  00000+0  00000+0 0  9995
2 38775  55.6799  97.2162 0012139 338.7341  21.3040  1.86231302 74473
GSAT-10                 
1 38779U 12051B   23234.01368748 -.00000157  00000+0  00000+0 0  9996
2 38779   0.0920 272.4369 0000807 338.5561 166.9931  1.00273764 39968
NAVSTAR 67 (USA 239)    
1 38833U 12053A   23232.26022475  .00000044  00000+0  00000+0 0  9992
2 38833  53.5144 185.8086 0140986  51.6397 309.5925  2.00567005 79637
GSAT0103 (GALILEO-FM3)  
1 38857U 12055A   23232.08469625  .00000007  00000+0  00000+0 0  9991
2 38857  55.2766 129.9128 0003295 271.4237  88.6052  1.70473763 67551
GSAT0104 (GALILEO-FM4)  
1 38858U 12055B   23231.46758736  .00000004  00000+0  00000+0 0  9994
2 38858  55.2766 129.9313 0000745 273.4815  86.5749  1.70474049 67513
BEIDOU-2 G6             
1 38953U 12059A   23233.45596128 -.00000169  00000+0  00000+0 0  9993
2 38953   1.7883  81.9925 0008060 316.3934 179.3486  1.00271969 39717
LUCH-5B                 
1 38977U 12061A   23233.36425950 -.00000129  00000+0  00000+0 0  9992
2 38977   8.2227  59.2395 0005759  97.6227 287.4235  1.00272455 39840
COSMOS 2485             
1 39155U 13019A   23233.15616648  .00000015  00000+0  00000+0 0  9991
2 39155  64.9256 108.3350 0022096 231.5046 287.1435  2.13102011 80309
NAVSTAR 68 (USA 242)    
1 39166U 13023A   23234.11644045 -.00000046  00000+0  00000+0 0  9992
2 39166  55.3678 310.6482 0114117  41.7735 319.1564  2.00564331 75215
IRNSS-1A                
1 39199U 13034A   23234.16657309  .00000084  00000+0  00000+0 0  9993
2 39199  33.3930  78.8870 0019847 176.2146 190.0723  1.00275588 37321
NAVSTAR 69 (USA 248)    
1 39533U 14008A   23233.11702083  .00000055  00000+0  00000+0 0  9999
2 39533  53.6016 191.3294 0067270 215.8021 143.7240  2.00550956 69554
ASTRA 5B                
1 39617U 14011B   23234.30382525  .00000146  00000+0  00000+0 0  9994
2 39617   0.0524 308.1527 0003280 228.8338 286.2324  1.00274038 34540
COSMOS 2492             
1 39620U 14012A   23234.31245678 -.00000061  00000+0  00000+0 0  9994
2 39620  65.7721 348.7061 0011011 319.4291  40.5134  2.13103168 73295
IRNSS-1B                
1 39635U 14017A   23234.16631157  .00000130  00000+0  00000+0 0  9995
2 39635  28.7300 257.8855 0020247 191.2185 356.0299  1.00270452 34451
LUCH-5V                 
1 39727U 14023A   23234.03131359 -.00000261  00000+0  00000+0 0  9995
2 39727   2.5387  77.3199 0002769 114.5711 244.1298  1.00276566552189
NAVSTAR 70 (USA 251)    
1 39741U 14026A   23233.89743497 -.00000071  00000+0  00000+0 0  9998
2 39741  56.6950  11.5103 0028715 311.6100  48.1551  2.00558204 67860
COSMOS 2500             
1 40001U 14032A   23234.49592294 -.00000061  00000+0  00000+0 0  9999
2 40001  65.7103 348.5284 0007722 194.0191 165.9844  2.13105847 71518
NAVSTAR 71 (USA 256)    
1 40105U 14045A   23233.98277998  .00000005  00000+0  00000+0 0  9999
2 40105  54.8081 129.6063 0024325 112.9952 247.3247  2.00576851 66308
GSAT0201 (GALILEO 5)    
1 40128U 14050A   23234.40711256 -.00000068  00000+0  00000+0 0  9998
2 40128  49.9469 315.0851 1609473 139.8832 233.2080  1.85519167 61159
GSAT0202 (GALILEO 6)    
1 40129U 14050B   23231.43258664 -.00000074  00000+0  00000+0 0  9995
2 40129  49.9690 314.2753 1607511 140.5786 232.3202  1.85519993 61294
IRNSS-1C                
1 40269U 14061A   23234.10066556 -.00000154  00000+0  00000+0 0  9995
2 40269   3.9324 113.1214 0020298  15.7855 320.4913  1.00272887 32494
NAVSTAR 72 (USA 258)    
1 40294U 14068A   23231.86674664 -.00000021  00000+0  00000+0 0  9998
2 40294  56.1633  71.0668 0048952  61.3007 299.2626  2.00570890 64487
COSMOS 2501             
1 40315U 14075A   23233.33791619  .00000085  00000+0  00000+0 0  9993
2 40315  63.6415 226.1477 0020170 211.6707 148.2160  2.13101412 67889
NAVSTAR 73 (USA 260)    
1 40534U 15013A   23232.00166025  .00000045  00000+0  00000+0 0  9995
2 40534  53.4711 246.9260 0079721  25.1044 335.3143  2.00555722 61546
GSAT0203 (GALILEO 7)    
1 40544U 15017A   23232.41163736 -.00000078  00000+0  00000+0 0  9998
2 40544  56.9030   9.6778 0002557 220.2130 139.7705  1.70476306 52270
GSAT0204 (GALILEO 8)    
1 40545U 15017B   23231.49205298 -.00000081  00000+0  00000+0 0  9990
2 40545  56.9091   9.7170 0003001 200.5976 159.3905  1.70475772 52264
IRNSS-1D                
1 40547U 15018A   23232.47948604 -.00000262  00000+0  00000+0 0  9998
2 40547  28.1021 257.8869 0020638 191.1993 163.8765  1.00270367 30895
BEIDOU-3S IGSO-1S       
1 40549U 15019A   23233.67313358 -.00000158  00000+0  00000+0 0  9990
2 40549  51.1250 307.7349 0040606 195.1381 163.8403  1.00259383 30745
NAVSTAR 74 (USA 262)    
1 40730U 15033A   23233.65902808 -.00000045  00000+0  00000+0 0  9995
2 40730  54.8567 309.2872 0084844  14.0303 346.2707  2.00556072 59348
BEIDOU-3S M2S           
1 40748U 15037A   23234.44579212 -.00000082  00000+0  00000+0 0  9996
2 40748  55.6702 337.2044 0010671 239.4330 120.4978  1.86233249 54943
BEIDOU-3S M1S           
1 40749U 15037B   23232.56807637 -.00000085  00000+0  00000+0 0  9996
2 40749  55.6744 337.2541 0002621 311.2152  48.7970  1.86233015 54900
GSAT0205 (GALILEO 9)    
1 40889U 15045A   23233.60633661  .00000060  00000+0  00000+0 0  9992
2 40889  55.3705 250.0760 0003274 357.5064   2.5292  1.70473501 49441
GSAT0206 (GALILEO 10)   
1 40890U 15045B   23232.65385659  .00000057  00000+0  00000+0 0  9995
2 40890  55.3701 250.0979 0002216 320.8323  39.1897  1.70473588 49450
BEIDOU-3S IGSO-2S       
1 40938U 15053A   23233.81595490 -.00000096  00000+0  00000+0 0  9996
2 40938  50.8301 270.9031 0047782 194.3231 253.9102  1.00286602 29015
NAVSTAR 75 (USA 265)    
1 41019U 15062A   23234.21071637 -.00000016  00000+0  00000+0 0  9996
2 41019  56.1491  70.8245 0088556 221.0523 138.3425  2.00562192 57179
GSAT-15                 
1 41028U 15065A   23234.03113926 -.00000250  00000+0  00000+0 0  9997
2 41028   0.0939 273.3420 0002330 198.2179 323.2346  1.00273091 28538
GSAT0209 (GALILEO 12)   
1 41174U 15079A   23233.41215736  .00000010  00000+0  00000+0 0  9990
2 41174  55.2947 129.5831 0003483 325.2084  34.8370  1.70473974 47785
GSAT0208 (GALILEO 11)   
1 41175U 15079B   23234.21836908  .00000010  00000+0  00000+0 0  9990
2 41175  55.2933 129.5591 0002470 337.5471  22.5092  1.70473778 47793
IRNSS-1E                
1 41241U 16003A   23232.91181286 -.00000291  00000+0  00000+0 0  9991
2 41241  30.9427  78.0144 0019647 173.7902 157.2838  1.00272085 27850
NAVSTAR 76 (USA 266)    
1 41328U 16007A   23231.81024297  .00000010  00000+0  00000+0 0  9995
2 41328  55.0123 130.4679 0071654 234.6503 124.7390  2.00551014 55174
COSMOS 2514             
1 41330U 16008A   23233.31916644 -.00000063  00000+0  00000+0 0  9991
2 41330  65.5080 348.1528 0011304 204.4409 155.5297  2.13102746 58654
IRNSS-1F                
1 41384U 16015A   23234.23395149  .00000167  00000+0  00000+0 0  9995
2 41384   2.9061 130.4504 0018083 177.6454 138.8024  1.00269782 27337
BEIDOU-2 IGSO-6         
1 41434U 16021A   23233.84435115 -.00000136  00000+0  00000+0 0  9999
2 41434  58.7323  48.4034 0046957 217.8766 103.6101  1.00285982 27148
IRNSS-1G                
1 41469U 16027A   23234.46825735 -.00000326  00000+0  00000+0 0  9994
2 41469   2.7993 132.1628 0003871 354.2591 142.2605  1.00270293 26841
GSAT0211 (GALILEO 14)   
1 41549U 16030A   23233.75270403  .00000061  00000+0  00000+0 0  9999
2 41549  55.5168 250.0462 0003848 306.4856  53.5162  1.70473621 45089
GSAT0210 (GALILEO 13)   
1 41550U 16030B   23232.28449079  .00000056  00000+0  00000+0 0  9999
2 41550  55.5168 250.0878 0004195 272.6312  87.3597  1.70473733 45057
COSMOS 2516             
1 41554U 16032A   23232.02652760  .00000071  00000+0  00000+0 0  9997
2 41554  63.8679 226.5899 0015489 214.7889 145.1175  2.13106502 56237
BEIDOU-2 G7             
1 41586U 16037A   23233.96280050 -.00000346  00000+0  00000+0 0  9996
2 41586   1.8372  68.2347 0007976 347.1928  11.6286  1.00277845 26455
EUTELSAT 117 WEST B     
1 41589U 16038B   23233.38869086 -.00000004  00000+0  00000+0 0  9999
2 41589   0.0080 252.6323 0000021 114.7652 344.9686  1.00271138 26370
GSAT0207 (GALILEO 15)   
1 41859U 16069A   23231.94626019  .00000006  00000+0  00000+0 0  9991
2 41859  54.9567 129.6990 0003503 306.9407  53.0937  1.70473928 42027
GSAT0212 (GALILEO 16)   
1 41860U 16069B   23232.97410945  .00000009  00000+0  00000+0 0  9999
2 41860  54.9547 129.6675 0002622 346.7705  13.2905  1.70474106 42078
GSAT0213 (GALILEO 17)   
1 41861U 16069C   23231.58029896  .00000004  00000+0  00000+0 0  9992
2 41861  54.9566 129.7121 0003345 280.9005  79.1273  1.70472786 42040
GSAT0214 (GALILEO 18)   
1 41862U 16069D   23232.31411808  .00000007  00000+0  00000+0 0  9996
2 41862  54.9559 129.6858 0002363 289.8659  70.1758  1.70472610 42057
SES-15                  
1 42709U 17026A   23233.18325325  .00000067  00000+0  00000+0 0  9991
2 42709   0.0200  39.7228 0000327  95.1563 131.1774  1.00269023 23842
QZS-2 (MICHIBIKI-2)     
1 42738U 17028A   23234.38774118 -.00000101  00000+0  00000+0 0  9996
2 42738  41.0639 258.0500 0753571 269.9088  83.5404  1.00268387 22811
QZS-3 (MICHIBIKI-3)     
1 42917U 17048A   23234.46773436 -.00000339  00000+0  00000+0 0  9991
2 42917   0.0679 146.3395 0002654  13.8563 105.7179  1.00269009 22046
COSMOS 2522             
1 42939U 17055A   23234.09955637  .00000093  00000+0  00000+0 0  9993
2 42939  64.1019 227.0396 0010116 243.2123 116.6954  2.13102011 46020
QZS-4 (MICHIBIKI-4)     
1 42965U 17062A   23231.67693111 -.00000316  00000+0  00000+0 0  9996
2 42965  40.6423 356.6453 0747008 269.0311  84.7980  1.00285808 21457
BEIDOU-3 M1             
1 43001U 17069A   23233.18233474 -.00000005  00000+0  00000+0 0  9990
2 43001  55.8307  97.2997 0008333 302.9144  57.0962  1.86231722 39408
BEIDOU-3 M2             
1 43002U 17069B   23234.19293650 -.00000006  00000+0  00000+0 0  9996
2 43002  55.8310  97.3015 0006780 332.9708  27.0818  1.86231189 39413
GSAT0215 (GALILEO 19)   
1 43055U 17079A   23231.04322977  .00000053  00000+0  00000+0 0  9992
2 43055  55.4943 249.9471 0003739 266.1461  93.8541  1.70474347 35378
GSAT0216 (GALILEO 20)   
1 43056U 17079B   23233.68148162  .00000061  00000+0  00000+0 0  9996
2 43056  55.4934 249.8741 0005289 272.8592  87.1172  1.70474409 35408
GSAT0217 (GALILEO 21)   
1 43057U 17079C   23233.31524856  .00000060  00000+0  00000+0 0  9994
2 43057  55.4929 249.8832 0004672 285.0509  74.9344  1.70474414 35415
GSAT0218 (GALILEO 22)   
1 43058U 17079D   23233.53530137  .00000060  00000+0  00000+0 0  9998
2 43058  55.4916 249.8748 0005764 270.6783  89.2926  1.70474367 35417
BEIDOU-3 M7             
1 43107U 18003A   23233.94380338 -.00000084  00000+0  00000+0 0  9999
2 43107  55.1265 337.9438 0003882  78.7447 281.3338  1.86232552 38177
BEIDOU-3 M8             
1 43108U 18003B   23233.88179336 -.00000084  00000+0  00000+0 0  9997
2 43108  55.1195 337.9331 0003641 240.7934 119.2053  1.86231048 38179
BEIDOU-3 M4             
1 43207U 18018A   23231.10254565 -.00000002  00000+0  00000+0 0  9994
2 43207  55.7880  97.4686 0005342   7.8151 352.2886  1.86231722 37508
BEIDOU-3 M3             
1 43208U 18018B   23231.70614007 -.00000002  00000+0  00000+0 0  9992
2 43208  55.7879  97.4529 0006446 319.5490  40.4975  1.86231572 37517
BEIDOU-3 M9             
1 43245U 18029A   23233.53986366 -.00000083  00000+0  00000+0 0  9997
2 43245  55.0218 335.6933 0001116 194.6603 165.3742  1.86232793 36706
BEIDOU-3 M10            
1 43246U 18029B   23233.46992410 -.00000083  00000+0  00000+0 0  9997
2 43246  55.0188 335.7238 0002751   4.8555 355.1847  1.86233024 36697
IRNSS-1I                
1 43286U 18035A   23233.68473601  .00000091  00000+0  00000+0 0  9996
2 43286  29.2164  90.4129 0019383 177.8519   3.1537  1.00278219 19735
COSMOS 2527             
1 43508U 18053A   23233.11972886  .00000015  00000+0  00000+0 0  9996
2 43508  65.0861 108.4270 0007411 223.3779 136.6527  2.13102453 40304
BEIDOU-2 IGSO-7         
1 43539U 18057A   23233.84381153 -.00000116  00000+0  00000+0 0  9998
2 43539  55.1213 171.9778 0064586 231.6001 342.8268  1.00287954 18823
GSAT0221 (GALILEO 25)   
1 43564U 18060A   23232.84840065 -.00000076  00000+0  00000+0 0  9996
2 43564  57.2839   9.5906 0002209 253.6201 106.3589  1.70476085 31597
GSAT0222 (GALILEO 26)   
1 43565U 18060B   23232.47987865 -.00000077  00000+0  00000+0 0  9997
2 43565  57.2872   9.6015 0002904 203.6134 156.3757  1.70475916 31627
GSAT0219 (GALILEO 23)   
1 43566U 18060C   23233.28881733 -.00000075  00000+0  00000+0 0  9993
2 43566  57.2867   9.5818 0001252 259.9262 100.0640  1.70476123 31610
GSAT0220 (GALILEO 24)   
1 43567U 18060D   23232.92263259 -.00000076  00000+0  00000+0 0  9992
2 43567  57.2861   9.5927 0001565 251.2144 108.7721  1.70476072 31581
BEIDOU-3 M5             
1 43581U 18062A   23234.22719425  .00000085  00000+0  00000+0 0  9995
2 43581  54.1808 217.3597 0005607 278.1575  81.7670  1.86231963 34450
BEIDOU-3 M6             
1 43582U 18062B   23234.09295809  .00000084  00000+0  00000+0 0  9995
2 43582  54.1805 217.3538 0004900 350.2736   9.7045  1.86229752 34458
BEIDOU-3 M12            
1 43602U 18067A   23233.49243440  .00000078  00000+0  00000+0 0  9993
2 43602  54.2678 216.0280 0006833  10.3478 349.6503  1.86231607 33922
BEIDOU-3 M11            
1 43603U 18067B   23234.16320672  .00000084  00000+0  00000+0 0  9999
2 43603  54.2649 215.9710 0004012 352.9085   7.0723  1.86231554 33967
BEIDOU-3 M13            
1 43622U 18072A   23234.12199663 -.00000006  00000+0  00000+0 0  9991
2 43622  55.7600  96.9077 0004968 301.0692  58.9700  1.86231686 33475
BEIDOU-3 M14            
1 43623U 18072B   23233.98745423 -.00000006  00000+0  00000+0 0  9996
2 43623  55.7616  96.9049 0003576 343.5279  16.5489  1.86231679 33474
BEIDOU-3 M16            
1 43647U 18078A   23233.07557756 -.00000084  00000+0  00000+0 0  9994
2 43647  54.9180 335.8323 0006060  13.0136 347.0391  1.86227367 32965
BEIDOU-3 M15            
1 43648U 18078B   23233.74352577 -.00000083  00000+0  00000+0 0  9992
2 43648  54.9131 335.8133 0003054  29.5680 330.4868  1.86232338 32999
BEIDOU-3 G1             
1 43683U 18085A   23234.47034931 -.00000269  00000+0  00000+0 0  9997
2 43683   1.4845 125.3207 0003286 344.7221 169.8777  1.00272523 17724
COSMOS 2529             
1 43687U 18086A   23233.68827866  .00000089  00000+0  00000+0 0  9990
2 43687  64.3172 227.4855 0011746 261.7009  98.1769  2.13102114 37320
BEIDOU-3 M17            
1 43706U 18093A   23233.35470637  .00000077  00000+0  00000+0 0  9991
2 43706  54.2633 217.3057 0010690 278.7773  81.0866  1.86232095 32322
BEIDOU-3 M18            
1 43707U 18093B   23234.29441168  .00000086  00000+0  00000+0 0  9993
2 43707  54.2639 217.2654 0008769 302.7110  57.1926  1.86229864 32352
NAVSTAR 77 (USA 289)    
1 43873U 18109A   23232.20427866  .00000012  00000+0  00000+0 0  9992
2 43873  55.1883 132.9640 0025286 191.7587 348.0788  2.00568352 34324
BEIDOU-3 IGSO-1         
1 44204U 19023A   23233.89271999 -.00000192  00000+0  00000+0 0  9997
2 44204  57.1984  48.3850 0023318 194.2119 168.0565  1.00286853 16036
BEIDOU-2 G8             
1 44231U 19027A   23233.78452323 -.00000239  00000+0  00000+0 0  9993
2 44231   1.9195  81.1787 0005723 123.0671 192.4828  1.00276199 15746
COSMOS 2534             
1 44299U 19030A   23234.54240385  .00000097  00000+0  00000+0 0  9990
2 44299  64.3897 227.3818 0013811 280.5563 148.8722  2.13102044 32993
BEIDOU-3 IGSO-2         
1 44337U 19035A   23233.84481074 -.00000122  00000+0  00000+0 0  9992
2 44337  55.1538 167.9119 0032997 197.6086  28.1299  1.00279024 15362
NAVSTAR 78 (USA 293)    
1 44506U 19056A   23233.53211637 -.00000074  00000+0  00000+0 0  9991
2 44506  55.8192  11.9877 0036332 184.3094 134.1830  2.00565520 29398
BEIDOU-3 M24            
1 44542U 19061A   23233.29233395  .00000077  00000+0  00000+0 0  9997
2 44542  54.4907 217.5345 0008330 335.8818  24.0643  1.86231493 26595
BEIDOU-3 M23            
1 44543U 19061B   23233.69065372  .00000081  00000+0  00000+0 0  9995
2 44543  54.4889 217.4906 0006028 318.6417 220.2360  1.86231862 26599
BEIDOU-3 IGSO-3         
1 44709U 19073A   23232.56662060 -.00000161  00000+0  00000+0 0  9994
2 44709  56.5575 291.9079 0035211 189.0890 170.9654  1.00286715 14099
BEIDOU-3 M22            
1 44793U 19078A   23234.21154402 -.00000083  00000+0  00000+0 0  9995
2 44793  54.7656 335.7621 0005011  22.5788 337.4808  1.86232314 25479
BEIDOU-3 M21            
1 44794U 19078B   23234.34214290 -.00000082  00000+0  00000+0 0  9991
2 44794  54.7394 335.7398 0002906  17.3598 342.6877  1.86232745 25473
COSMOS 2544             
1 44850U 19088A   23233.06344217  .00000015  00000+0  00000+0 0  9991
2 44850  65.0720 108.2720 0011689 254.4978 105.4623  2.13102250 28723
BEIDOU-3 M19            
1 44864U 19090A   23234.38209935 -.00000006  00000+0  00000+0 0  9993
2 44864  55.6941  97.0870 0015785 276.7791 303.8888  1.86231927 25053
BEIDOU-3 M20            
1 44865U 19090B   23234.23312733 -.00000006  00000+0  00000+0 0  9999
2 44865  55.6959  97.1248 0013780 291.9111 278.6651  1.86231879 25032
BEIDOU-3 G2             
1 45344U 20017A   23234.38671899 -.00000133  00000+0  00000+0 0  9991
2 45344   2.0401  15.4580 0003273 141.3795  32.8686  1.00271540 12946
COSMOS 2545             
1 45358U 20018A   23233.72945519 -.00000063  00000+0  00000+0 0  9999
2 45358  64.8482 348.3951 0009303 235.7490 124.1874  2.13102619 26704
BEIDOU-3 G3             
1 45807U 20040A   23234.46442209 -.00000344  00000+0  00000+0 0  9995
2 45807   0.6278 340.9202 0004812 351.9482 275.3661  1.00268337 11750
NAVSTAR 79 (USA 304)    
1 45854U 20041A   23232.64024417 -.00000022  00000+0  00000+0 0  9996
2 45854  55.8695  69.3041 0035457 185.9270 152.0329  2.00564141 23342
GALAXY 30 (G-30)        
1 46114U 20056C   23232.55079550  .00000043  00000+0  00000+0 0  9992
2 46114   0.0220 116.3122 0002777  46.0600 239.5382  1.00271291 11059
COSMOS 2547             
1 46805U 20075A   23234.38781184  .00000096  00000+0  00000+0 0  9994
2 46805  64.6171 226.9391 0008746 243.9981 115.9239  2.13102998 21966
NAVSTAR 80 (USA 309)    
1 46826U 20078A   23233.19482892  .00000051  00000+0  00000+0 0  9993
2 46826  54.3192 252.6395 0035491 194.6242 159.2128  2.00562811 20829
NAVSTAR 81 (USA 319)    
1 48859U 21054A   23232.95098683 -.00000076  00000+0  00000+0 0  9998
2 48859  55.3361  13.8033 0011578 209.7298 149.8719  2.00574708 16061
QZS-1R                  
1 49336U 21096A   23223.74525463 -.00000331  00000+0  00000+0 0  9997
2 49336  35.3005  95.2790 0740332 268.7858 355.3268  1.00301615  6575
GSAT0223 (GALILEO 27)   
1 49809U 21116A   23232.27028066 -.00000078  00000+0  00000+0 0  9998
2 49809  57.2774   9.5060 0003122 166.3846 243.5065  1.70476314 10588
GSAT0224 (GALILEO 28)   
1 49810U 21116B   23234.05275613 -.00000073  00000+0  00000+0 0  9995
2 49810  57.2794   9.4566 0002742 153.8000  22.5193  1.70476229 10630
COSMOS 2557             
1 52984U 22075A   23233.14245518 -.00000064  00000+0  00000+0 0  9996
2 52984  64.7646 350.5761 0011341 276.4584  83.4339  2.13102366  8727
COSMOS 2559             
1 54031U 22130A   23233.55364205 -.00000064  00000+0  00000+0 0  9993
2 54031  64.7355 350.6899 0006750 214.1999 145.7786  2.13101555  6724
COSMOS 2564             
1 54377U 22161A   23233.74690440  .00000091  00000+0  00000+0 0  9993
2 54377  64.7578 227.0111 0011182 226.8258 133.0915  2.13102201  5677
NAVSTAR 82 (USA 343)    
1 55268U 23009A   23233.63154861  .00000058  00000+0  00000+0 0  9998
2 55268  55.0927 188.9513 0004180  92.5844  80.6617  2.00556695  4567
BEIDOU-3 G4             
1 56564U 23066A   23233.47775545 -.00000104  00000+0  00000+0 0  9994
2 56564   2.8809 288.8538 0007240 205.6070 166.9716  1.00273874  1076
IRNSS-1J (NVS-01)       
1 56759U 23076A   23234.03802528 -.00000328  00000+0  00000+0 0  9994
2 56759   4.7760 272.3192 0005657 339.8038 221.1669  1.00268415   870
