NAVSTAR 43 (USA 132)    
1 24876U 97035A   23267.04111384  .00000024  00000+0  00000+0 0  9997
2 24876  55.5916 137.5747 0073405  52.7775 307.9760  2.00564132191956
NAVSTAR 47 (USA 150)    
1 26360U 00025A   23267.42162021 -.00000006  00000+0  00000+0 0  9997
2 26360  54.4501  59.7803 0041682 200.2648 164.6788  2.00569272171285
NAVSTAR 51 (USA 166)    
1 27663U 03005A   23267.57692455  .00000047  00000+0  00000+0 0  9994
2 27663  55.2363 254.6047 0132529  44.7639  51.7101  2.00564762151322
NAVSTAR 52 (USA 168)    
1 27704U 03010A   23267.07510965 -.00000085  00000+0  00000+0 0  9999
2 27704  55.1154   4.5750 0249233 319.1924 353.8819  2.00575737150106
NAVSTAR 54 (USA 177)    
1 28190U 04009A   23267.25413208 -.00000023  00000+0  00000+0 0  9992
2 28190  55.6750 315.6775 0092672 139.6050 240.2416  2.00566603142952
NAVSTAR 56 (USA 180)    
1 28474U 04045A   23267.07972728 -.00000084  00000+0  00000+0 0  9991
2 28474  55.4428   4.9029 0162537 282.8332  26.0065  2.00555272138426
ANIK F1R                
1 28868U 05036A   23267.52804257 -.00000081  00000+0  00000+0 0  9997
2 28868   1.7381  88.7551 0002056  66.6436 290.5062  1.00271728 36452
NAVSTAR 57 (USA 183)    
1 28874U 05038A   23267.45743670 -.00000018  00000+0  00000+0 0  9999
2 28874  55.7259 313.1219 0140013 279.8370 268.8932  2.00574014131847
INMARSAT 4-F2           
1 28899U 05044A   23267.56206840  .00000005  00000+0  00000+0 0  9993
2 28899   3.8765  40.7994 0002828 150.2117  78.4013  1.00272459 65528
NAVSTAR 58 (USA 190)    
1 29486U 06042A   23267.58981876 -.00000008  00000+0  00000+0 0  9990
2 29486  54.6825 190.8534 0103587  32.7717 152.8968  2.00568553124406
NAVSTAR 59 (USA 192)    
1 29601U 06052A   23267.25436289  .00000051  00000+0  00000+0 0  9994
2 29601  55.2579 253.5783 0083475  79.4312 281.5137  2.00550577123418
NAVSTAR 60 (USA 196)    
1 32260U 07047A   23267.07023092  .00000034  00000+0  00000+0 0  9999
2 32260  53.4737 121.3226 0152049  71.1384 290.5932  2.00550422116813
COSMOS 2433             
1 32275U 07052A   23266.74135515 -.00000063  00000+0  00000+0 0  9991
2 32275  66.0164 349.2908 0004350 227.2370 132.7760  2.13104017123803
COSMOS 2432             
1 32276U 07052B   23267.36360046 -.00000063  00000+0  00000+0 0  9990
2 32276  66.0307 349.3791 0008754 315.6612 108.7164  2.13103133123840
NAVSTAR 61 (USA 199)    
1 32384U 07062A   23267.60861292 -.00000019  00000+0  00000+0 0  9998
2 32384  55.8581 313.9400 0024684 151.4935   7.9552  2.00559684115527
COSMOS 2434             
1 32393U 07065A   23267.35460653  .00000040  00000+0  00000+0 0  9992
2 32393  64.3353 225.6255 0000807  68.4102 293.3079  2.13103004122539
COSMOS 2436             
1 32395U 07065C   23267.41451753  .00000039  00000+0  00000+0 0  9990
2 32395  64.3439 225.6853 0015963 354.7265 188.4478  2.13102679122488
NAVSTAR 62 (USA 201)    
1 32711U 08012A   23266.98372506 -.00000003  00000+0  00000+0 0  9996
2 32711  54.4502 189.7038 0177653 235.9783 122.3365  2.00557780113751
NAVSTAR 64 (USA 206)    
1 35752U 09043A   23267.46152660  .00000010  00000+0  00000+0 0  9997
2 35752  55.4515  66.9138 0058077  69.6185 291.9987  2.00556707103375
COSMOS 2456             
1 36111U 09070A   23265.77056420  .00000059  00000+0  00000+0 0  9999
2 36111  64.4981 105.1732 0001681 339.2713  46.1310  2.13099137107153
COSMOS 2457             
1 36112U 09070B   23267.44167034  .00000071  00000+0  00000+0 0  9994
2 36112  64.4828 104.9805 0006232 146.6459 211.6992  2.13101292107180
COSMOS 2460             
1 36402U 10007C   23267.60505348 -.00000062  00000+0  00000+0 0  9991
2 36402  65.8782 347.9743 0001653 204.4104 267.9052  2.13106174105495
NAVSTAR 65 (USA 213)    
1 36585U 10022A   23267.56607282  .00000043  00000+0  00000+0 0  9993
2 36585  54.5575 248.7697 0109898  59.6675 134.3917  2.00562910 97601
BEIDOU-2 IGSO-1         
1 36828U 10036A   23267.34756816 -.00000149  00000+0  00000+0 0  9990
2 36828  54.2344 171.9919 0036687 187.6959 233.7826  1.00247389 48213
QZS-1 (MICHIBIKI-1)     
1 37158U 10045A   23266.79266060 -.00000003  00000+0  00000+0 0  9991
2 37158  42.8950 127.4512 0003076 107.5098 115.1705  0.87715084 47643
BEIDOU-2 G4             
1 37210U 10057A   23267.51716194 -.00000119  00000+0  00000+0 0  9990
2 37210   1.2195  61.7273 0006540 154.9139 132.5926  1.00272554 47292
BEIDOU-2 IGSO-2         
1 37256U 10068A   23267.30083453 -.00000160  00000+0  00000+0 0  9990
2 37256  49.3745 284.0638 0032265 213.7711  81.7671  1.00277085 46794
BEIDOU-2 IGSO-3         
1 37384U 11013A   23267.29818986 -.00000157  00000+0  00000+0 0  9994
2 37384  60.9689  49.7033 0028473 175.5598 353.2101  1.00276208 45667
GSAT-8                  
1 37605U 11022A   23267.48870837  .00000077  00000+0  00000+0 0  9994
2 37605   0.0236 281.1632 0005551 328.1335 344.7807  1.00271764 43220
NAVSTAR 66 (USA 232)    
1 37753U 11036A   23267.28308400 -.00000081  00000+0  00000+0 0  9999
2 37753  56.7461  10.6949 0126944  56.3776  19.6082  2.00568612 89277
BEIDOU-2 IGSO-4         
1 37763U 11038A   23267.21529294 -.00000097  00000+0  00000+0 0  9998
2 37763  54.5080 174.5372 0111909 227.8226 133.3836  1.00269715 44656
GSAT0101 (GALILEO-PFM)  
1 37846U 11060A   23264.30771728 -.00000078  00000+0  00000+0 0  9992
2 37846  57.1111   8.8408 0001178  75.3836 284.6539  1.70475880 74078
GSAT0102 (GALILEO-FM2)  
1 37847U 11060B   23262.59751560 -.00000079  00000+0  00000+0 0  9995
2 37847  57.1117   8.8871 0001306 321.5110 115.1776  1.70475346 74059
COSMOS 2476             
1 37867U 11064A   23267.49967319  .00000072  00000+0  00000+0 0  9998
2 37867  64.7782 106.6486 0021210 230.9972 310.3841  2.13101670 92525
COSMOS 2477             
1 37868U 11064B   23267.49512340  .00000072  00000+0  00000+0 0  9999
2 37868  64.7856 106.7185 0018416 231.1821 124.5853  2.13101554 92513
COSMOS 2475             
1 37869U 11064C   23267.35446927  .00000071  00000+0  00000+0 0  9991
2 37869  64.7926 106.7357 0022438 249.7050 316.6600  2.13101902 92523
BEIDOU-2 IGSO-5         
1 37948U 11073A   23267.40640448 -.00000111  00000+0  00000+0 0  9995
2 37948  49.4999 283.7314 0095087 220.9048 100.3536  1.00267575 43131
LUCH-5A                 
1 37951U 11074B   23267.61140610 -.00000053  00000+0  00000+0 0  9994
2 37951   6.1928  89.3430 0004454  78.5542 222.3755  1.00269537 43059
BEIDOU-2 G5             
1 38091U 12008A   23267.56102413  .00000051  00000+0  00000+0 0  9998
2 38091   1.7559  68.7158 0004541 172.9806  22.2016  1.00267072 42376
BEIDOU-2 M3             
1 38250U 12018A   23267.06577761 -.00000070  00000+0  00000+0 0  9995
2 38250  56.5002 338.2209 0024186 256.3596 103.4295  1.86231023 77714
BEIDOU-2 M4             
1 38251U 12018B   23265.92322647 -.00000069  00000+0  00000+0 0  9998
2 38251  56.4111 337.5506 0015022 256.3202 103.5715  1.86231753 77358
SES-5                   
1 38652U 12036A   23267.55032036  .00000027  00000+0  00000+0 0  9997
2 38652   0.0537 305.8744 0002195 232.6350  27.7199  1.00272390 34499
BEIDOU-2 M6             
1 38775U 12050B   23265.09613275  .00000036  00000+0  00000+0 0  9996
2 38775  55.7046  96.1716 0011155 340.2299  19.7930  1.86231173 74700
GSAT-10                 
1 38779U 12051B   23267.56589740 -.00000173  00000+0  00000+0 0  9997
2 38779   0.0187 189.7565 0002362  54.5565  45.5774  1.00271267 40121
NAVSTAR 67 (USA 239)    
1 38833U 12053A   23267.15997826 -.00000007  00000+0  00000+0 0  9999
2 38833  53.5112 184.3831 0143297  52.3404 308.9697  2.00567466 79448
GSAT0103 (GALILEO-FM3)  
1 38857U 12055A   23267.27983430  .00000033  00000+0  00000+0 0  9994
2 38857  55.2896 128.9443 0002392 257.6236 102.4464  1.70473622 68014
GSAT0104 (GALILEO-FM4)  
1 38858U 12055B   23266.07608985  .00000032  00000+0  00000+0 0  9990
2 38858  55.2892 128.9790 0000605 155.0045 205.0932  1.70473895 67998
BEIDOU-2 G6             
1 38953U 12059A   23267.56607144 -.00000183  00000+0  00000+0 0  9999
2 38953   1.8750  81.8452 0007205 310.7888 258.3486  1.00272981 39916
LUCH-5B                 
1 38977U 12061A   23267.25949083 -.00000137  00000+0  00000+0 0  9994
2 38977   8.2982  58.9511 0005856 116.6118 264.4324  1.00271471 39620
COSMOS 2485             
1 39155U 13019A   23265.79745330  .00000060  00000+0  00000+0 0  9997
2 39155  64.9377 107.2341 0021740 227.0453 132.8488  2.13101864 81005
NAVSTAR 68 (USA 242)    
1 39166U 13023A   23267.52124645 -.00000011  00000+0  00000+0 0  9994
2 39166  55.3408 309.3069 0114603  41.6245 319.3106  2.00564125 75896
IRNSS-1A                
1 39199U 13034A   23267.56024093  .00000092  00000+0  00000+0 0  9990
2 39199  33.4712  78.3891 0020837 179.3105   2.1512  1.00272266 37372
NAVSTAR 69 (USA 248)    
1 39533U 14008A   23267.02220305 -.00000004  00000+0  00000+0 0  9993
2 39533  53.5982 189.9492 0067135 215.6486 143.9140  2.00552717 69683
ASTRA 5B                
1 39617U 14011B   23267.55406233  .00000129  00000+0  00000+0 0  9991
2 39617   0.0888 300.2531 0003725 260.2560  25.5834  1.00269715 34672
COSMOS 2492             
1 39620U 14012A   23266.69145063 -.00000062  00000+0  00000+0 0  9998
2 39620  65.7620 347.6204 0011898 313.6170  46.3360  2.13103034 73988
IRNSS-1B                
1 39635U 14017A   23267.56024093  .00000110  00000+0  00000+0 0  9998
2 39635  28.6672 257.3244 0019168 190.6955 171.7970  1.00271778 34806
LUCH-5V                 
1 39727U 14023A   23267.54979987 -.00000276  00000+0  00000+0 0  9990
2 39727   2.6234  77.1800 0003344 139.4229  79.1909  1.00273641 34369
NAVSTAR 70 (USA 251)    
1 39741U 14026A   23267.30368880 -.00000082  00000+0  00000+0 0  9992
2 39741  56.6984  10.2162 0029561 310.1562  49.6078  2.00555616 68544
COSMOS 2500             
1 40001U 14032A   23267.34373729 -.00000062  00000+0  00000+0 0  9990
2 40001  65.6999 347.4244 0008341 203.6636 156.3496  2.13105810 72218
NAVSTAR 71 (USA 256)    
1 40105U 14045A   23266.88800021  .00000030  00000+0  00000+0 0  9991
2 40105  54.8198 128.2906 0026579 113.8989 246.4674  2.00548212 66967
GSAT0201 (GALILEO 5)    
1 40128U 14050A   23267.28578809 -.00000031  00000+0  00000+0 0  9995
2 40128  49.9175 313.7687 1608228 141.1322 231.6299  1.85519153 59822
GSAT0202 (GALILEO 6)    
1 40129U 14050B   23267.00611024 -.00000030  00000+0  00000+0 0  9992
2 40129  49.9369 312.8518 1606176 141.9322 230.6061  1.85519823 61989
IRNSS-1C                
1 40269U 14061A   23267.56589740 -.00000168  00000+0  00000+0 0  9991
2 40269   4.0109 112.0937 0020194   4.9846 172.7335  1.00274324 32698
NAVSTAR 72 (USA 258)    
1 40294U 14068A   23265.27031013  .00000013  00000+0  00000+0 0  9995
2 40294  56.1936  69.7574 0049119  62.4237 298.1048  2.00572917 65171
COSMOS 2501             
1 40315U 14075A   23267.12458326  .00000041  00000+0  00000+0 0  9994
2 40315  63.6386 224.9700 0019682 210.6699 149.2054  2.13101230 68608
NAVSTAR 73 (USA 260)    
1 40534U 15013A   23267.40208806  .00000040  00000+0  00000+0 0  9996
2 40534  53.4560 245.4584 0081359  25.5879 334.8060  2.00553376 61838
GSAT0203 (GALILEO 7)    
1 40544U 15017A   23264.67372741 -.00000079  00000+0  00000+0 0  9990
2 40544  56.9063   8.8014 0003705 231.1064 128.8850  1.70476062 52823
GSAT0204 (GALILEO 8)    
1 40545U 15017B   23263.16764989 -.00000078  00000+0  00000+0 0  9992
2 40545  56.9127   8.8568 0003932 215.0847 144.9135  1.70475744 52800
IRNSS-1D                
1 40547U 15018A   23266.88521569 -.00000272  00000+0  00000+0 0  9998
2 40547  28.0351 257.3034 0019356 190.0863 345.4253  1.00267128 30989
BEIDOU-3S IGSO-1S       
1 40549U 15019A   23267.02769505 -.00000127  00000+0  00000+0 0  9991
2 40549  51.0651 307.3411 0040810 197.0780 320.4247  1.00251818 31075
NAVSTAR 74 (USA 262)    
1 40730U 15033A   23267.06529038 -.00000009  00000+0  00000+0 0  9997
2 40730  54.8293 307.9298 0085887  13.9353 346.3673  2.00554115 59992
BEIDOU-3S M2S           
1 40748U 15037A   23267.19969324 -.00000067  00000+0  00000+0 0  9994
2 40748  55.6504 336.0952 0011989 243.6176 116.3190  1.86232970 55554
BEIDOU-3S M1S           
1 40749U 15037B   23265.85897301 -.00000068  00000+0  00000+0 0  9992
2 40749  55.6543 336.1268 0003883 296.4539  63.5659  1.86232793 55525
GSAT0205 (GALILEO 9)    
1 40889U 15045A   23265.86851749  .00000050  00000+0  00000+0 0  9993
2 40889  55.3550 249.1841 0003793   0.5850 359.4092  1.70473149 49992
GSAT0206 (GALILEO 10)   
1 40890U 15045B   23267.26237028  .00000043  00000+0  00000+0 0  9991
2 40890  55.3530 249.1411 0002536 331.2539  28.7239  1.70473149 50044
BEIDOU-3S IGSO-2S       
1 40938U 15053A   23267.37031234 -.00000094  00000+0  00000+0 0  9993
2 40938  50.7804 270.5122 0047620 194.9814 127.2580  1.00278291 29358
NAVSTAR 75 (USA 265)    
1 41019U 15062A   23267.11727636  .00000017  00000+0  00000+0 0  9998
2 41019  56.1787  69.5355 0090005 221.1084 138.2423  2.00562147 57839
GSAT-15                 
1 41028U 15065A   23267.54979987 -.00000266  00000+0  00000+0 0  9993
2 41028   0.0200 198.4511 0002254 327.2229 128.8961  1.00271310 28806
GSAT0209 (GALILEO 12)   
1 41174U 15079A   23265.67431724  .00000032  00000+0  00000+0 0  9994
2 41174  55.3067 128.6955 0002609 337.8564  22.2272  1.70474035 47755
GSAT0208 (GALILEO 11)   
1 41175U 15079B   23266.48053253  .00000032  00000+0  00000+0 0  9992
2 41175  55.3054 128.6715 0001951 350.0504  10.0409  1.70473867 48183
IRNSS-1E                
1 41241U 16003A   23266.88521569 -.00000286  00000+0  00000+0 0  9990
2 41241  31.0219  77.4985 0020962 176.3871 179.0077  1.00267342 28075
NAVSTAR 76 (USA 266)    
1 41328U 16007A   23266.70938541  .00000029  00000+0  00000+0 0  9997
2 41328  55.0232 129.0805 0071657 233.6902 125.7322  2.00574751 55837
COSMOS 2514             
1 41330U 16008A   23267.10599564 -.00000061  00000+0  00000+0 0  9991
2 41330  65.4971 347.0088 0012170 210.7475 149.2331  2.13102552 59370
IRNSS-1F                
1 41384U 16015A   23267.55580278  .00000152  00000+0  00000+0 0  9999
2 41384   2.9739 128.8608 0019064 176.7397 289.9498  1.00278158 27678
BEIDOU-2 IGSO-6         
1 41434U 16021A   23267.34264338 -.00000138  00000+0  00000+0 0  9990
2 41434  58.7836  48.0640 0048057 218.1499 316.8210  1.00278605 27486
IRNSS-1G                
1 41469U 16027A   23267.50350219 -.00000341  00000+0  00000+0 0  9992
2 41469   2.8630 130.4841 0002231   6.1711 177.2001  1.00268941 27176
GSAT0211 (GALILEO 14)   
1 41549U 16030A   23267.18805295  .00000044  00000+0  00000+0 0  9997
2 41549  55.5006 249.1257 0004029 312.9096  47.0486  1.70473238 45677
GSAT0210 (GALILEO 13)   
1 41550U 16030B   23266.89297358  .00000046  00000+0  00000+0 0  9993
2 41550  55.5002 249.1349 0004080 279.8437  80.1031  1.70473408 45666
COSMOS 2516             
1 41554U 16032A   23267.22015385  .00000041  00000+0  00000+0 0  9990
2 41554  63.8650 225.3730 0015332 214.1947 145.6966  2.13106342 56980
BEIDOU-2 G7             
1 41586U 16037A   23267.61229896 -.00000361  00000+0  00000+0 0  9993
2 41586   1.9170  68.6775 0007491 344.5379 280.9325  1.00275289 26796
EUTELSAT 117 WEST B     
1 41589U 16038B   23267.58714712 -.00000019  00000+0  00000+0 0  9999
2 41589   0.0372  20.4834 0000241 245.6558 191.3998  1.00271430 26673
GSAT0207 (GALILEO 15)   
1 41859U 16069A   23267.14132116  .00000032  00000+0  00000+0 0  9991
2 41859  54.9701 128.7221 0002324 314.5421  45.5352  1.70473961 42401
GSAT0212 (GALILEO 16)   
1 41860U 16069B   23266.99595334  .00000031  00000+0  00000+0 0  9999
2 41860  54.9677 128.7230 0001986  10.3768 349.7233  1.70474130 42656
GSAT0213 (GALILEO 17)   
1 41861U 16069C   23265.60241228  .00000031  00000+0  00000+0 0  9997
2 41861  54.9694 128.7677 0002179 272.7679  87.3019  1.70472832 42497
GSAT0214 (GALILEO 18)   
1 41862U 16069D   23266.92284502  .00000031  00000+0  00000+0 0  9996
2 41862  54.9681 128.7250 0001257 282.8193  77.2624  1.70472728 42641
SES-15                  
1 42709U 17026A   23267.57641826  .00000053  00000+0  00000+0 0  9993
2 42709   0.0402  21.2891 0000446 132.1726 288.0520  1.00268080 24140
QZS-2 (MICHIBIKI-2)     
1 42738U 17028A   23267.29247240 -.00000135  00000+0  00000+0 0  9990
2 42738  41.0132 257.5810 0749260 270.3515  80.5873  1.00259686 23144
QZS-3 (MICHIBIKI-3)     
1 42917U 17048A   23267.53868531 -.00000355  00000+0  00000+0 0  9994
2 42917   0.0579 160.0357 0001782  27.0781 136.9823  1.00272488 22267
COSMOS 2522             
1 42939U 17055A   23267.41691158  .00000039  00000+0  00000+0 0  9990
2 42939  64.0991 225.8973 0009230 243.1888 116.7061  2.13101933 46737
QZS-4 (MICHIBIKI-4)     
1 42965U 17062A   23265.52891573 -.00000299  00000+0  00000+0 0  9999
2 42965  40.6285 356.2158 0749730 269.6020  65.3622  1.00275520 21793
BEIDOU-3 M1             
1 43001U 17069A   23265.93635154  .00000042  00000+0  00000+0 0  9999
2 43001  55.8564  96.2054 0007339 298.9986  60.9950  1.86231391 40010
BEIDOU-3 M2             
1 43002U 17069B   23267.48398800  .00000051  00000+0  00000+0 0  9996
2 43002  55.8573  96.1892 0005676 334.4031  25.6392  1.86231052 40033
GSAT0215 (GALILEO 19)   
1 43055U 17079A   23266.23818282  .00000049  00000+0  00000+0 0  9995
2 43055  55.4774 248.9774 0003579 274.1142  85.8385  1.70473897 35974
GSAT0216 (GALILEO 20)   
1 43056U 17079B   23265.35691756  .00000051  00000+0  00000+0 0  9996
2 43056  55.4789 249.0015 0005172 279.0535  80.8810  1.70474069 35972
GSAT0217 (GALILEO 21)   
1 43057U 17079C   23267.33703108  .00000043  00000+0  00000+0 0  9993
2 43057  55.4753 248.9461 0004577 290.4629  69.4793  1.70473965 35995
GSAT0218 (GALILEO 22)   
1 43058U 17079D   23267.55708086  .00000042  00000+0  00000+0 0  9997
2 43058  55.4754 248.9377 0005612 275.3375  84.5889  1.70473949 36025
BEIDOU-3 M7             
1 43107U 18003A   23267.23472374 -.00000069  00000+0  00000+0 0  9993
2 43107  55.1067 336.8018 0003076  76.6166 283.4762  1.86232353 38789
BEIDOU-3 M8             
1 43108U 18003B   23267.17299064 -.00000069  00000+0  00000+0 0  9990
2 43108  55.0998 336.7907 0004370 246.3350 113.6778  1.86230813 38798
BEIDOU-3 M4             
1 43207U 18018A   23267.07827649  .00000049  00000+0  00000+0 0  9998
2 43207  55.8161  96.2654 0004338  18.4408 341.6446  1.86231261 38176
BEIDOU-3 M3             
1 43208U 18018B   23264.99712253  .00000036  00000+0  00000+0 0  9997
2 43208  55.8139  96.3396 0005293 317.4976  42.5278  1.86231306 38135
BEIDOU-3 M9             
1 43245U 18029A   23266.29379146 -.00000066  00000+0  00000+0 0  9999
2 43245  55.0011 334.5669 0001593 226.9511 133.0958  1.86232419 37311
BEIDOU-3 M10            
1 43246U 18029B   23267.29769466 -.00000065  00000+0  00000+0 0  9998
2 43246  54.9973 334.5603 0002812 347.6938  12.3599  1.86232797 37313
IRNSS-1I                
1 43286U 18035A   23264.80404358  .00000097  00000+0  00000+0 0  9993
2 43286  29.2891  89.9134 0019915 176.9905  78.1525  1.00277324 20053
COSMOS 2527             
1 43508U 18053A   23266.90640892  .00000069  00000+0  00000+0 0  9997
2 43508  65.0994 107.2932 0007426 215.1711 144.8588  2.13102359 41027
BEIDOU-2 IGSO-7         
1 43539U 18057A   23267.59120984 -.00000165  00000+0  00000+0 0  9994
2 43539  55.1185 171.6823 0064037 230.6035 287.5224  1.00277190 19151
GSAT0221 (GALILEO 25)   
1 43564U 18060A   23259.83127371 -.00000085  00000+0  00000+0 0  9992
2 43564  57.2861   8.8642 0002955 251.6027 108.3809  1.70476287 32045
GSAT0222 (GALILEO 26)   
1 43565U 18060B   23262.39572637 -.00000079  00000+0  00000+0 0  9990
2 43565  57.2906   8.7965 0003780 215.9830 144.0147  1.70475919 32138
GSAT0219 (GALILEO 23)   
1 43566U 18060C   23267.31070046 -.00000085  00000+0  00000+0 0  9992
2 43566  57.2900   8.6662 0002535 256.4137 103.5787  1.70476004 32195
GSAT0220 (GALILEO 24)   
1 43567U 18060D   23263.42504255 -.00000078  00000+0  00000+0 0  9997
2 43567  57.2896   8.7718 0002906 252.8548 107.1378  1.70475951 32119
BEIDOU-3 M5             
1 43581U 18062A   23266.98095736  .00000020  00000+0  00000+0 0  9994
2 43581  54.1738 216.2432 0004705 286.1863  73.7437  1.86231766 35066
BEIDOU-3 M6             
1 43582U 18062B   23266.84710087  .00000022  00000+0  00000+0 0  9995
2 43582  54.1736 216.2373 0005356   2.7266 357.2586  1.86229631 35064
BEIDOU-3 M12            
1 43602U 18067A   23266.78322316  .00000022  00000+0  00000+0 0  9990
2 43602  54.2611 214.8964 0007218  14.8455 345.1588  1.86231415 34546
BEIDOU-3 M11            
1 43603U 18067B   23266.91704967  .00000020  00000+0  00000+0 0  9990
2 43603  54.2582 214.8575 0004255   1.3152 358.6686  1.86231391 34579
BEIDOU-3 M13            
1 43622U 18072A   23266.87600763  .00000047  00000+0  00000+0 0  9990
2 43622  55.7858  95.8112 0004100 294.8942  65.1318  1.86231447 34081
BEIDOU-3 M14            
1 43623U 18072B   23266.20450766  .00000043  00000+0  00000+0 0  9990
2 43623  55.7872  95.8263 0002600 350.1144   9.9478  1.86231516 34066
BEIDOU-3 M16            
1 43647U 18078A   23267.44132830 -.00000066  00000+0  00000+0 0  9994
2 43647  54.8962 334.6475 0005928   5.2451 354.8217  1.86227137 33589
BEIDOU-3 M15            
1 43648U 18078B   23267.03445386 -.00000066  00000+0  00000+0 0  9993
2 43648  54.8920 334.6655 0002739  14.4955 345.5726  1.86232140 33607
BEIDOU-3 G1             
1 43683U 18085A   23267.53382740 -.00000285  00000+0  00000+0 0  9992
2 43683   1.5564 123.0174 0002925 355.5980 216.7764  1.00271335 18068
COSMOS 2529             
1 43687U 18086A   23266.53639392  .00000052  00000+0  00000+0 0  9995
2 43687  64.3146 226.3681 0010934 263.0607  96.8074  2.13101976 38020
BEIDOU-3 M17            
1 43706U 18093A   23267.18235954  .00000018  00000+0  00000+0 0  9995
2 43706  54.2563 216.1550 0009818 282.7503  77.1208  1.86231846 32975
BEIDOU-3 M18            
1 43707U 18093B   23267.04855046  .00000020  00000+0  00000+0 0  9994
2 43707  54.2571 216.1513 0008249 309.3735  50.5348  1.86229678 32963
NAVSTAR 77 (USA 289)    
1 43873U 18109A   23267.12862993  .00000030  00000+0  00000+0 0  9995
2 43873  55.1989 131.5833 0026103 190.3473   7.3677  2.00569416 35075
BEIDOU-3 IGSO-1         
1 44204U 19023A   23267.28681594 -.00000192  00000+0  00000+0 0  9993
2 44204  57.2499  48.0349 0024082 195.0104 343.0455  1.00276081 16349
BEIDOU-2 G8             
1 44231U 19027A   23267.56296536 -.00000254  00000+0  00000+0 0  9995
2 44231   2.0052  81.0333 0006495 126.7573 142.3944  1.00277053 16085
COSMOS 2534             
1 44299U 19030A   23267.52810142  .00000039  00000+0  00000+0 0  9994
2 44299  64.3870 226.2627 0013099 282.6523 252.2933  2.13101764 33686
BEIDOU-3 IGSO-2         
1 44337U 19035A   23267.58673748 -.00000165  00000+0  00000+0 0  9998
2 44337  55.1521 167.6148 0032982 195.9786 330.3829  1.00268045 15677
NAVSTAR 78 (USA 293)    
1 44506U 19056A   23267.58176230 -.00000083  00000+0  00000+0 0  9992
2 44506  55.8236  10.6405 0037577 186.0092 238.1627  2.00565656 30086
BEIDOU-3 M24            
1 44542U 19061A   23267.12010728  .00000019  00000+0  00000+0 0  9995
2 44542  54.4836 216.3907 0008482 343.9287  16.0253  1.86231411 27224
BEIDOU-3 M23            
1 44543U 19061B   23267.52423623  .00000013  00000+0  00000+0 0  9996
2 44543  54.4820 216.3465 0005812 329.4441 213.3774  1.86231681 27232
BEIDOU-3 IGSO-3         
1 44709U 19073A   23266.47056849 -.00000140  00000+0  00000+0 0  9990
2 44709  56.5026 291.5493 0035235 190.3762 169.6239  1.00276343 14455
BEIDOU-3 M22            
1 44793U 19078A   23267.50246258 -.00000066  00000+0  00000+0 0  9995
2 44793  54.7446 334.6101 0004752  13.7583 346.3152  1.86232091 26084
BEIDOU-3 M21            
1 44794U 19078B   23264.94823783 -.00000067  00000+0  00000+0 0  9996
2 44794  54.7199 334.6803 0002768   1.0734 358.9879  1.86232574 26049
COSMOS 2544             
1 44850U 19088A   23266.38089638  .00000065  00000+0  00000+0 0  9990
2 44850  65.0853 107.1534 0011165 249.8151 110.1424  2.13102142 29454
BEIDOU-3 M19            
1 44864U 19090A   23267.37424438  .00000050  00000+0  00000+0 0  9993
2 44864  55.7205  95.9808 0015280 274.0798 106.2595  1.86231555 25678
BEIDOU-3 M20            
1 44865U 19090B   23262.91678747  .00000028  00000+0  00000+0 0  9998
2 44865  55.7185  96.1630 0013066 289.9285  71.6816  1.86231769 25575
BEIDOU-3 G2             
1 45344U 20017A   23267.56528823 -.00000147  00000+0  00000+0 0  9990
2 45344   2.0607  17.1995 0003289 163.3143 106.1625  1.00270325 13265
COSMOS 2545             
1 45358U 20018A   23267.04695560 -.00000062  00000+0  00000+0 0  9998
2 45358  64.8373 347.2398 0010664 239.5489 120.3973  2.13102470 27410
BEIDOU-3 G3             
1 45807U 20040A   23267.61229896 -.00000360  00000+0  00000+0 0  9991
2 45807   0.6017 347.9519 0005977 325.1415  20.9605  1.00264475 12078
NAVSTAR 79 (USA 304)    
1 45854U 20041A   23266.79142984  .00000013  00000+0  00000+0 0  9998
2 45854  55.8997  67.9565 0037033 186.7060 330.0478  2.00562845 24039
GALAXY 30 (G-30)        
1 46114U 20056C   23267.57977958  .00000030  00000+0  00000+0 0  9997
2 46114   0.0219 165.8920 0002334  17.4908 263.4875  1.00270425 11291
COSMOS 2547             
1 46805U 20075A   23267.23582273  .00000042  00000+0  00000+0 0  9993
2 46805  64.6145 225.8346 0008146 243.8682 116.0382  2.13102782 22666
NAVSTAR 80 (USA 309)    
1 46826U 20078A   23267.29164479  .00000047  00000+0  00000+0 0  9994
2 46826  54.3034 251.2540 0036310 194.9942 298.5067  2.00562657 21516
NAVSTAR 81 (USA 319)    
1 48859U 21054A   23267.29714222 -.00000082  00000+0  00000+0 0  9994
2 48859  55.3419  12.4280 0012790 212.6619 107.7311  2.00572242 16759
QZS-1R                  
1 49336U 21096A   23266.86124045 -.00000217  00000+0  00000+0 0  9991
2 49336  35.3919  94.6161 0744567 269.6374  82.6198  1.00285931  7015
GSAT0223 (GALILEO 27)   
1 49809U 21116A   23267.41475998 -.00000085  00000+0  00000+0 0  9990
2 49809  57.2810   8.5598 0003498 188.0129 190.8503  1.70475882 11193
GSAT0224 (GALILEO 28)   
1 49810U 21116B   23267.35550248 -.00000085  00000+0  00000+0 0  9997
2 49810  57.2818   8.5598 0002927 177.3613 277.6189  1.70475930 11219
COSMOS 2557             
1 52984U 22075A   23267.39852128 -.00000065  00000+0  00000+0 0  9992
2 52984  64.7544 349.3847 0012410 275.2302  84.6771  2.13102184  9472
COSMOS 2559             
1 54031U 22130A   23267.34056543 -.00000065  00000+0  00000+0 0  9991
2 54031  64.7257 349.5136 0007480 220.3296 139.6636  2.13101415  7447
COSMOS 2564             
1 54377U 22161A   23267.06431004  .00000045  00000+0  00000+0 0  9993
2 54377  64.7553 225.8969 0010371 225.3366 134.5698  2.13102108  6389
NAVSTAR 82 (USA 343)    
1 55268U 23009A   23262.59589436  .00000032  00000+0  00000+0 0  9997
2 55268  55.0881 187.8164 0004614  91.7836 114.4272  2.00554732  5159
BEIDOU-3 G4             
1 56564U 23066A   23267.60733182 -.00000121  00000+0  00000+0 0  9996
2 56564   2.7965 288.7211 0006776 216.1842 236.9541  1.00271747  1400
IRNSS-1J (NVS-01)       
1 56759U 23076A   23267.59048539 -.00000349  00000+0  00000+0 0  9998
2 56759   4.6901 271.6915 0006339 343.4889  90.0597  1.00276876  1126
