NAVSTAR 43 (USA 132)    
1 24876U 97035A   23291.97001083  .00000064  00000+0  00000+0 0  9994
2 24876  55.5988 136.6004 0074295  53.2500 307.5117  2.00564368192450
NAVSTAR 47 (USA 150)    
1 26360U 00025A   23292.38508200 -.00000021  00000+0  00000+0 0  9990
2 26360  54.4710  58.7593 0041840 201.9541 188.3513  2.00567591171784
NAVSTAR 51 (USA 166)    
1 27663U 03005A   23292.61110729  .00000030  00000+0  00000+0 0  9998
2 27663  55.2231 253.6094 0133585  44.9426 127.5579  2.00563333151825
NAVSTAR 52 (USA 168)    
1 27704U 03010A   23292.62554214 -.00000076  00000+0  00000+0 0  9993
2 27704  55.1151   3.5434 0249751 319.6666  82.7104  2.00553135150624
NAVSTAR 54 (USA 177)    
1 28190U 04009A   23292.21380517 -.00000021  00000+0  00000+0 0  9990
2 28190  55.6561 314.6841 0092359 140.5822 261.5981  2.00565882143452
NAVSTAR 56 (USA 180)    
1 28474U 04045A   23292.08445394 -.00000076  00000+0  00000+0 0  9995
2 28474  55.4425   3.9019 0163467 283.6248  79.1274  2.00556320138931
ANIK F1R                
1 28868U 05036A   23292.57064966 -.00000064  00000+0  00000+0 0  9996
2 28868   1.8037  88.4211 0001985  63.9965 333.5380  1.00271640 36711
NAVSTAR 57 (USA 183)    
1 28874U 05038A   23292.16393257 -.00000018  00000+0  00000+0 0  9997
2 28874  55.7066 312.1392 0140368 280.3464 108.5317  2.00572386132341
INMARSAT 4-F2           
1 28899U 05044A   23292.42974839 -.00000303  00000+0  00000+0 0  9998
2 28899   3.9115  41.0585 0003018 187.2113  43.3470  1.00838249 65776
NAVSTAR 58 (USA 190)    
1 29486U 06042A   23292.58415003  .00000028  00000+0  00000+0 0  9993
2 29486  54.6801 189.8629 0104145  33.6798 199.6393  2.00567345124907
NAVSTAR 59 (USA 192)    
1 29601U 06052A   23292.18484558  .00000030  00000+0  00000+0 0  9993
2 29601  55.2455 252.5886 0084029  79.4929 281.4408  2.00551882123919
NAVSTAR 60 (USA 196)    
1 32260U 07047A   23292.00067372  .00000058  00000+0  00000+0 0  9995
2 32260  53.4863 120.2890 0152667  71.7472 289.9662  2.00549314117314
COSMOS 2433             
1 32275U 07052A   23292.55060357 -.00000046  00000+0  00000+0 0  9991
2 32275  66.0094 348.4324 0005047 238.0678 121.9541  2.13104041124358
COSMOS 2432             
1 32276U 07052B   23292.58265347 -.00000046  00000+0  00000+0 0  9991
2 32276  66.0238 348.5408 0009745 312.1291  19.4002  2.13103186124371
NAVSTAR 61 (USA 199)    
1 32384U 07062A   23292.59142869 -.00000017  00000+0  00000+0 0  9994
2 32384  55.8394 312.9500 0024364 152.2712  45.6814  2.00560977116029
COSMOS 2434             
1 32393U 07065A   23292.45550708  .00000035  00000+0  00000+0 0  9996
2 32393  64.3323 224.7739 0001856  68.5537 109.8383  2.13103027123064
COSMOS 2436             
1 32395U 07065C   23292.28621685  .00000036  00000+0  00000+0 0  9993
2 32395  64.3409 224.8417 0016303 358.3258 185.6538  2.13102675123015
NAVSTAR 62 (USA 201)    
1 32711U 08012A   23292.41192269  .00000030  00000+0  00000+0 0  9998
2 32711  54.4482 188.6902 0177797 236.1207 122.2500  2.00558661114265
NAVSTAR 64 (USA 206)    
1 35752U 09043A   23292.44925281 -.00000005  00000+0  00000+0 0  9995
2 35752  55.4728  65.9169 0057507  70.1348 333.1872  2.00555335103872
COSMOS 2456             
1 36111U 09070A   23292.45521209  .00000073  00000+0  00000+0 0  9992
2 36111  64.5097 104.2567 0001254 335.7319   0.9524  2.13099064107713
COSMOS 2457             
1 36112U 09070B   23292.58506861  .00000073  00000+0  00000+0 0  9994
2 36112  64.4944 104.1165 0006567 148.0699  59.3769  2.13101244107729
COSMOS 2460             
1 36402U 10007C   23292.32693458 -.00000045  00000+0  00000+0 0  9999
2 36402  65.8710 347.1476 0002126 235.2772 123.0571  2.13106218106016
NAVSTAR 65 (USA 213)    
1 36585U 10022A   23292.47841648  .00000028  00000+0  00000+0 0  9990
2 36585  54.5458 247.7642 0111033  59.7344 122.3824  2.00564206 98108
BEIDOU-2 IGSO-1         
1 36828U 10036A   23292.58792918 -.00000091  00000+0  00000+0 0  9993
2 36828  54.2325 171.7583 0037748 191.8368 341.0946  1.00297307 48465
QZS-1 (MICHIBIKI-1)     
1 37158U 10045A   23290.73083535  .00000055  00000+0  00000+0 0  9992
2 37158  42.9274 127.1798 0003792 110.4235 111.6565  0.87715335 47865
BEIDOU-2 G4             
1 37210U 10057A   23292.59836769 -.00000102  00000+0  00000+0 0  9999
2 37210   1.2766  62.7745 0007209 164.5273 175.9669  1.00271905 47542
BEIDOU-2 IGSO-2         
1 37256U 10068A   23292.27397545 -.00000183  00000+0  00000+0 0  9999
2 37256  49.3311 283.7615 0031586 214.7101  95.9529  1.00269034 47046
BEIDOU-2 IGSO-3         
1 37384U 11013A   23292.29639208 -.00000177  00000+0  00000+0 0  9992
2 37384  61.0048  49.4624 0028554 177.9965  14.7485  1.00269993 45910
GSAT-8                  
1 37605U 11022A   23292.56628681  .00000094  00000+0  00000+0 0  9998
2 37605   0.0580  72.2998 0007151 179.8070  34.6358  1.00271514 43477
NAVSTAR 66 (USA 232)    
1 37753U 11036A   23292.18959090 -.00000075  00000+0  00000+0 0  9996
2 37753  56.7488   9.7295 0126859  56.3330   3.7241  2.00568894 89778
BEIDOU-2 IGSO-4         
1 37763U 11038A   23292.59971622 -.00000022  00000+0  00000+0 0  9991
2 37763  54.5062 174.3106 0111838 227.4519 296.8161  1.00264709 44903
GSAT0101 (GALILEO-PFM)  
1 37846U 11060A   23291.87721869 -.00000077  00000+0  00000+0 0  9994
2 37846  57.1134   8.0943 0000370   1.1081 358.9464  1.70475829 74548
GSAT0102 (GALILEO-FM2)  
1 37847U 11060B   23290.62005838 -.00000077  00000+0  00000+0 0  9998
2 37847  57.1141   8.1284 0001989 302.5067  52.1836  1.70475373 74646
COSMOS 2476             
1 37867U 11064A   23292.35113464  .00000074  00000+0  00000+0 0  9997
2 37867  64.7891 105.8045 0021438 230.0591 296.4789  2.13101664 93055
COSMOS 2477             
1 37868U 11064B   23292.36544560  .00000074  00000+0  00000+0 0  9994
2 37868  64.7964 105.8738 0018648 230.0917 125.2892  2.13101531 93043
COSMOS 2475             
1 37869U 11064C   23292.44522351  .00000075  00000+0  00000+0 0  9999
2 37869  64.8035 105.8839 0022560 248.5954 126.5169  2.13101815 93067
BEIDOU-2 IGSO-5         
1 37948U 11073A   23292.41594939 -.00000129  00000+0  00000+0 0  9996
2 37948  49.4567 283.4299 0094550 221.2893 127.4896  1.00262007 43388
LUCH-5A                 
1 37951U 11074B   23292.59408398 -.00000036  00000+0  00000+0 0  9990
2 37951   6.2580  88.9154 0004032  99.5638 220.1381  1.00272213 43307
BEIDOU-2 G5             
1 38091U 12008A   23292.56698299  .00000066  00000+0  00000+0 0  9994
2 38091   1.8161  69.0893 0005631 182.3444  39.2219  1.00274857 42620
BEIDOU-2 M3             
1 38250U 12018A   23292.30271319 -.00000057  00000+0  00000+0 0  9995
2 38250  56.4864 337.3827 0024992 258.1912 101.5926  1.86231111 77844
BEIDOU-2 M4             
1 38251U 12018B   23292.23396323 -.00000056  00000+0  00000+0 0  9990
2 38251  56.3965 336.6747 0015885 259.1004 100.7849  1.86231830 77846
SES-5                   
1 38652U 12036A   23292.28452091  .00000044  00000+0  00000+0 0  9991
2 38652   0.0478 299.6099 0001842 259.6884 295.6384  1.00271038 34743
BEIDOU-2 M6             
1 38775U 12050B   23292.48062911  .00000049  00000+0  00000+0 0  9998
2 38775  55.7267  95.2540 0010628 339.1682  20.8026  1.86231115 75219
GSAT-10                 
1 38779U 12051B   23292.37479899 -.00000155  00000+0  00000+0 0  9997
2 38779   0.0103 169.3279 0003474  77.6597 358.5588  1.00270868 40374
NAVSTAR 67 (USA 239)    
1 38833U 12053A   23292.58691890  .00000030  00000+0  00000+0 0  9991
2 38833  53.5098 183.3440 0144962  52.8940 308.5038  2.00567918 79959
GSAT0103 (GALILEO-FM3)  
1 38857U 12055A   23291.91636247  .00000073  00000+0  00000+0 0  9997
2 38857  55.3006 128.2665 0002082 243.6685 116.3840  1.70473629 68431
GSAT0104 (GALILEO-FM4)  
1 38858U 12055B   23291.88575444  .00000073  00000+0  00000+0 0  9995
2 38858  55.3005 128.2688 0001267 143.3493 216.7335  1.70473866 68542
BEIDOU-2 G6             
1 38953U 12059A   23292.54771479 -.00000164  00000+0  00000+0 0  9997
2 38953   1.9392  81.7373 0006886 300.7713 286.4429  1.00268718 40161
LUCH-5B                 
1 38977U 12061A   23292.16646606 -.00000123  00000+0  00000+0 0  9992
2 38977   8.3542  58.7451 0005459 130.2581 242.0437  1.00272320 39877
COSMOS 2485             
1 39155U 13019A   23292.07598311  .00000074  00000+0  00000+0 0  9998
2 39155  64.9489 106.3470 0021982 226.0723 133.7771  2.13101800 81565
NAVSTAR 68 (USA 242)    
1 39166U 13023A   23292.45016548 -.00000012  00000+0  00000+0 0  9997
2 39166  55.3212 308.3058 0115417  41.5404 319.3680  2.00564141 76397
IRNSS-1A                
1 39199U 13034A   23292.49449323  .00000099  00000+0  00000+0 0  9994
2 39199  33.5281  78.0210 0021976 179.3766   3.4441  1.00267988 37622
NAVSTAR 69 (USA 248)    
1 39533U 14008A   23291.95233177  .00000032  00000+0  00000+0 0  9993
2 39533  53.5962 188.9341 0067048 215.4449 144.1827  2.00554160 70189
ASTRA 5B                
1 39617U 14011B   23292.48822760  .00000147  00000+0  00000+0 0  9998
2 39617   0.0763 302.6158 0003322 279.2752   5.1225  1.00268774 35124
COSMOS 2492             
1 39620U 14012A   23292.50079141 -.00000045  00000+0  00000+0 0  9991
2 39620  65.7543 346.7537 0012914 311.1294  48.8307  2.13103078 74539
IRNSS-1B                
1 39635U 14017A   23292.49449323  .00000109  00000+0  00000+0 0  9993
2 39635  28.6171 256.9063 0018702 188.7208 175.1368  1.00270322 35057
LUCH-5V                 
1 39727U 14023A   23292.43087969 -.00000259  00000+0  00000+0 0  9997
2 39727   2.6874  77.0812 0003532 158.8130  41.6268  1.00274275 34610
NAVSTAR 70 (USA 251)    
1 39741U 14026A   23292.23401371 -.00000075  00000+0  00000+0 0  9997
2 39741  56.7006   9.2497 0030484 309.5673  50.2155  2.00553931 69048
COSMOS 2500             
1 40001U 14032A   23292.21422792 -.00000045  00000+0  00000+0 0  9990
2 40001  65.6925 346.5874 0008572 210.8819 149.1394  2.13105875 72741
NAVSTAR 71 (USA 256)    
1 40105U 14045A   23292.31730704  .00000063  00000+0  00000+0 0  9994
2 40105  54.8303 127.2742 0027277 114.5808 245.7701  2.00549848 66583
GSAT0201 (GALILEO 5)    
1 40128U 14050A   23292.07952341 -.00000035  00000+0  00000+0 0  9991
2 40128  49.8956 312.7760 1607372 142.0686 230.4435  1.85519305 60281
GSAT0202 (GALILEO 6)    
1 40129U 14050B   23292.33874584 -.00000033  00000+0  00000+0 0  9991
2 40129  49.9143 311.8380 1605350 142.8888 229.3905  1.85519977 62450
IRNSS-1C                
1 40269U 14061A   23292.54771479 -.00000150  00000+0  00000+0 0  9990
2 40269   4.0719 111.3309 0019243   7.0279 189.5862  1.00270291 32945
NAVSTAR 72 (USA 258)    
1 40294U 14068A   23291.69376119 -.00000001  00000+0  00000+0 0  9997
2 40294  56.2166  68.7227 0048977  62.8285 297.6649  2.00574663 65709
COSMOS 2501             
1 40315U 14075A   23291.52612494  .00000037  00000+0  00000+0 0  9998
2 40315  63.6353 224.1206 0019184 209.2720 150.6358  2.13101217 69127
NAVSTAR 73 (USA 260)    
1 40534U 15013A   23292.33224022  .00000026  00000+0  00000+0 0  9998
2 40534  53.4440 244.4258 0082728  26.1551 334.2518  2.00551840 62339
GSAT0203 (GALILEO 7)    
1 40544U 15017A   23288.72364901 -.00000081  00000+0  00000+0 0  9994
2 40544  56.9076   8.1472 0005456 246.0563 113.9368  1.70476240 53235
GSAT0204 (GALILEO 8)    
1 40545U 15017B   23288.97740621 -.00000080  00000+0  00000+0 0  9998
2 40545  56.9144   8.1547 0004481 226.1955 133.8184  1.70475808 15623
IRNSS-1D                
1 40547U 15018A   23291.82565375 -.00000277  00000+0  00000+0 0  9998
2 40547  27.9840 256.8818 0018712 187.1548 351.9421  1.00267604 31233
BEIDOU-3S IGSO-1S       
1 40549U 15019A   23291.59799005 -.00000122  00000+0  00000+0 0  9993
2 40549  51.0223 307.0508 0040491 197.8855 187.1795  1.00247734 31326
NAVSTAR 74 (USA 262)    
1 40730U 15033A   23292.49409767 -.00000011  00000+0  00000+0 0  9991
2 40730  54.8088 306.8962 0087071  14.0426 346.2317  2.00552714 60506
BEIDOU-3S M2S           
1 40748U 15037A   23291.89933284 -.00000056  00000+0  00000+0 0  9992
2 40748  55.6360 335.2575 0012672 247.9681 111.9605  1.86233089 56010
BEIDOU-3S M1S           
1 40749U 15037B   23292.16949530 -.00000055  00000+0  00000+0 0  9994
2 40749  55.6389 335.2347 0005025 296.6615  63.3499  1.86232847 56024
GSAT0205 (GALILEO 9)    
1 40889U 15045A   23292.26493096  .00000018  00000+0  00000+0 0  9998
2 40889  55.3406 248.4558 0004375   8.3436 351.6439  1.70472963 50446
GSAT0206 (GALILEO 10)   
1 40890U 15045B   23290.72582851  .00000014  00000+0  00000+0 0  9993
2 40890  55.3407 248.4937 0002822 345.7114  14.2527  1.70473016 50446
BEIDOU-3S IGSO-2S       
1 40938U 15053A   23292.31408606 -.00000122  00000+0  00000+0 0  9998
2 40938  50.7435 270.2233 0047121 195.0834 131.9019  1.00272571 29600
NAVSTAR 75 (USA 265)    
1 41019U 15062A   23292.54506523  .00000002  00000+0  00000+0 0  9997
2 41019  56.2005  68.5403 0091191 221.4731 137.8310  2.00562155 58341
GSAT-15                 
1 41028U 15065A   23292.50223815 -.00000249  00000+0  00000+0 0  9990
2 41028   0.0796 267.7086 0003604 278.0188 116.3252  1.00273529 29057
GSAT0209 (GALILEO 12)   
1 41174U 15079A   23292.07052751  .00000073  00000+0  00000+0 0  9992
2 41174  55.3186 127.9696 0001985 345.9477  14.1195  1.70474186 48202
GSAT0208 (GALILEO 11)   
1 41175U 15079B   23290.53042985  .00000077  00000+0  00000+0 0  9994
2 41175  55.3162 128.0100 0001460 359.9145   0.1670  1.70474137 48753
IRNSS-1E                
1 41241U 16003A   23291.86562590 -.00000276  00000+0  00000+0 0  9994
2 41241  31.0806  77.1227 0021314 180.4151 193.0588  1.00271162 28452
NAVSTAR 76 (USA 266)    
1 41328U 16007A   23292.13551723  .00000063  00000+0  00000+0 0  9994
2 41328  55.0334 128.0700 0072217 233.5503 125.8489  2.00573541 56340
COSMOS 2514             
1 41330U 16008A   23291.97685853 -.00000044  00000+0  00000+0 0  9991
2 41330  65.4895 346.1655 0012503 215.5811 144.4075  2.13102545 59905
IRNSS-1F                
1 41384U 16015A   23292.56176163  .00000170  00000+0  00000+0 0  9992
2 41384   3.0262 127.6800 0019543 173.8174 320.9151  1.00272759 27926
BEIDOU-2 IGSO-6         
1 41434U 16021A   23292.29800782 -.00000156  00000+0  00000+0 0  9991
2 41434  58.8199  47.8117 0048991 219.3102 324.4690  1.00273819 27733
IRNSS-1G                
1 41469U 16027A   23292.58108066 -.00000323  00000+0  00000+0 0  9999
2 41469   2.9146 129.2398 0000887  10.6968 226.6029  1.00267824 27438
GSAT0211 (GALILEO 14)   
1 41549U 16030A   23291.23811173  .00000016  00000+0  00000+0 0  9991
2 41549  55.4877 248.4647 0004062 325.1873  34.7612  1.70473043 46087
GSAT0210 (GALILEO 13)   
1 41550U 16030B   23292.11617022  .00000018  00000+0  00000+0 0  9990
2 41550  55.4867 248.4417 0003671 289.1750  70.7649  1.70473321 46091
COSMOS 2516             
1 41554U 16032A   23292.09037380  .00000036  00000+0  00000+0 0  9996
2 41554  63.8618 224.5144 0015089 213.3192 146.6024  2.13106334 57513
BEIDOU-2 G7             
1 41586U 16037A   23292.58511831 -.00000344  00000+0  00000+0 0  9991
2 41586   1.9772  68.9767 0007327 341.8083 298.2318  1.00274580 27044
EUTELSAT 117 WEST B     
1 41589U 16038B   23292.56161300 -.00000002  00000+0  00000+0 0  9996
2 41589   0.0076 338.1323 0000387 283.0783 211.7479  1.00272694 26925
GSAT0207 (GALILEO 15)   
1 41859U 16069A   23290.01803075  .00000077  00000+0  00000+0 0  9991
2 41859  54.9808 128.0873 0001791 313.2428  46.8273  1.70474158 42792
GSAT0212 (GALILEO 16)   
1 41860U 16069B   23289.87264083  .00000078  00000+0  00000+0 0  9996
2 41860  54.9786 128.0882 0001866  26.7782 333.3174  1.70474383 43044
GSAT0213 (GALILEO 17)   
1 41861U 16069C   23291.99877477  .00000072  00000+0  00000+0 0  9994
2 41861  54.9816 128.0353 0001815 259.3431 100.7095  1.70473006 42948
GSAT0214 (GALILEO 18)   
1 41862U 16069D   23292.14605015  .00000072  00000+0  00000+0 0  9990
2 41862  54.9797 128.0251 0000864 256.0655 103.9974  1.70472910 43078
SES-15                  
1 42709U 17026A   23292.41577292  .00000069  00000+0  00000+0 0  9996
2 42709   0.0350  47.2538 0000790 125.0582 235.8804  1.00275125 24391
QZS-2 (MICHIBIKI-2)     
1 42738U 17028A   23292.21799204 -.00000167  00000+0  00000+0 0  9997
2 42738  40.9725 257.2274 0745417 270.6871  76.8113  1.00252723 23396
QZS-3 (MICHIBIKI-3)     
1 42917U 17048A   23292.58055852 -.00000338  00000+0  00000+0 0  9992
2 42917   0.0519 194.4993 0001493   8.1481 161.2495  1.00271405 22516
COSMOS 2522             
1 42939U 17055A   23292.28767285  .00000036  00000+0  00000+0 0  9995
2 42939  64.0959 225.0459 0008210 242.2351 117.6978  2.13101982 47264
QZS-4 (MICHIBIKI-4)     
1 42965U 17062A   23292.50492601 -.00000295  00000+0  00000+0 0  9992
2 42965  40.6176 355.8715 0749843 270.1708  82.7990  1.00268277 22075
BEIDOU-3 M1             
1 43001U 17069A   23292.24691060  .00000048  00000+0  00000+0 0  9997
2 43001  55.8780  95.3274 0007186 294.8643  65.0751  1.86231345 40507
BEIDOU-3 M2             
1 43002U 17069B   23291.10982949  .00000044  00000+0  00000+0 0  9997
2 43002  55.8763  95.4008 0005251 331.1310  28.8551  1.86231081 40470
GSAT0215 (GALILEO 19)   
1 43055U 17079A   23291.46130547  .00000017  00000+0  00000+0 0  9994
2 43055  55.4640 248.2838 0003140 284.2826  75.6589  1.70473753 36408
GSAT0216 (GALILEO 20)   
1 43056U 17079B   23291.75319202  .00000017  00000+0  00000+0 0  9994
2 43056  55.4643 248.2756 0004733 285.9253  74.0005  1.70473886 36427
GSAT0217 (GALILEO 21)   
1 43057U 17079C   23290.21379650  .00000012  00000+0  00000+0 0  9993
2 43057  55.4631 248.3169 0004336 297.8836  62.0418  1.70473874 36389
GSAT0218 (GALILEO 22)   
1 43058U 17079D   23291.02043779  .00000015  00000+0  00000+0 0  9997
2 43058  55.4628 248.2923 0005168 281.0495  78.8663  1.70473852 36421
BEIDOU-3 M7             
1 43107U 18003A   23292.47137022 -.00000057  00000+0  00000+0 0  9992
2 43107  55.0922 335.9348 0002642  69.0458 291.0445  1.86232378 39255
BEIDOU-3 M8             
1 43108U 18003B   23292.40984391 -.00000057  00000+0  00000+0 0  9995
2 43108  55.0852 335.9238 0004793 252.2395 107.7702  1.86230860 39265
BEIDOU-3 M4             
1 43207U 18018A   23291.77798123  .00000046  00000+0  00000+0 0  9993
2 43207  55.8362  95.4404 0003807  19.9448 340.0845  1.86231307 38631
BEIDOU-3 M3             
1 43208U 18018B   23292.38159531  .00000049  00000+0  00000+0 0  9999
2 43208  55.8361  95.4247 0004914 312.0316  47.9410  1.86231291 38641
BEIDOU-3 M9             
1 43245U 18029A   23292.06735057 -.00000055  00000+0  00000+0 0  9998
2 43245  54.9852 333.6792 0001891 244.6032 115.4387  1.86232505 37793
BEIDOU-3 M10            
1 43246U 18029B   23290.38647862 -.00000057  00000+0  00000+0 0  9990
2 43246  54.9833 333.7652 0003180 340.5127  19.5407  1.86232873 37743
IRNSS-1I                
1 43286U 18035A   23292.08938587  .00000112  00000+0  00000+0 0  9998
2 43286  29.3544  89.4793 0021398 177.9352 207.1796  1.00276033 20320
COSMOS 2527             
1 43508U 18053A   23291.77710354  .00000073  00000+0  00000+0 0  9996
2 43508  65.1100 106.4589 0007684 212.9605 147.0231  2.13102360 41559
BEIDOU-2 IGSO-7         
1 43539U 18057A   23292.59354730 -.00000102  00000+0  00000+0 0  9991
2 43539  55.1171 171.4629 0063623 229.9010 313.9172  1.00269637 19403
GSAT0221 (GALILEO 25)   
1 43564U 18060A   23291.50684849 -.00000076  00000+0  00000+0 0  9990
2 43564  57.2890   8.0108 0004067 255.6874 104.3222  1.70476158 32598
GSAT0222 (GALILEO 26)   
1 43565U 18060B   23292.31157799 -.00000077  00000+0  00000+0 0  9991
2 43565  57.2926   7.9901 0004454 229.0728 130.9431  1.70475857 32649
GSAT0219 (GALILEO 23)   
1 43566U 18060C   23290.77409615 -.00000077  00000+0  00000+0 0  9997
2 43566  57.2918   8.0337 0003319 261.6285  98.3884  1.70476180 32598
GSAT0220 (GALILEO 24)   
1 43567U 18060D   23290.99453705 -.00000076  00000+0  00000+0 0  9990
2 43567  57.2913   8.0286 0003548 257.5593 102.4557  1.70476004 32585
BEIDOU-3 M5             
1 43581U 18062A   23292.21754534  .00000027  00000+0  00000+0 0  9994
2 43581  54.1676 215.3835 0003831 296.5666  63.4241  1.86231840 35533
BEIDOU-3 M6             
1 43582U 18062B   23292.08397060  .00000028  00000+0  00000+0 0  9998
2 43582  54.1672 215.3777 0005901  13.5113 346.5342  1.86229766 35530
BEIDOU-3 M12            
1 43602U 18067A   23292.01987043  .00000029  00000+0  00000+0 0  9996
2 43602  54.2553 214.0388 0007570  19.0548 341.0056  1.86231415 35012
BEIDOU-3 M11            
1 43603U 18067B   23291.61675047  .00000031  00000+0  00000+0 0  9993
2 43603  54.2525 214.0182 0004475   8.5585 351.4803  1.86231417 35038
BEIDOU-3 M13            
1 43622U 18072A   23291.57570819  .00000045  00000+0  00000+0 0  9991
2 43622  55.8058  94.9854 0004015 288.0282  71.9421  1.86231359 34547
BEIDOU-3 M14            
1 43623U 18072B   23291.97811315  .00000046  00000+0  00000+0 0  9996
2 43623  55.8081  94.9647 0002090 345.0858  14.9217  1.86231371 34542
BEIDOU-3 M16            
1 43647U 18078A   23292.14168854 -.00000055  00000+0  00000+0 0  9992
2 43647  54.8812 333.7950 0006174   0.7314 359.3310  1.86227205 34056
BEIDOU-3 M15            
1 43648U 18078B   23292.27110309 -.00000055  00000+0  00000+0 0  9999
2 43648  54.8768 333.7941 0002931   3.0482 357.0147  1.86232189 34078
BEIDOU-3 G1             
1 43683U 18085A   23292.56993709 -.00000267  00000+0  00000+0 0  9996
2 43683   1.6128 121.3699 0002685   1.7375 249.9454  1.00274097 18319
COSMOS 2529             
1 43687U 18086A   23291.87642297  .00000037  00000+0  00000+0 0  9991
2 43687  64.3113 225.5075 0009921 264.3005  95.6007  2.13101997 38567
BEIDOU-3 M17            
1 43706U 18093A   23291.34504613  .00000031  00000+0  00000+0 0  9996
2 43706  54.2503 215.3338 0008975 286.5184  73.4107  1.86231966 33403
BEIDOU-3 M18            
1 43707U 18093B   23292.28542704  .00000027  00000+0  00000+0 0  9999
2 43707  54.2508 215.2935 0007736 316.4026  43.5665  1.86229767 33439
NAVSTAR 77 (USA 289)    
1 43873U 18109A   23291.06487237  .00000066  00000+0  00000+0 0  9998
2 43873  55.2080 130.6371 0026604 189.7682  11.7129  2.00570380 35551
BEIDOU-3 IGSO-1         
1 44204U 19023A   23291.78820892 -.00000210  00000+0  00000+0 0  9992
2 44204  57.2864  47.7787 0024454 197.1542 185.5182  1.00269019 16595
BEIDOU-2 G8             
1 44231U 19027A   23292.58915421 -.00000237  00000+0  00000+0 0  9997
2 44231   1.3528  70.7653 0004346 149.0470 164.5713  1.00276512 16339
COSMOS 2534             
1 44299U 19030A   23292.36232841  .00000036  00000+0  00000+0 0  9995
2 44299  64.3840 225.4217 0012236 285.1539 221.7715  2.13101795 34219
BEIDOU-3 IGSO-2         
1 44337U 19035A   23292.32745969 -.00000099  00000+0  00000+0 0  9999
2 44337  55.1517 167.3965 0032897 194.8679 261.9288  1.00260507 15921
NAVSTAR 78 (USA 293)    
1 44506U 19056A   23292.57937854 -.00000076  00000+0  00000+0 0  9998
2 44506  55.8262   9.6508 0038179 187.4122 286.4354  2.00566285 30582
BEIDOU-3 M24            
1 44542U 19061A   23291.81982675  .00000030  00000+0  00000+0 0  9990
2 44542  54.4777 215.5559 0008593 351.5867   8.4276  1.86231478 27687
BEIDOU-3 M23            
1 44543U 19061B   23291.71778542  .00000030  00000+0  00000+0 0  9996
2 44543  54.4760 215.5288 0005715 340.4159 223.1306  1.86231816 27689
BEIDOU-3 IGSO-3         
1 44709U 19073A   23291.40205582 -.00000163  00000+0  00000+0 0  9996
2 44709  56.4631 291.2863 0034924 190.7980 169.1135  1.00268679 14705
BEIDOU-3 M22            
1 44793U 19078A   23292.20215626 -.00000055  00000+0  00000+0 0  9993
2 44793  54.7294 333.7545 0004907   7.6015 352.4670  1.86232137 26546
BEIDOU-3 M21            
1 44794U 19078B   23289.11093212 -.00000060  00000+0  00000+0 0  9991
2 44794  54.7050 333.8428 0003023 352.4572   7.6063  1.86232694 26492
COSMOS 2544             
1 44850U 19088A   23290.31310486  .00000070  00000+0  00000+0 0  9994
2 44850  65.0955 106.3500 0011219 247.7650 112.1513  2.13102164 29963
BEIDOU-3 M19            
1 44864U 19090A   23291.99637552  .00000046  00000+0  00000+0 0  9996
2 44864  55.7404  95.1562 0015371 272.6180  55.6882  1.86231629 26127
BEIDOU-3 M20            
1 44865U 19090B   23291.70666677  .00000045  00000+0  00000+0 0  9995
2 44865  55.7422  95.1988 0012969 287.5321 296.3169  1.86231608 26109
BEIDOU-3 G2             
1 45344U 20017A   23292.57124709 -.00000131  00000+0  00000+0 0  9997
2 45344   2.0786  18.5035 0003150 185.3156 109.6711  1.00270784 13519
COSMOS 2545             
1 45358U 20018A   23291.91776840 -.00000046  00000+0  00000+0 0  9994
2 45358  64.8298 346.3762 0011462 243.4905 116.4636  2.13102516 27946
BEIDOU-3 G3             
1 45807U 20040A   23292.62913626 -.00000344  00000+0  00000+0 0  9993
2 45807   0.5891 353.7200 0007849 314.4831  56.6076  1.00265392 12327
NAVSTAR 79 (USA 304)    
1 45854U 20041A   23292.52854014 -.00000002  00000+0  00000+0 0  9991
2 45854  55.9217  66.9420 0038039 187.7910 192.3110  2.00562182 24559
GALAXY 30 (G-30)        
1 46114U 20056C   23292.55764029  .00000046  00000+0  00000+0 0  9993
2 46114   0.0138 263.0382 0002670 299.5654 260.9541  1.00270849 11661
COSMOS 2547             
1 46805U 20075A   23292.10652669  .00000037  00000+0  00000+0 0  9998
2 46805  64.6117 224.9996 0007444 243.1228 116.8168  2.13102759 23198
NAVSTAR 80 (USA 309)    
1 46826U 20078A   23292.59601751  .00000028  00000+0  00000+0 0  9993
2 46826  54.2905 250.2265 0036751 194.9343 209.6338  2.00562690 22027
NAVSTAR 81 (USA 319)    
1 48859U 21054A   23292.31488444 -.00000076  00000+0  00000+0 0  9992
2 48859  55.3450  11.4256 0013480 215.7236 169.4157  2.00570975 17263
QZS-1R                  
1 49336U 21096A   23292.33035447 -.00000187  00000+0  00000+0 0  9995
2 49336  35.4466  94.2258 0746957 270.0769 277.3334  1.00277252  7264
GSAT0223 (GALILEO 27)   
1 49809U 21116A   23288.49755931 -.00000081  00000+0  00000+0 0  9995
2 49809  57.2826   7.9915 0003630 202.5759 155.2898  1.70476396 11547
GSAT0224 (GALILEO 28)   
1 49810U 21116B   23290.65532750 -.00000077  00000+0  00000+0 0  9995
2 49810  57.2835   7.9318 0002897 196.6310 157.9946  1.70476286 11604
COSMOS 2557             
1 52984U 22075A   23292.26936959 -.00000048  00000+0  00000+0 0  9992
2 52984  64.7477 348.5185 0013198 275.7375  84.1826  2.13102182 10007
COSMOS 2559             
1 54031U 22130A   23292.21150138 -.00000049  00000+0  00000+0 0  9992
2 54031  64.7191 348.6465 0007853 225.4311 134.5753  2.13101445  7972
COSMOS 2564             
1 54377U 22161A   23291.46584207  .00000038  00000+0  00000+0 0  9990
2 54377  64.7526 225.0821 0009484 222.7123 137.2274  2.13102172  6902
NAVSTAR 82 (USA 343)    
1 55268U 23009A   23292.38482781  .00000032  00000+0  00000+0 0  9992
2 55268  55.0861 186.6489 0005120  89.0256  25.3074  2.00552586  5754
BEIDOU-3 G4             
1 56564U 23066A   23292.59821007 -.00000104  00000+0  00000+0 0  9997
2 56564   2.7339 288.6383 0005989 223.3364 251.2485  1.00271194  1658
IRNSS-1J (NVS-01)       
1 56759U 23076A   23292.43775447 -.00000331  00000+0  00000+0 0  9995
2 56759   4.6258 271.2230 0007243 348.2496  55.2381  1.00264791  1373
