NAVSTAR 43 (USA 132)    
1 24876U 97035A   23235.13202826  .00000005  00000+0  00000+0 0  9993
2 24876  55.5847 138.8219 0072003  52.0585 308.6384  2.00563968191116
NAVSTAR 47 (USA 150)    
1 26360U 00025A   23233.47491428 -.00000030  00000+0  00000+0 0  9998
2 26360  54.4199  61.1700 0041328 198.7768 134.0235  2.00571775170594
NAVSTAR 51 (USA 166)    
1 27663U 03005A   23235.13733199  .00000067  00000+0  00000+0 0  9994
2 27663  55.2519 255.8961 0131586  44.6370  28.5129  2.00566729150669
NAVSTAR 52 (USA 168)    
1 27704U 03010A   23235.30197830 -.00000075  00000+0  00000+0 0  9991
2 27704  55.1155   5.8566 0248424 318.4717  91.5415  2.00574327149468
NAVSTAR 54 (USA 177)    
1 28190U 04009A   23233.84530497 -.00000056  00000+0  00000+0 0  9996
2 28190  55.7011 317.0063 0093042 137.9855 238.6424  2.00567747142315
NAVSTAR 56 (USA 180)    
1 28474U 04045A   23235.30226726 -.00000074  00000+0  00000+0 0  9991
2 28474  55.4424   6.1740 0161936 282.2423 121.3395  2.00579513137780
ANIK F1R                
1 28868U 05036A   23235.50148769 -.00000067  00000+0  00000+0 0  9993
2 28868   1.6551  89.2000 0002628  40.6432 274.9197  1.00272244 65842
NAVSTAR 57 (USA 183)    
1 28874U 05038A   23233.83967729 -.00000052  00000+0  00000+0 0  9995
2 28874  55.7526 314.4582 0139171 279.3424 114.3305  2.00576418131163
INMARSAT 4-F2           
1 28899U 05044A   23235.38683514  .00000018  00000+0  00000+0 0  9999
2 28899   3.8518  40.6291 0002742 115.3236  18.6277  1.00271944 65180
NAVSTAR 58 (USA 190)    
1 29486U 06042A   23234.64611345  .00000063  00000+0  00000+0 0  9992
2 29486  54.6864 192.1584 0102842  31.6354 126.1985  2.00570554123896
NAVSTAR 59 (USA 192)    
1 29601U 06052A   23235.34439153  .00000071  00000+0  00000+0 0  9994
2 29601  55.2724 254.8461 0084184  79.3351 281.6590  2.00577014122819
NAVSTAR 60 (USA 196)    
1 32260U 07047A   23235.15938582 -.00000005  00000+0  00000+0 0  9991
2 32260  53.4594 122.6462 0150885  70.3079 291.3825  2.00552018116192
COSMOS 2433             
1 32275U 07052A   23233.42396766 -.00000062  00000+0  00000+0 0  9996
2 32275  66.0260 350.3976 0003232 211.1349 148.8677  2.13104203123132
COSMOS 2432             
1 32276U 07052B   23234.92882729 -.00000060  00000+0  00000+0 0  9990
2 32276  66.0398 350.4561 0007937 324.1855  57.3991  2.13103286123165
NAVSTAR 61 (USA 199)    
1 32384U 07062A   23233.48355469 -.00000054  00000+0  00000+0 0  9990
2 32384  55.8845 315.2913 0024961 149.2232 210.8734  2.00558121114900
COSMOS 2434             
1 32393U 07065A   23234.77816983  .00000099  00000+0  00000+0 0  9997
2 32393  64.3379 226.7323 0000129 185.1636  24.8680  2.13103120121860
COSMOS 2436             
1 32395U 07065C   23234.56187236  .00000097  00000+0  00000+0 0  9996
2 32395  64.3464 226.8012 0015583 351.6193 188.0078  2.13102854121790
NAVSTAR 62 (USA 201)    
1 32711U 08012A   23233.57796091  .00000059  00000+0  00000+0 0  9994
2 32711  54.4535 191.0349 0177398 235.7478 122.5417  2.00556919113082
NAVSTAR 64 (USA 206)    
1 35752U 09043A   23234.31467858 -.00000020  00000+0  00000+0 0  9995
2 35752  55.4218  68.2375 0058461  68.5149 120.1270  2.00558710102685
COSMOS 2456             
1 36111U 09070A   23235.49796708  .00000010  00000+0  00000+0 0  9992
2 36111  64.4851 106.2132 0002573 329.2833 232.3116  2.13099227106543
COSMOS 2457             
1 36112U 09070B   23234.29247007  .00000011  00000+0  00000+0 0  9994
2 36112  64.4685 106.1202 0005230 149.7252 337.7486  2.13101422106528
COSMOS 2460             
1 36402U 10007C   23234.71164212 -.00000061  00000+0  00000+0 0  9997
2 36402  65.8883 349.0725 0001567 150.8356 286.4624  2.13106342104887
NAVSTAR 65 (USA 213)    
1 36585U 10022A   23233.64647995  .00000059  00000+0  00000+0 0  9997
2 36585  54.5718 250.1398 0108871  59.6636 122.8024  2.00561305 96913
BEIDOU-2 IGSO-1         
1 36828U 10036A   23235.28344067 -.00000111  00000+0  00000+0 0  9998
2 36828  54.2370 172.2817 0036705 189.5993 179.3782  1.00256966 47916
QZS-1 (MICHIBIKI-1)     
1 37158U 10045A   23232.49844439 -.00000019  00000+0  00000+0 0  9990
2 37158  42.7939 127.6204 0036945  13.4588 181.7112  0.88380591 47350
BEIDOU-2 G4             
1 37210U 10057A   23235.09269084 -.00000104  00000+0  00000+0 0  9993
2 37210   1.1475  60.2235 0005318 145.8798 318.3287  1.00272020 46961
BEIDOU-2 IGSO-2         
1 37256U 10068A   23235.32355174 -.00000170  00000+0  00000+0 0  9990
2 37256  49.4307 284.4524 0032305 212.0279  58.8632  1.00288044 46477
BEIDOU-2 IGSO-3         
1 37384U 11013A   23234.93614809 -.00000156  00000+0  00000+0 0  9996
2 37384  60.9203  50.0159 0027861 174.0877 191.6114  1.00285103 45355
GSAT-8                  
1 37605U 11022A   23234.23848406  .00000093  00000+0  00000+0 0  9996
2 37605   0.0261 105.4132 0004104 139.5935 226.2087  1.00272831 44911
NAVSTAR 66 (USA 232)    
1 37753U 11036A   23233.89966951 -.00000071  00000+0  00000+0 0  9999
2 37753  56.7419  11.9880 0127238  56.2340  34.8482  2.00568496 88600
BEIDOU-2 IGSO-4         
1 37763U 11038A   23235.27926706 -.00000042  00000+0  00000+0 0  9998
2 37763  54.5110 174.8218 0112002 228.3026 124.2237  1.00276632 44325
GSAT0101 (GALILEO-PFM)  
1 37846U 11060A   23232.63214153 -.00000077  00000+0  00000+0 0  9996
2 37846  57.1080   9.6970 0002304  72.9466 287.0814  1.70476050 73667
GSAT0102 (GALILEO-FM2)  
1 37847U 11060B   23235.48300281 -.00000072  00000+0  00000+0 0  9996
2 37847  57.1091   9.6199 0001355   6.9550 349.0089  1.70475344 73702
COSMOS 2476             
1 37867U 11064A   23234.17618512  .00000012  00000+0  00000+0 0  9999
2 37867  64.7646 107.7808 0021358 233.7794 303.0031  2.13101771 91868
COSMOS 2477             
1 37868U 11064B   23235.33099503  .00000011  00000+0  00000+0 0  9991
2 37868  64.7725 107.8111 0018587 234.3060 286.2959  2.13101664 91848
COSMOS 2475             
1 37869U 11064C   23234.53499183  .00000011  00000+0  00000+0 0  9991
2 37869  64.7793 107.8501 0022883 252.1304 336.2672  2.13102065 91833
BEIDOU-2 IGSO-5         
1 37948U 11073A   23234.60496645 -.00000126  00000+0  00000+0 0  9995
2 37948  49.5571 284.1287 0094890 220.2660 140.0919  1.00275854 43074
LUCH-5A                 
1 37951U 11074B   23235.50078650 -.00000041  00000+0  00000+0 0  9998
2 37951   6.1104  89.9030 0005114  49.2153 179.6801  1.00273595 42878
BEIDOU-2 G5             
1 38091U 12008A   23234.77609855  .00000066  00000+0  00000+0 0  9993
2 38091   1.6779  68.1891 0002121 165.8669  74.8595  1.00269235 42151
BEIDOU-2 M3             
1 38250U 12018A   23234.31142751 -.00000082  00000+0  00000+0 0  9997
2 38250  56.5186 339.3074 0022852 255.0768 104.7040  1.86231169 77100
BEIDOU-2 M4             
1 38251U 12018B   23235.31682642 -.00000081  00000+0  00000+0 0  9996
2 38251  56.4291 338.5680 0013701 254.5311 105.3517  1.86231867 77136
SES-5                   
1 38652U 12036A   23234.58671434  .00000042  00000+0  00000+0 0  9992
2 38652   0.0511 296.1816 0002045 209.9285  40.7183  1.00272124 40749
BEIDOU-2 M6             
1 38775U 12050B   23233.95292831 -.00000006  00000+0  00000+0 0  9995
2 38775  55.6799  97.2162 0012139 338.7341  21.3040  1.86231302 74473
GSAT-10                 
1 38779U 12051B   23235.01751498 -.00000156  00000+0  00000+0 0  9994
2 38779   0.0897 272.4901 0000840 335.6088 172.2608  1.00273212 39972
NAVSTAR 67 (USA 239)    
1 38833U 12053A   23234.75307765  .00000054  00000+0  00000+0 0  9997
2 38833  53.5142 185.7068 0141151  51.6874 309.5577  2.00566999 79688
GSAT0103 (GALILEO-FM3)  
1 38857U 12055A   23232.08469625  .00000007  00000+0  00000+0 0  9991
2 38857  55.2766 129.9128 0003295 271.4237  88.6052  1.70473763 67551
GSAT0104 (GALILEO-FM4)  
1 38858U 12055B   23234.98709102  .00000008  00000+0  00000+0 0  9991
2 38858  55.2769 129.8345 0000630 268.1482  91.9095  1.70473956 67570
BEIDOU-2 G6             
1 38953U 12059A   23235.46246758 -.00000168  00000+0  00000+0 0  9996
2 38953   1.7932  81.9813 0008012 316.7595 183.3134  1.00271367 39731
LUCH-5B                 
1 38977U 12061A   23234.79751354 -.00000128  00000+0  00000+0 0  9999
2 38977   8.2257  59.2266 0005800  97.8863  84.5585  1.00272198 39854
COSMOS 2485             
1 39155U 13019A   23234.35701369  .00000012  00000+0  00000+0 0  9996
2 39155  64.9250 108.2955 0021841 229.6543 130.2404  2.13101982 80333
NAVSTAR 68 (USA 242)    
1 39166U 13023A   23234.11644045 -.00000046  00000+0  00000+0 0  9992
2 39166  55.3678 310.6482 0114117  41.7735 319.1564  2.00564331 75215
IRNSS-1A                
1 39199U 13034A   23234.16657309  .00000084  00000+0  00000+0 0  9993
2 39199  33.3930  78.8870 0019847 176.2146 190.0723  1.00275588 37321
NAVSTAR 69 (USA 248)    
1 39533U 14008A   23233.11702083  .00000055  00000+0  00000+0 0  9999
2 39533  53.6016 191.3294 0067270 215.8021 143.7240  2.00550956 69554
ASTRA 5B                
1 39617U 14011B   23235.30707932  .00000146  00000+0  00000+0 0  9998
2 39617   0.0853 297.1683 0003832 241.5251 286.7026  1.00274882 34556
COSMOS 2492             
1 39620U 14012A   23234.31245678 -.00000061  00000+0  00000+0 0  9994
2 39620  65.7721 348.7061 0011011 319.4291  40.5134  2.13103168 73295
IRNSS-1B                
1 39635U 14017A   23234.16631157  .00000130  00000+0  00000+0 0  9995
2 39635  28.7300 257.8855 0020247 191.2185 356.0299  1.00270452 34451
LUCH-5V                 
1 39727U 14023A   23235.03463522 -.00000261  00000+0  00000+0 0  9996
2 39727   2.5411  77.3158 0002773 114.4233 246.4818  1.00275820552191
NAVSTAR 70 (USA 251)    
1 39741U 14026A   23233.89743497 -.00000071  00000+0  00000+0 0  9998
2 39741  56.6950  11.5103 0028715 311.6100  48.1551  2.00558204 67860
COSMOS 2500             
1 40001U 14032A   23234.49592294 -.00000061  00000+0  00000+0 0  9999
2 40001  65.7103 348.5284 0007722 194.0191 165.9844  2.13105847 71518
NAVSTAR 71 (USA 256)    
1 40105U 14045A   23233.98277998  .00000005  00000+0  00000+0 0  9999
2 40105  54.8081 129.6063 0024325 112.9952 247.3247  2.00576851 66308
GSAT0201 (GALILEO 5)    
1 40128U 14050A   23234.40711256 -.00000068  00000+0  00000+0 0  9998
2 40128  49.9469 315.0851 1609473 139.8832 233.2080  1.85519167 61159
GSAT0202 (GALILEO 6)    
1 40129U 14050B   23235.20553977 -.00000063  00000+0  00000+0 0  9997
2 40129  49.9655 314.1244 1607307 140.7238 232.1374  1.85519813 61363
IRNSS-1C                
1 40269U 14061A   23235.10393566 -.00000155  00000+0  00000+0 0  9991
2 40269   3.9347 113.0903 0020270  15.9494 322.5285  1.00272726 32503
NAVSTAR 72 (USA 258)    
1 40294U 14068A   23234.85812298 -.00000014  00000+0  00000+0 0  9999
2 40294  56.1660  70.9495 0048981  61.4143 299.1436  2.00570978 64549
COSMOS 2501             
1 40315U 14075A   23234.74569831  .00000098  00000+0  00000+0 0  9992
2 40315  63.6413 226.0986 0020198 211.6651 148.2248  2.13101388 67912
NAVSTAR 73 (USA 260)    
1 40534U 15013A   23234.49463807  .00000068  00000+0  00000+0 0  9993
2 40534  53.4702 246.8226 0079811  25.1265 335.2924  2.00555516 61594
GSAT0203 (GALILEO 7)    
1 40544U 15017A   23234.75797804 -.00000073  00000+0  00000+0 0  9991
2 40544  56.9037   9.6141 0002636 220.6603 139.3273  1.70476174 52312
GSAT0204 (GALILEO 8)    
1 40545U 15017B   23235.01156630 -.00000072  00000+0  00000+0 0  9997
2 40545  56.9096   9.6215 0003138 202.1571 157.8369  1.70475794 52326
IRNSS-1D                
1 40547U 15018A   23234.58221303 -.00000255  00000+0  00000+0 0  9994
2 40547  28.0980 257.8509 0020599 191.2799 202.8649  1.00269371 30922
BEIDOU-3S IGSO-1S       
1 40549U 15019A   23234.72722722 -.00000159  00000+0  00000+0 0  9997
2 40549  51.1231 307.7225 0040612 195.2452 184.1963  1.00259048 30761
NAVSTAR 74 (USA 262)    
1 40730U 15033A   23233.65902808 -.00000045  00000+0  00000+0 0  9995
2 40730  54.8567 309.2872 0084844  14.0303 346.2707  2.00556072 59348
BEIDOU-3S M2S           
1 40748U 15037A   23234.44579212 -.00000082  00000+0  00000+0 0  9996
2 40748  55.6702 337.2044 0010671 239.4330 120.4978  1.86233249 54943
BEIDOU-3S M1S           
1 40749U 15037B   23235.25282447 -.00000081  00000+0  00000+0 0  9997
2 40749  55.6725 337.1634 0002766 306.8550  53.1553  1.86232875 54958
GSAT0205 (GALILEO 9)    
1 40889U 15045A   23233.60633661  .00000060  00000+0  00000+0 0  9992
2 40889  55.3705 250.0760 0003274 357.5064   2.5292  1.70473501 49441
GSAT0206 (GALILEO 10)   
1 40890U 15045B   23235.00020077  .00000067  00000+0  00000+0 0  9998
2 40890  55.3690 250.0329 0002240 320.9972  39.0255  1.70473513 49493
BEIDOU-3S IGSO-2S       
1 40938U 15053A   23234.81708935 -.00000093  00000+0  00000+0 0  9994
2 40938  50.8288 270.8916 0047759 194.3955 255.2875  1.00286281 29023
NAVSTAR 75 (USA 265)    
1 41019U 15062A   23234.21071637 -.00000016  00000+0  00000+0 0  9996
2 41019  56.1491  70.8245 0088556 221.0523 138.3425  2.00562192 57179
GSAT-15                 
1 41028U 15065A   23235.03437372 -.00000249  00000+0  00000+0 0  9990
2 41028   0.0915 273.4121 0002308 200.0050 323.5342  1.00272526 28548
GSAT0209 (GALILEO 12)   
1 41174U 15079A   23234.58532369  .00000009  00000+0  00000+0 0  9991
2 41174  55.2951 129.5508 0003439 325.6502  34.3939  1.70473924 47805
GSAT0208 (GALILEO 11)   
1 41175U 15079B   23234.21836908  .00000010  00000+0  00000+0 0  9990
2 41175  55.2933 129.5591 0002470 337.5471  22.5092  1.70473778 47793
IRNSS-1E                
1 41241U 16003A   23235.46822045 -.00000296  00000+0  00000+0 0  9994
2 41241  30.9487  77.9753 0019741 173.7478   0.1734  1.00270832 27885
NAVSTAR 76 (USA 266)    
1 41328U 16007A   23234.80190132  .00000002  00000+0  00000+0 0  9990
2 41328  55.0130 130.3490 0071687 234.6078 124.7812  2.00550878 55238
COSMOS 2514             
1 41330U 16008A   23234.72695286 -.00000062  00000+0  00000+0 0  9992
2 41330  65.5075 348.1052 0011356 204.7534 155.2178  2.13102619 58686
IRNSS-1F                
1 41384U 16015A   23235.23726029  .00000167  00000+0  00000+0 0  9991
2 41384   2.9081 130.4012 0018106 177.5891 141.0819  1.00270238 27340
BEIDOU-2 IGSO-6         
1 41434U 16021A   23234.99320014 -.00000135  00000+0  00000+0 0  9996
2 41434  58.7339  48.3919 0047013 217.8195 158.4362  1.00285609 27150
IRNSS-1G                
1 41469U 16027A   23235.47153271 -.00000327  00000+0  00000+0 0  9996
2 41469   2.8011 132.1115 0003855 354.7713 143.9617  1.00269752 26857
GSAT0211 (GALILEO 14)   
1 41549U 16030A   23233.75270403  .00000061  00000+0  00000+0 0  9999
2 41549  55.5168 250.0462 0003848 306.4856  53.5162  1.70473621 45089
GSAT0210 (GALILEO 13)   
1 41550U 16030B   23232.28449079  .00000056  00000+0  00000+0 0  9999
2 41550  55.5168 250.0878 0004195 272.6312  87.3597  1.70473733 45057
COSMOS 2516             
1 41554U 16032A   23234.84202585  .00000099  00000+0  00000+0 0  9995
2 41554  63.8679 226.4925 0015453 214.7640 145.1473  2.13106444 56294
BEIDOU-2 G7             
1 41586U 16037A   23235.03777315 -.00000346  00000+0  00000+0 0  9991
2 41586   1.8398  68.2491 0007928 347.8723  39.0100  1.00277867 26464
EUTELSAT 117 WEST B     
1 41589U 16038B   23235.54990946 -.00000003  00000+0  00000+0 0  9998
2 41589   0.0096 221.8711 0000157  39.5690 151.0964  1.00273095 26394
GSAT0207 (GALILEO 15)   
1 41859U 16069A   23231.94626019  .00000006  00000+0  00000+0 0  9991
2 41859  54.9567 129.6990 0003503 306.9407  53.0937  1.70473928 42027
GSAT0212 (GALILEO 16)   
1 41860U 16069B   23232.97410945  .00000009  00000+0  00000+0 0  9999
2 41860  54.9547 129.6675 0002622 346.7705  13.2905  1.70474106 42078
GSAT0213 (GALILEO 17)   
1 41861U 16069C   23234.51323833  .00000009  00000+0  00000+0 0  9991
2 41861  54.9575 129.6307 0003187 280.2221  79.8081  1.70472742 42093
GSAT0214 (GALILEO 18)   
1 41862U 16069D   23232.31411808  .00000007  00000+0  00000+0 0  9996
2 41862  54.9559 129.6858 0002363 289.8659  70.1758  1.70472610 42057
SES-15                  
1 42709U 17026A   23235.06174347  .00000069  00000+0  00000+0 0  9998
2 42709   0.0203  37.0307 0000431  88.5278  98.6086  1.00268744 23863
QZS-2 (MICHIBIKI-2)     
1 42738U 17028A   23234.38774118 -.00000101  00000+0  00000+0 0  9996
2 42738  41.0639 258.0500 0753571 269.9088  83.5404  1.00268387 22811
QZS-3 (MICHIBIKI-3)     
1 42917U 17048A   23235.47100972 -.00000340  00000+0  00000+0 0  9994
2 42917   0.0693 144.7778 0002686  15.5129 107.7800  1.00268356 22059
COSMOS 2522             
1 42939U 17055A   23234.09955637  .00000093  00000+0  00000+0 0  9993
2 42939  64.1019 227.0396 0010116 243.2123 116.6954  2.13102011 46020
QZS-4 (MICHIBIKI-4)     
1 42965U 17062A   23234.55640417 -.00000304  00000+0  00000+0 0  9994
2 42965  40.6412 356.6092 0746975 269.0694  44.3468  1.00284697 21481
BEIDOU-3 M1             
1 43001U 17069A   23234.25623260 -.00000006  00000+0  00000+0 0  9996
2 43001  55.8315  97.2639 0008292 302.6960  57.3117  1.86231685 39422
BEIDOU-3 M2             
1 43002U 17069B   23235.26683759 -.00000006  00000+0  00000+0 0  9998
2 43002  55.8318  97.2655 0006753 332.9988  27.0515  1.86231174 39430
GSAT0215 (GALILEO 19)   
1 43055U 17079A   23231.04322977  .00000053  00000+0  00000+0 0  9992
2 43055  55.4943 249.9471 0003739 266.1461  93.8541  1.70474347 35378
GSAT0216 (GALILEO 20)   
1 43056U 17079B   23233.68148162  .00000061  00000+0  00000+0 0  9996
2 43056  55.4934 249.8741 0005289 272.8592  87.1172  1.70474409 35408
GSAT0217 (GALILEO 21)   
1 43057U 17079C   23235.07500038  .00000067  00000+0  00000+0 0  9992
2 43057  55.4931 249.8347 0004683 284.4644  75.5224  1.70474358 35448
GSAT0218 (GALILEO 22)   
1 43058U 17079D   23233.53530137  .00000060  00000+0  00000+0 0  9998
2 43058  55.4916 249.8748 0005764 270.6783  89.2926  1.70474367 35417
BEIDOU-3 M7             
1 43107U 18003A   23233.94380338 -.00000084  00000+0  00000+0 0  9999
2 43107  55.1265 337.9438 0003882  78.7447 281.3338  1.86232552 38177
BEIDOU-3 M8             
1 43108U 18003B   23234.95570368 -.00000083  00000+0  00000+0 0  9995
2 43108  55.1188 337.8963 0003669 240.9898 119.0084  1.86230944 38190
BEIDOU-3 M4             
1 43207U 18018A   23234.32424151 -.00000006  00000+0  00000+0 0  9995
2 43207  55.7903  97.3610 0005233   8.3624 351.7338  1.86231600 37567
BEIDOU-3 M3             
1 43208U 18018B   23234.92783658 -.00000006  00000+0  00000+0 0  9992
2 43208  55.7903  97.3453 0006338 318.8598  41.1784  1.86231452 37570
BEIDOU-3 M9             
1 43245U 18029A   23234.61376139 -.00000082  00000+0  00000+0 0  9997
2 43245  55.0211 335.6564 0001126 195.7368 164.2975  1.86232729 36727
BEIDOU-3 M10            
1 43246U 18029B   23234.54382083 -.00000082  00000+0  00000+0 0  9995
2 43246  55.0181 335.6869 0002746   4.2940 355.7460  1.86232975 36719
IRNSS-1I                
1 43286U 18035A   23235.17018093  .00000087  00000+0  00000+0 0  9997
2 43286  29.2198  90.3892 0019455 177.8269 179.4555  1.00278521 19755
COSMOS 2527             
1 43508U 18053A   23234.52750230  .00000012  00000+0  00000+0 0  9996
2 43508  65.0866 108.3797 0007406 223.0227 137.0048  2.13102453 40337
BEIDOU-2 IGSO-7         
1 43539U 18057A   23235.47646942 -.00000118  00000+0  00000+0 0  9991
2 43539  55.1211 171.9635 0064574 231.5374 212.3513  1.00287350 18848
GSAT0221 (GALILEO 25)   
1 43564U 18060A   23232.84840065 -.00000076  00000+0  00000+0 0  9996
2 43564  57.2839   9.5906 0002209 253.6201 106.3589  1.70476085 31597
GSAT0222 (GALILEO 26)   
1 43565U 18060B   23234.82622588 -.00000072  00000+0  00000+0 0  9991
2 43565  57.2876   9.5385 0002988 204.5361 155.4569  1.70475798 31667
GSAT0219 (GALILEO 23)   
1 43566U 18060C   23233.28881733 -.00000075  00000+0  00000+0 0  9993
2 43566  57.2867   9.5818 0001252 259.9262 100.0640  1.70476123 31610
GSAT0220 (GALILEO 24)   
1 43567U 18060D   23232.92263259 -.00000076  00000+0  00000+0 0  9992
2 43567  57.2861   9.5927 0001565 251.2144 108.7721  1.70476072 31581
BEIDOU-3 M5             
1 43581U 18062A   23235.30109361  .00000091  00000+0  00000+0 0  9994
2 43581  54.1806 217.3231 0005580 278.3358  81.5928  1.86231913 34475
BEIDOU-3 M6             
1 43582U 18062B   23235.16686999  .00000091  00000+0  00000+0 0  9996
2 43582  54.1803 217.3173 0004917 350.7431   9.2391  1.86229714 34475
BEIDOU-3 M12            
1 43602U 18067A   23234.56633626  .00000087  00000+0  00000+0 0  9991
2 43602  54.2676 215.9914 0006847  10.4280 349.5741  1.86231584 33948
BEIDOU-3 M11            
1 43603U 18067B   23235.23710865  .00000091  00000+0  00000+0 0  9993
2 43603  54.2647 215.9345 0004021 353.0679   6.9167  1.86231528 33983
BEIDOU-3 M13            
1 43622U 18072A   23234.12199663 -.00000006  00000+0  00000+0 0  9991
2 43622  55.7600  96.9077 0004968 301.0692  58.9700  1.86231686 33475
BEIDOU-3 M14            
1 43623U 18072B   23233.98745423 -.00000006  00000+0  00000+0 0  9996
2 43623  55.7616  96.9049 0003576 343.5279  16.5489  1.86231679 33474
BEIDOU-3 M16            
1 43647U 18078A   23234.68647134 -.00000082  00000+0  00000+0 0  9990
2 43647  54.9170 335.7768 0006040  12.6766 347.3760  1.86227297 32996
BEIDOU-3 M15            
1 43648U 18078B   23234.81742437 -.00000082  00000+0  00000+0 0  9998
2 43648  54.9125 335.7763 0003026  29.0412 331.0131  1.86232320 33012
BEIDOU-3 G1             
1 43683U 18085A   23235.47362466 -.00000270  00000+0  00000+0 0  9997
2 43683   1.4866 125.2491 0003302 345.1569 171.6846  1.00272021 17732
COSMOS 2529             
1 43687U 18086A   23235.09606023  .00000101  00000+0  00000+0 0  9992
2 43687  64.3172 227.4376 0011724 261.7720  98.1095  2.13102092 37354
BEIDOU-3 M17            
1 43706U 18093A   23234.42860554  .00000087  00000+0  00000+0 0  9992
2 43706  54.2631 217.2692 0010662 278.8539  81.0141  1.86232048 32340
BEIDOU-3 M18            
1 43707U 18093B   23234.29441168  .00000086  00000+0  00000+0 0  9993
2 43707  54.2639 217.2654 0008769 302.7110  57.1926  1.86229864 32352
NAVSTAR 77 (USA 289)    
1 43873U 18109A   23234.60466478  .00000005  00000+0  00000+0 0  9992
2 43873  55.1889 132.8693 0025365 191.6545 281.4287  2.00568376 34373
BEIDOU-3 IGSO-1         
1 44204U 19023A   23233.89271999 -.00000192  00000+0  00000+0 0  9997
2 44204  57.1984  48.3850 0023318 194.2119 168.0565  1.00286853 16036
BEIDOU-2 G8             
1 44231U 19027A   23234.99372212 -.00000239  00000+0  00000+0 0  9995
2 44231   1.9225  81.1733 0005754 122.8815 269.1954  1.00275679 15757
COSMOS 2534             
1 44299U 19030A   23234.54240385  .00000097  00000+0  00000+0 0  9990
2 44299  64.3897 227.3818 0013811 280.5563 148.8722  2.13102044 32993
BEIDOU-3 IGSO-2         
1 44337U 19035A   23233.84481074 -.00000122  00000+0  00000+0 0  9992
2 44337  55.1538 167.9119 0032997 197.6086  28.1299  1.00279024 15362
NAVSTAR 78 (USA 293)    
1 44506U 19056A   23233.53211637 -.00000074  00000+0  00000+0 0  9991
2 44506  55.8192  11.9877 0036332 184.3094 134.1830  2.00565520 29398
BEIDOU-3 M24            
1 44542U 19061A   23233.29233395  .00000077  00000+0  00000+0 0  9997
2 44542  54.4907 217.5345 0008330 335.8818  24.0643  1.86231493 26595
BEIDOU-3 M23            
1 44543U 19061B   23233.69065372  .00000081  00000+0  00000+0 0  9995
2 44543  54.4889 217.4906 0006028 318.6417 220.2360  1.86231862 26599
BEIDOU-3 IGSO-3         
1 44709U 19073A   23234.56085945 -.00000163  00000+0  00000+0 0  9999
2 44709  56.5543 291.8868 0035235 189.1336 170.9124  1.00286108 14112
BEIDOU-3 M22            
1 44793U 19078A   23235.28544281 -.00000081  00000+0  00000+0 0  9999
2 44793  54.7649 335.7250 0004993  22.3471 337.7117  1.86232268 25490
BEIDOU-3 M21            
1 44794U 19078B   23235.41603950 -.00000081  00000+0  00000+0 0  9994
2 44794  54.7387 335.7027 0002888  16.8666 343.1801  1.86232681 25497
COSMOS 2544             
1 44850U 19088A   23234.47121813  .00000012  00000+0  00000+0 0  9999
2 44850  65.0725 108.2247 0011671 254.3065 105.6503  2.13102204 28750
BEIDOU-3 M19            
1 44864U 19090A   23235.39294109 -.00000006  00000+0  00000+0 0  9992
2 44864  55.6949  97.0532 0015772 276.6183 261.7712  1.86231873 25076
BEIDOU-3 M20            
1 44865U 19090B   23235.26715914 -.00000006  00000+0  00000+0 0  9991
2 44865  55.6967  97.0902 0013750 291.7496 252.0961  1.86231829 25055
BEIDOU-3 G2             
1 45344U 20017A   23235.42132552 -.00000133  00000+0  00000+0 0  9995
2 45344   2.0408  15.5128 0003309 141.4245  46.2455  1.00271296 12955
COSMOS 2545             
1 45358U 20018A   23233.72945519 -.00000063  00000+0  00000+0 0  9999
2 45358  64.8482 348.3951 0009303 235.7490 124.1874  2.13102619 26704
BEIDOU-3 G3             
1 45807U 20040A   23235.46769747 -.00000344  00000+0  00000+0 0  9995
2 45807   0.6269 341.1165 0004778 351.7171 277.5553  1.00267664 11762
NAVSTAR 79 (USA 304)    
1 45854U 20041A   23235.45625994 -.00000013  00000+0  00000+0 0  9995
2 45854  55.8716  69.1931 0035611 185.9703  25.2923  2.00563896 23397
GALAXY 30 (G-30)        
1 46114U 20056C   23234.57701167  .00000045  00000+0  00000+0 0  9994
2 46114   0.0202 113.0865 0001995  34.5836 265.6670  1.00272367 11089
COSMOS 2547             
1 46805U 20075A   23234.38781184  .00000096  00000+0  00000+0 0  9994
2 46805  64.6171 226.9391 0008746 243.9981 115.9239  2.13102998 21966
NAVSTAR 80 (USA 309)    
1 46826U 20078A   23235.42775321  .00000072  00000+0  00000+0 0  9996
2 46826  54.3181 252.5488 0035523 194.6931 331.4317  2.00562800 20866
NAVSTAR 81 (USA 319)    
1 48859U 21054A   23235.45019014 -.00000068  00000+0  00000+0 0  9998
2 48859  55.3366  13.7035 0011654 209.6897 154.5547  2.00574404 16117
QZS-1R                  
1 49336U 21096A   23223.74525463 -.00000331  00000+0  00000+0 0  9997
2 49336  35.3005  95.2790 0740332 268.7858 355.3268  1.00301615  6575
GSAT0223 (GALILEO 27)   
1 49809U 21116A   23232.27028066 -.00000078  00000+0  00000+0 0  9998
2 49809  57.2774   9.5060 0003122 166.3846 243.5065  1.70476314 10588
GSAT0224 (GALILEO 28)   
1 49810U 21116B   23234.05275613 -.00000073  00000+0  00000+0 0  9995
2 49810  57.2794   9.4566 0002742 153.8000  22.5193  1.70476229 10630
COSMOS 2557             
1 52984U 22075A   23234.55024014 -.00000063  00000+0  00000+0 0  9997
2 52984  64.7642 350.5271 0011382 276.3614  83.5322  2.13102308  8759
COSMOS 2559             
1 54031U 22130A   23234.96143078 -.00000062  00000+0  00000+0 0  9990
2 54031  64.7352 350.6409 0006786 214.4552 145.5240  2.13101514  6756
COSMOS 2564             
1 54377U 22161A   23235.15468721  .00000102  00000+0  00000+0 0  9998
2 54377  64.7577 226.9640 0011177 226.8335 133.0873  2.13102179  5702
NAVSTAR 82 (USA 343)    
1 55268U 23009A   23233.63154861  .00000058  00000+0  00000+0 0  9998
2 55268  55.0927 188.9513 0004180  92.5844  80.6617  2.00556695  4567
BEIDOU-3 G4             
1 56564U 23066A   23234.56212536 -.00000102  00000+0  00000+0 0  9999
2 56564   2.8783 288.8498 0007277 205.7313 198.3010  1.00273684  1089
IRNSS-1J (NVS-01)       
1 56759U 23076A   23235.04125975 -.00000326  00000+0  00000+0 0  9998
2 56759   4.7736 272.3011 0005656 339.4744 223.6543  1.00267747   888
