NAVSTAR 43 (USA 132)    
1 24876U 97035A   23337.83899747  .00000073  00000+0  00000+0 0  9992
2 24876  55.6136 134.8078 0075374  53.6217 307.0650  2.00564885193378
NAVSTAR 47 (USA 150)    
1 26360U 00025A   23338.22481951 -.00000073  00000+0  00000+0 0  9994
2 26360  54.5074  56.8835 0041655 205.9182 163.4609  2.00564499172702
NAVSTAR 51 (USA 166)    
1 27663U 03005A   23338.54183817 -.00000033  00000+0  00000+0 0  9993
2 27663  55.1969 251.7836 0135846  45.4947 171.1299  2.00560849152746
NAVSTAR 52 (USA 168)    
1 27704U 03010A   23337.93322038 -.00000090  00000+0  00000+0 0  9990
2 27704  55.1154   1.7124 0251791 320.9648  34.2371  2.00555438151521
NAVSTAR 54 (USA 177)    
1 28190U 04009A   23338.12610681 -.00000058  00000+0  00000+0 0  9999
2 28190  55.6200 312.8568 0092109 141.8342 291.5117  2.00564582144374
NAVSTAR 56 (USA 180)    
1 28474U 04045A   23338.55942706 -.00000087  00000+0  00000+0 0  9999
2 28474  55.4430   2.0396 0164488 285.5748 152.7970  2.00536747139860
ANIK F1R                
1 28868U 05036A   23338.61280047 -.00000058  00000+0  00000+0 0  9995
2 28868   1.9265  87.9423 0001537 144.2263 314.3075  1.00271908 37177
NAVSTAR 57 (USA 183)    
1 28874U 05038A   23338.61498345 -.00000057  00000+0  00000+0 0  9995
2 28874  55.6691 310.2921 0140191 281.5134 168.4858  2.00569324133278
INMARSAT 4-F2           
1 28899U 05044A   23338.38988708 -.00000247  00000+0  00000+0 0  9991
2 28899   3.9797  41.5593 0002290 227.6318  87.4511  1.00271429 66231
NAVSTAR 58 (USA 190)    
1 29486U 06042A   23338.64461203  .00000063  00000+0  00000+0 0  9993
2 29486  54.6794 188.0361 0104838  35.2523 336.6697  2.00565502125831
NAVSTAR 59 (USA 192)    
1 29601U 06052A   23338.05661385 -.00000031  00000+0  00000+0 0  9997
2 29601  55.2209 250.7682 0085557  79.7375 281.2699  2.00554615124834
NAVSTAR 60 (USA 196)    
1 32260U 07047A   23338.36740344  .00000050  00000+0  00000+0 0  9994
2 32260  53.5099 118.3671 0152527  72.9314 288.7159  2.00574417118247
COSMOS 2433             
1 32275U 07052A   23338.06865568 -.00000049  00000+0  00000+0 0  9998
2 32275  65.9984 346.9162 0005557 255.3728 104.6022  2.13104187125322
COSMOS 2432             
1 32276U 07052B   23338.32110532 -.00000048  00000+0  00000+0 0  9991
2 32276  66.0128 347.0182 0011435 313.1015 187.3301  2.13103406125357
NAVSTAR 61 (USA 199)    
1 32384U 07062A   23338.42776306 -.00000057  00000+0  00000+0 0  9990
2 32384  55.8036 311.1343 0023902 151.5287  22.2207  2.00563429116947
COSMOS 2434             
1 32393U 07065A   23338.43482656  .00000008  00000+0  00000+0 0  9991
2 32393  64.3272 223.2142 0003921  71.4926 100.8876  2.13103169124043
COSMOS 2436             
1 32395U 07065C   23338.12074729  .00000007  00000+0  00000+0 0  9996
2 32395  64.3359 223.2875 0016963   5.2260  61.5992  2.13102780123993
NAVSTAR 62 (USA 201)    
1 32711U 08012A   23337.78331578  .00000053  00000+0  00000+0 0  9991
2 32711  54.4483 186.8802 0178448 236.3846 121.9672  2.00560696115178
NAVSTAR 64 (USA 206)    
1 35752U 09043A   23338.27620553 -.00000061  00000+0  00000+0 0  9993
2 35752  55.5096  64.0882 0056242  70.3111 300.7717  2.00552894104795
COSMOS 2456             
1 36111U 09070A   23338.59643500  .00000033  00000+0  00000+0 0  9993
2 36111  64.5296 102.6724 0001944 302.0619 152.1064  2.13099055108706
COSMOS 2457             
1 36112U 09070B   23338.40442221  .00000033  00000+0  00000+0 0  9991
2 36112  64.5137 102.5422 0006101 157.3105 281.0585  2.13101240108706
COSMOS 2460             
1 36402U 10007C   23338.55494514 -.00000046  00000+0  00000+0 0  9998
2 36402  65.8588 345.6000 0002796 271.6193 271.7062  2.13106394107000
NAVSTAR 65 (USA 213)    
1 36585U 10022A   23338.59087341 -.00000028  00000+0  00000+0 0  9997
2 36585  54.5228 245.9029 0113473  60.0924 298.0163  2.00566732 99026
BEIDOU-2 IGSO-1         
1 36828U 10036A   23338.38211367 -.00000049  00000+0  00000+0 0  9999
2 36828  54.2371 171.3412 0037966 190.7434 316.4642  1.00284496 48922
QZS-1 (MICHIBIKI-1)     
1 37158U 10045A   23338.48727684  .00000055  00000+0  00000+0 0  9997
2 37158  42.9964 126.6422 0003993 117.9607  65.0179  0.87715589 48277
BEIDOU-2 G4             
1 37210U 10057A   23338.62492606 -.00000097  00000+0  00000+0 0  9995
2 37210   1.3839  64.5704 0008062 183.0040 210.5291  1.00270891 48018
BEIDOU-2 IGSO-2         
1 37256U 10068A   23338.58021302 -.00000204  00000+0  00000+0 0  9993
2 37256  49.2448 283.2026 0029654 213.7667 251.1549  1.00254607 47516
BEIDOU-2 IGSO-3         
1 37384U 11013A   23338.15315583 -.00000189  00000+0  00000+0 0  9998
2 37384  61.0671  49.0146 0027442 183.0253   1.8206  1.00259093 46379
GSAT-8                  
1 37605U 11022A   23338.55802634  .00000100  00000+0  00000+0 0  9998
2 37605   0.0425 117.9703 0008764 143.8033  67.3081  1.00271390 43936
NAVSTAR 66 (USA 232)    
1 37753U 11036A   23338.56468053 -.00000088  00000+0  00000+0 0  9997
2 37753  56.7545   7.9300 0127678  56.7082   6.8487  2.00523473 90713
BEIDOU-2 IGSO-4         
1 37763U 11038A   23338.35427795  .00000054  00000+0  00000+0 0  9997
2 37763  54.5098 173.9001 0112511 227.0532 252.1523  1.00256377 45361
GSAT0101 (GALILEO-PFM)  
1 37846U 11060A   23337.04420603 -.00000088  00000+0  00000+0 0  9998
2 37846  57.1179   6.8690 0001845 316.1503  43.8867  1.70476044 75311
GSAT0102 (GALILEO-FM2)  
1 37847U 11060B   23338.16264325 -.00000084  00000+0  00000+0 0  9996
2 37847  57.1188   6.8387 0003957 302.4154  70.1098  1.70475464 75348
COSMOS 2476             
1 37867U 11064A   23338.59621177  .00000037  00000+0  00000+0 0  9998
2 37867  64.8076 104.2342 0022433 231.6672 132.4340  2.13101711 94042
COSMOS 2477             
1 37868U 11064B   23338.57484498  .00000037  00000+0  00000+0 0  9990
2 37868  64.8148 104.3053 0019617 231.8885 293.6558  2.13101529 94038
COSMOS 2475             
1 37869U 11064C   23338.54970613  .00000037  00000+0  00000+0 0  9997
2 37869  64.8219 104.3193 0023723 249.1543 215.6725  2.13101755 94041
BEIDOU-2 IGSO-5         
1 37948U 11073A   23338.28806853 -.00000141  00000+0  00000+0 0  9997
2 37948  49.3721 282.8782 0092750 221.1616 124.4505  1.00252900 43847
LUCH-5A                 
1 37951U 11074B   23338.58832315 -.00000032  00000+0  00000+0 0  9996
2 37951   6.3795  88.1589 0003453 155.6931 208.0767  1.00269359 43777
BEIDOU-2 G5             
1 38091U 12008A   23338.55880955  .00000073  00000+0  00000+0 0  9994
2 38091   1.9289  69.7832 0008618 202.9001  60.3305  1.00269094 43087
BEIDOU-2 M3             
1 38250U 12018A   23338.48085870 -.00000073  00000+0  00000+0 0  9998
2 38250  56.4616 335.8482 0025415 262.5093  97.2196  1.86231362 78703
BEIDOU-2 M4             
1 38251U 12018B   23338.41191146 -.00000073  00000+0  00000+0 0  9996
2 38251  56.3712 335.1367 0016356 265.3940  94.4362  1.86232096 78700
SES-5                   
1 38652U 12036A   23338.54810575  .00000050  00000+0  00000+0 0  9993
2 38652   0.0360 313.9878 0002194 295.0103  26.4092  1.00271611 35202
BEIDOU-2 M6             
1 38775U 12050B   23337.58460551  .00000001  00000+0  00000+0 0  9999
2 38775  55.7610  93.7438 0010856 333.5267  26.4023  1.86231151 76401
GSAT-10                 
1 38779U 12051B   23338.13378507 -.00000151  00000+0  00000+0 0  9992
2 38779   0.0267 269.7928 0004995 349.8695 304.2214  1.00271448 40833
NAVSTAR 67 (USA 239)    
1 38833U 12053A   23337.95624766  .00000060  00000+0  00000+0 0  9993
2 38833  53.5112 181.4884 0147450  53.8305 307.5881  2.00568782 80865
GSAT0103 (GALILEO-FM3)  
1 38857U 12055A   23337.66983462  .00000057  00000+0  00000+0 0  9996
2 38857  55.3227 127.0087 0002476 237.9929 121.9600  1.70473681 69216
GSAT0104 (GALILEO-FM4)  
1 38858U 12055B   23336.46599026  .00000050  00000+0  00000+0 0  9996
2 38858  55.3224 127.0434 0001530 159.1066 200.8720  1.70473897 69193
BEIDOU-2 G6             
1 38953U 12059A   23338.56376984 -.00000158  00000+0  00000+0 0  9995
2 38953   2.0600  81.6154 0008180 286.8918 351.5066  1.00268846 40625
LUCH-5B                 
1 38977U 12061A   23338.04240675 -.00000123  00000+0  00000+0 0  9996
2 38977   8.4575  58.3814 0004614 162.1276 211.0064  1.00271321 40335
COSMOS 2485             
1 39155U 13019A   23338.53273406  .00000038  00000+0  00000+0 0  9995
2 39155  64.9669 104.7794 0022906 227.7739 132.0213  2.13101764 82550
NAVSTAR 68 (USA 242)    
1 39166U 13023A   23338.31942605 -.00000057  00000+0  00000+0 0  9994
2 39166  55.2832 306.4639 0117811  41.6483 319.2404  2.00564230 77311
IRNSS-1A                
1 39199U 13034A   23334.87063397  .00000073  00000+0  00000+0 0  9998
2 39199  33.6255  77.3971 0022379 183.3301 177.4059  1.00280658 38052
NAVSTAR 69 (USA 248)    
1 39533U 14008A   23337.82313418  .00000052  00000+0  00000+0 0  9999
2 39533  53.5965 187.0645 0067289 215.2153 144.4062  2.00556934 71104
ASTRA 5B                
1 39617U 14011B   23338.55176071  .00000153  00000+0  00000+0 0  9991
2 39617   0.0532 318.6048 0004522 301.4727  35.1532  1.00271371 35385
COSMOS 2492             
1 39620U 14012A   23338.48826302 -.00000046  00000+0  00000+0 0  9999
2 39620  65.7418 345.2075 0014553 312.1830  47.7284  2.13103261 75514
IRNSS-1B                
1 39635U 14017A   23337.84180512  .00000106  00000+0  00000+0 0  9991
2 39635  28.5243 256.1414 0017541 183.3923 350.9179  1.00271748 35509
LUCH-5V                 
1 39727U 14023A   23338.56594542 -.00000252  00000+0  00000+0 0  9995
2 39727   2.8070  76.9634 0004529 194.8592  99.7388  1.00268456 35071
NAVSTAR 70 (USA 251)    
1 39741U 14026A   23338.10630410 -.00000090  00000+0  00000+0 0  9999
2 39741  56.7052   7.4692 0032404 309.9810  49.7855  2.00550989 69968
COSMOS 2500             
1 40001U 14032A   23338.20107839 -.00000048  00000+0  00000+0 0  9995
2 40001  65.6800 345.0376 0008139 221.9705 138.0015  2.13106116 73725
NAVSTAR 71 (USA 256)    
1 40105U 14045A   23337.69060530  .00000059  00000+0  00000+0 0  9993
2 40105  54.8502 125.4615 0027526 116.0299 244.2396  2.00552826 67496
GSAT0201 (GALILEO 5)    
1 40128U 14050A   23337.89399355 -.00000082  00000+0  00000+0 0  9993
2 40128  49.8530 310.9424 1606145 143.7876 228.2627  1.85519719 61134
GSAT0202 (GALILEO 6)    
1 40129U 14050B   23338.15305031 -.00000082  00000+0  00000+0 0  9992
2 40129  49.8713 310.0054 1604271 144.6054 227.2077  1.85520436 63301
IRNSS-1C                
1 40269U 14061A   23338.49188904 -.00000144  00000+0  00000+0 0  9993
2 40269   4.1865 110.0017 0017732   6.3687 216.7531  1.00268734 33403
NAVSTAR 72 (USA 258)    
1 40294U 14068A   23338.55755792 -.00000055  00000+0  00000+0 0  9991
2 40294  56.2546  66.8874 0048569  62.5035 298.0093  2.00577874 66644
COSMOS 2501             
1 40315U 14075A   23338.45218695  .00000009  00000+0  00000+0 0  9996
2 40315  63.6299 222.4875 0018303 205.8271 154.1573  2.13101338 70128
NAVSTAR 73 (USA 260)    
1 40534U 15013A   23338.20432683 -.00000025  00000+0  00000+0 0  9999
2 40534  53.4209 242.5254 0085207  27.5264 332.9777  2.00549060 63253
GSAT0203 (GALILEO 7)    
1 40544U 15017A   23336.82345748 -.00000089  00000+0  00000+0 0  9995
2 40544  56.9134   6.8358 0005375 257.2844 102.7069  1.70476151 53396
GSAT0204 (GALILEO 8)    
1 40545U 15017B   23337.66393861 -.00000086  00000+0  00000+0 0  9995
2 40545  56.9195   6.8274 0005217 246.6812 113.3154  1.70475817 16450
IRNSS-1D                
1 40547U 15018A   23337.70972611 -.00000281  00000+0  00000+0 0  9996
2 40547  27.8873 256.0997 0017465 183.7707 359.7780  1.00271758 31690
BEIDOU-3S IGSO-1S       
1 40549U 15019A   23338.29045394 -.00000166  00000+0  00000+0 0  9995
2 40549  50.9383 306.5006 0036343 195.7604 128.6265  1.00292678 31787
NAVSTAR 74 (USA 262)    
1 40730U 15033A   23338.36617313 -.00000057  00000+0  00000+0 0  9996
2 40730  54.7698 305.0322 0089714  14.8208 345.4372  2.00550211 61429
BEIDOU-3S M2S           
1 40748U 15037A   23338.07686464 -.00000076  00000+0  00000+0 0  9991
2 40748  55.6092 333.6911 0012824 256.5145 103.3573  1.86233282 56876
BEIDOU-3S M1S           
1 40749U 15037B   23337.27317775 -.00000079  00000+0  00000+0 0  9992
2 40749  55.6128 333.7047 0006449 307.4482  52.5067  1.86233068 56868
GSAT0205 (GALILEO 9)    
1 40889U 15045A   23338.01888295 -.00000013  00000+0  00000+0 0  9997
2 40889  55.3143 247.1932 0005272  13.7774 346.2881  1.70472891 51226
GSAT0206 (GALILEO 10)   
1 40890U 15045B   23338.23958566 -.00000013  00000+0  00000+0 0  9992
2 40890  55.3127 247.1828 0003831  19.1662 340.8991  1.70472942 51251
BEIDOU-3S IGSO-2S       
1 40938U 15053A   23338.27964049 -.00000143  00000+0  00000+0 0  9995
2 40938  50.6689 269.6913 0046321 193.6576 165.5872  1.00262483 30068
NAVSTAR 75 (USA 265)    
1 41019U 15062A   23337.91633047 -.00000055  00000+0  00000+0 0  9999
2 41019  56.2370  66.7641 0093150 222.6428 136.6517  2.00562341 59257
GSAT-15                 
1 41028U 15065A   23338.56568434 -.00000243  00000+0  00000+0 0  9990
2 41028   0.0518 109.8352 0002396 125.7414 134.7018  1.00272484 29512
GSAT0209 (GALILEO 12)   
1 41174U 15079A   23337.23720987  .00000054  00000+0  00000+0 0  9992
2 41174  55.3404 126.7283 0001681 335.9466  24.0206  1.70474609 48971
GSAT0208 (GALILEO 11)   
1 41175U 15079B   23337.45687098  .00000055  00000+0  00000+0 0  9993
2 41175  55.3377 126.7202 0001022 350.7011   9.2729  1.70474485 49396
IRNSS-1E                
1 41241U 16003A   23337.70963909 -.00000287  00000+0  00000+0 0  9999
2 41241  31.1861  76.4350 0022662 183.2599 179.6751  1.00265903 28792
NAVSTAR 76 (USA 266)    
1 41328U 16007A   23337.50401777  .00000059  00000+0  00000+0 0  9993
2 41328  55.0517 126.2674 0073846 233.9580 125.3422  2.00571485 57259
COSMOS 2514             
1 41330U 16008A   23338.43366393 -.00000047  00000+0  00000+0 0  9992
2 41330  65.4764 344.5882 0012151 222.9943 136.9448  2.13102728 60894
IRNSS-1F                
1 41384U 16015A   23338.55882762  .00000177  00000+0  00000+0 0  9998
2 41384   3.1270 125.6130 0021040 180.6632   0.6300  1.00279777 28386
BEIDOU-2 IGSO-6         
1 41434U 16021A   23338.15514076 -.00000166  00000+0  00000+0 0  9996
2 41434  58.8840  47.3418 0049867 222.6075 314.2769  1.00265481 28195
IRNSS-1G                
1 41469U 16027A   23338.57282021 -.00000317  00000+0  00000+0 0  9996
2 41469   3.0133 127.0969 0001876 249.9859  31.8283  1.00272260 27899
GSAT0211 (GALILEO 14)   
1 41549U 16030A   23338.16526937 -.00000013  00000+0  00000+0 0  9994
2 41549  55.4605 247.1747 0004031 345.9009  14.1388  1.70473092 46884
GSAT0210 (GALILEO 13)   
1 41550U 16030B   23337.28347434 -.00000014  00000+0  00000+0 0  9992
2 41550  55.4593 247.2002 0002858 317.0066  43.0233  1.70473379 46861
COSMOS 2516             
1 41554U 16032A   23337.13832867  .00000006  00000+0  00000+0 0  9991
2 41554  63.8565 222.9593 0014862 212.0775 147.9094  2.13106493 58478
BEIDOU-2 G7             
1 41586U 16037A   23338.53868735 -.00000338  00000+0  00000+0 0  9998
2 41586   1.4416  65.9867 0008936 313.8140 357.8091  1.00272304 27505
EUTELSAT 117 WEST B     
1 41589U 16038B   23338.45220664  .00000004  00000+0  00000+0 0  9995
2 41589   0.0116 150.8961 0000126 335.8653 352.0475  1.00269509 27387
GSAT0207 (GALILEO 15)   
1 41859U 16069A   23338.11757735  .00000058  00000+0  00000+0 0  9995
2 41859  55.0057 126.7537 0001706 295.1792  64.7813  1.70474574 43613
GSAT0212 (GALILEO 16)   
1 41860U 16069B   23338.55870408  .00000060  00000+0  00000+0 0  9991
2 41860  55.0016 126.7382 0001276  28.7195 331.2671  1.70474810 43872
GSAT0213 (GALILEO 17)   
1 41861U 16069C   23336.57914236  .00000049  00000+0  00000+0 0  9997
2 41861  55.0034 126.7993 0002103 250.7254 109.2244  1.70473394 43701
GSAT0214 (GALILEO 18)   
1 41862U 16069D   23337.89938562  .00000057  00000+0  00000+0 0  9991
2 41862  55.0026 126.7566 0001261 237.6553 122.3100  1.70474870 43852
SES-15                  
1 42709U 17026A   23338.59256731  .00000076  00000+0  00000+0 0  9996
2 42709   0.0284  33.9049 0000381 224.4821 258.9428  1.00267454 24868
QZS-2 (MICHIBIKI-2)     
1 42738U 17028A   23338.28625674 -.00000202  00000+0  00000+0 0  9994
2 42738  40.8930 256.5668 0760677 269.3186 150.3599  1.00288173 23856
QZS-3 (MICHIBIKI-3)     
1 42917U 17048A   23338.57238510 -.00000332  00000+0  00000+0 0  9990
2 42917   0.0568 185.8356 0002301  78.9121 141.4923  1.00271644 22973
COSMOS 2522             
1 42939U 17055A   23338.27513285  .00000007  00000+0  00000+0 0  9992
2 42939  64.0906 223.4719 0006246 237.6039 122.4111  2.13102061 48246
QZS-4 (MICHIBIKI-4)     
1 42965U 17062A   23338.43384508 -.00000335  00000+0  00000+0 0  9996
2 42965  40.5994 355.2819 0751391 271.2409  99.7696  1.00255786 22535
BEIDOU-3 M1             
1 43001U 17069A   23337.35084479  .00000001  00000+0  00000+0 0  9998
2 43001  55.9120  93.8222 0008270 290.9504  68.9450  1.86231511 41346
BEIDOU-3 M2             
1 43002U 17069B   23338.36164493  .00000002  00000+0  00000+0 0  9997
2 43002  55.9120  93.8246 0005795 318.3051  41.6366  1.86231127 41352
GSAT0215 (GALILEO 19)   
1 43055U 17079A   23337.21508933 -.00000014  00000+0  00000+0 0  9994
2 43055  55.4374 247.0256 0002282 308.1565  51.8755  1.70473854 37184
GSAT0216 (GALILEO 20)   
1 43056U 17079B   23335.74718788 -.00000013  00000+0  00000+0 0  9991
2 43056  55.4386 247.0656 0003778 300.5160  59.5002  1.70473954 37170
GSAT0217 (GALILEO 21)   
1 43057U 17079C   23337.14076191 -.00000014  00000+0  00000+0 0  9994
2 43057  55.4361 247.0264 0003520 323.6762  36.3526  1.70473796 37187
GSAT0218 (GALILEO 22)   
1 43058U 17079D   23337.94737605 -.00000013  00000+0  00000+0 0  9996
2 43058  55.4360 247.0018 0003926 296.7424  63.2691  1.70473895 37226
BEIDOU-3 M7             
1 43107U 18003A   23338.11205314 -.00000077  00000+0  00000+0 0  9996
2 43107  55.0661 334.3667 0002735  50.0850 309.9547  1.86232554 40105
BEIDOU-3 M8             
1 43108U 18003B   23338.05089870 -.00000078  00000+0  00000+0 0  9998
2 43108  55.0591 334.3552 0004998 263.6835  96.2751  1.86231035 40116
BEIDOU-3 M4             
1 43207U 18018A   23338.49278326  .00000002  00000+0  00000+0 0  9994
2 43207  55.8716  93.8800 0003431   1.2286 358.7582  1.86231449 39501
BEIDOU-3 M3             
1 43208U 18018B   23337.48552092  .00000001  00000+0  00000+0 0  9997
2 43208  55.8704  93.9179 0005787 303.6720  56.2569  1.86231555 39487
BEIDOU-3 M9             
1 43245U 18029A   23337.17102584 -.00000079  00000+0  00000+0 0  9999
2 43245  54.9573 332.1249 0002101 271.1932  88.7944  1.86232826 38634
BEIDOU-3 M10            
1 43246U 18029B   23338.17482680 -.00000076  00000+0  00000+0 0  9996
2 43246  54.9540 332.1188 0004145 340.6571  19.3405  1.86232923 38632
IRNSS-1I                
1 43286U 18035A   23336.91038869  .00000101  00000+0  00000+0 0  9991
2 43286  28.6523  88.7697 0022420 182.1660 183.2686  1.00270114 20776
COSMOS 2527             
1 43508U 18053A   23338.23373868  .00000039  00000+0  00000+0 0  9996
2 43508  65.1277 104.9010 0008399 218.6583 141.2707  2.13102449 42540
BEIDOU-2 IGSO-7         
1 43539U 18057A   23338.34706028 -.00000050  00000+0  00000+0 0  9998
2 43539  55.1214 171.0595 0063738 229.1027 269.6426  1.00255983 19864
GSAT0221 (GALILEO 25)   
1 43564U 18060A   23337.84698303 -.00000085  00000+0  00000+0 0  9998
2 43564  57.2937   6.7588 0005627 271.9197  88.0677  1.70476127 33374
GSAT0222 (GALILEO 26)   
1 43565U 18060B   23336.89202362 -.00000088  00000+0  00000+0 0  9992
2 43565  57.2968   6.7860 0005208 246.1949 113.8021  1.70475876 33400
GSAT0219 (GALILEO 23)   
1 43566U 18060C   23337.11422813 -.00000087  00000+0  00000+0 0  9993
2 43566  57.2963   6.7820 0004858 275.9501  84.0462  1.70476133 33388
GSAT0220 (GALILEO 24)   
1 43567U 18060D   23337.92129262 -.00000084  00000+0  00000+0 0  9992
2 43567  57.2963   6.7605 0005153 273.0636  86.9293  1.70476204 33389
BEIDOU-3 M5             
1 43581U 18062A   23337.32134638  .00000011  00000+0  00000+0 0  9996
2 43581  54.1584 213.8448 0002451 327.0474  33.0217  1.86228883 36370
BEIDOU-3 M6             
1 43582U 18062B   23336.11422364  .00000012  00000+0  00000+0 0  9990
2 43582  54.1583 213.8756 0006876  29.9483 330.1786  1.86229961 36353
BEIDOU-3 M12            
1 43602U 18067A   23338.19750000  .00000019  00000+0  00000+0 0  9996
2 43602  54.2463 212.4680 0008106  26.5429 333.5821  1.86231628 35872
BEIDOU-3 M11            
1 43603U 18067B   23337.79438974  .00000016  00000+0  00000+0 0  9992
2 43603  54.2436 212.4473 0004881  21.2387 338.8655  1.86231582 35898
BEIDOU-3 M13            
1 43622U 18072A   23338.29051204  .00000001  00000+0  00000+0 0  9996
2 43622  55.8413  93.4241 0005241 281.4706  78.4567  1.86231259 35415
BEIDOU-3 M14            
1 43623U 18072B   23337.61901092  .00000000  00000+0  00000+0 0  9990
2 43623  55.8428  93.4393 0002520 315.5853  44.3793  1.86231283 35396
BEIDOU-3 M16            
1 43647U 18078A   23338.31967051 -.00000076  00000+0  00000+0 0  9991
2 43647  54.8530 332.2004 0006922 358.9516   1.0605  1.86232407 34913
BEIDOU-3 M15            
1 43648U 18078B   23338.44875369 -.00000075  00000+0  00000+0 0  9995
2 43648  54.8485 332.1994 0003832 357.6806   2.3314  1.86232305 34935
BEIDOU-3 G1             
1 43683U 18085A   23338.57490875 -.00000262  00000+0  00000+0 0  9999
2 43683   1.7219 118.6627 0001249  10.2057 291.2836  1.00268709 18775
COSMOS 2529             
1 43687U 18086A   23337.86391441  .00000005  00000+0  00000+0 0  9998
2 43687  64.3061 223.9458 0007877 266.2639  93.7217  2.13102097 39541
BEIDOU-3 M17            
1 43706U 18093A   23337.52267819  .00000012  00000+0  00000+0 0  9990
2 43706  54.2411 213.7620 0007374 293.4556  66.5511  1.86228554 34287
BEIDOU-3 M18            
1 43707U 18093B   23337.92653529  .00000015  00000+0  00000+0 0  9995
2 43707  54.2417 213.7400 0006814 329.7999  30.2444  1.86230027 34283
NAVSTAR 77 (USA 289)    
1 43873U 18109A   23336.65146066  .00000053  00000+0  00000+0 0  9991
2 43873  55.2258 128.8349 0027534 190.1439 168.4349  2.00571848 36466
BEIDOU-3 IGSO-1         
1 44204U 19023A   23337.51135851 -.00000224  00000+0  00000+0 0  9993
2 44204  57.3512  47.2942 0024251 202.1940 124.0705  1.00255965 17043
BEIDOU-2 G8             
1 44231U 19027A   23338.62834991 -.00000231  00000+0  00000+0 0  9999
2 44231   1.4670  71.8155 0004711 170.5695 201.5950  1.00272354 16808
COSMOS 2534             
1 44299U 19030A   23338.35498410  .00000007  00000+0  00000+0 0  9999
2 44299  64.3788 223.8640 0010503 290.3325 220.6065  2.13102062 35190
BEIDOU-3 IGSO-2         
1 44337U 19035A   23338.44702111 -.00000051  00000+0  00000+0 0  9993
2 44337  55.1583 166.9884 0033035 194.2382 348.0643  1.00246469 16383
NAVSTAR 78 (USA 293)    
1 44506U 19056A   23338.52898292 -.00000090  00000+0  00000+0 0  9992
2 44506  55.8322   7.8290 0038687 189.8184 342.3437  2.00567813 31500
BEIDOU-3 M24            
1 44542U 19061A   23336.92361325  .00000011  00000+0  00000+0 0  9994
2 44542  54.4684 214.0298 0008821   5.0945 354.9999  1.86231592 28522
BEIDOU-3 M23            
1 44543U 19061B   23337.92798979  .00000014  00000+0  00000+0 0  9998
2 44543  54.4666 213.9649 0005639   1.2684 224.2122  1.86232015 28543
BEIDOU-3 IGSO-3         
1 44709U 19073A   23338.27881914 -.00000192  00000+0  00000+0 0  9994
2 44709  56.3853 290.7952 0033849 190.1909 169.7044  1.00254269 15170
BEIDOU-3 M22            
1 44793U 19078A   23337.30589945 -.00000080  00000+0  00000+0 0  9990
2 44793  54.7019 332.1914 0005711   3.8771 356.1392  1.86232191 27380
BEIDOU-3 M21            
1 44794U 19078B   23337.97318533 -.00000077  00000+0  00000+0 0  9993
2 44794  54.6752 332.1486 0003992 349.3360  10.6685  1.86232719 27405
COSMOS 2544             
1 44850U 19088A   23337.70830440  .00000038  00000+0  00000+0 0  9990
2 44850  65.1140 104.7594 0012295 248.8548 111.0019  2.13102203 30974
BEIDOU-3 M19            
1 44864U 19090A   23338.32069785  .00000001  00000+0  00000+0 0  9993
2 44864  55.7758  93.6048 0016569 272.7063 153.8233  1.86231775 26990
BEIDOU-3 M20            
1 44865U 19090B   23338.63466483  .00000001  00000+0  00000+0 0  9994
2 44865  55.7776  93.6274 0014038 286.2606  80.5417  1.86231749 26984
BEIDOU-3 G2             
1 45344U 20017A   23338.56298663 -.00000126  00000+0  00000+0 0  9992
2 45344   2.1137  20.9158 0003418 229.5622 105.3494  1.00271622 13972
COSMOS 2545             
1 45358U 20018A   23338.37448197 -.00000049  00000+0  00000+0 0  9990
2 45358  64.8166 344.7611 0011915 251.3926 108.5119  2.13102704 28936
BEIDOU-3 G3             
1 45807U 20040A   23338.53868735 -.00000338  00000+0  00000+0 0  9997
2 45807   0.5798   4.8636 0010092 306.3075  66.3528  1.00266584 12799
NAVSTAR 79 (USA 304)    
1 45854U 20041A   23338.37804420 -.00000059  00000+0  00000+0 0  9993
2 45854  55.9592  65.1339 0039271 190.2541 175.0852  2.00561406 25474
GALAXY 30 (G-30)        
1 46114U 20056C   23338.59743209  .00000053  00000+0  00000+0 0  9993
2 46114   0.0123 318.4063 0002231 290.1008 274.7348  1.00272464 12012
COSMOS 2547             
1 46805U 20075A   23338.09388710  .00000007  00000+0  00000+0 0  9997
2 46805  64.6068 223.4560 0006053 239.7880 120.2278  2.13102919 24172
NAVSTAR 80 (USA 309)    
1 46826U 20078A   23338.61636887 -.00000030  00000+0  00000+0 0  9999
2 46826  54.2659 248.3574 0037726 194.1639 319.4637  2.00562726 22940
NAVSTAR 81 (USA 319)    
1 48859U 21054A   23338.17920887 -.00000093  00000+0  00000+0 0  9998
2 48859  55.3518   9.5857 0014299 221.8464 160.5658  2.00568919 18188
QZS-1R                  
1 49336U 21096A   23338.62771758 -.00000232  00000+0  00000+0 0  9991
2 49336  35.5447  93.5200 0752537 270.9227  69.2041  1.00261819  7728
GSAT0223 (GALILEO 27)   
1 49809U 21116A   23338.36553196 -.00000082  00000+0  00000+0 0  9997
2 49809  57.2875   6.6439 0003799 231.7704 131.1984  1.70476378 12403
GSAT0224 (GALILEO 28)   
1 49810U 21116B   23335.49812469 -.00000092  00000+0  00000+0 0  9992
2 49810  57.2877   6.7194 0003019 236.7182 278.9448  1.70476278 12376
COSMOS 2557             
1 52984U 22075A   23338.25691754 -.00000052  00000+0  00000+0 0  9998
2 52984  64.7363 346.9149 0014083 279.0411  80.8357  2.13102166 10986
COSMOS 2559             
1 54031U 22130A   23338.19920352 -.00000052  00000+0  00000+0 0  9997
2 54031  64.7078 347.0413 0007873 234.0412 125.9221  2.13101461  8953
COSMOS 2564             
1 54377U 22161A   23338.39188961  .00000008  00000+0  00000+0 0  9998
2 54377  64.7475 223.5154 0007844 214.1660 145.8589  2.13102244  7901
NAVSTAR 82 (USA 343)    
1 55268U 23009A   23334.35503826  .00000044  00000+0  00000+0 0  9993
2 55268  55.0867 185.0026 0005536  89.9370  87.1990  2.00549534  6592
BEIDOU-3 G4             
1 56564U 23066A   23338.61131272 -.00000097  00000+0  00000+0 0  9990
2 56564   2.6148 288.4742 0004294 237.5468 287.1974  1.00273739  2112
IRNSS-1J (NVS-01)       
1 56759U 23076A   23338.57290722 -.00000321  00000+0  00000+0 0  9998
2 56759   4.5037 270.3108 0008066 349.1450 149.5197  1.00270940  1831
