NAVSTAR 43 (USA 132)    
1 24876U 97035A   23293.46573658  .00000064  00000+0  00000+0 0  9992
2 24876  55.5993 136.5419 0074333  53.2719 307.4850  2.00564365192483
NAVSTAR 47 (USA 150)    
1 26360U 00025A   23293.38236644 -.00000019  00000+0  00000+0 0  9998
2 26360  54.4718  58.7185 0041845 202.0274 188.3835  2.00567492171809
NAVSTAR 51 (USA 166)    
1 27663U 03005A   23293.49867365  .00000027  00000+0  00000+0 0  9996
2 27663  55.2226 253.5741 0133630  44.9522  48.4164  2.00563267151844
NAVSTAR 52 (USA 168)    
1 27704U 03010A   23293.13652951 -.00000077  00000+0  00000+0 0  9998
2 27704  55.1151   3.5227 0249767 319.6801  91.6355  2.00553153150630
NAVSTAR 54 (USA 177)    
1 28190U 04009A   23293.18952861 -.00000019  00000+0  00000+0 0  9991
2 28190  55.6553 314.6452 0092348 140.6171 246.0908  2.00565827143475
NAVSTAR 56 (USA 180)    
1 28474U 04045A   23293.09141307 -.00000077  00000+0  00000+0 0  9995
2 28474  55.4426   3.8616 0163505 283.6589  86.1397  2.00556329138950
ANIK F1R                
1 28868U 05036A   23293.63442203 -.00000068  00000+0  00000+0 0  9992
2 28868   1.8067  88.4096 0001919  66.3217 355.2304  1.00271520 36724
NAVSTAR 57 (USA 183)    
1 28874U 05038A   23293.15873013 -.00000015  00000+0  00000+0 0  9997
2 28874  55.7058 312.0996 0140379 280.3683 106.8332  2.00572292132362
INMARSAT 4-F2           
1 28899U 05044A   23293.43322671 -.00000316  00000+0  00000+0 0  9995
2 28899   3.9132  41.0725 0003077 188.2607  46.5706  1.00837819 65785
NAVSTAR 58 (USA 190)    
1 29486U 06042A   23293.49836049  .00000020  00000+0  00000+0 0  9993
2 29486  54.6800 189.8266 0104159  33.7134 139.7272  2.00567284125075
NAVSTAR 59 (USA 192)    
1 29601U 06052A   23293.18206701  .00000028  00000+0  00000+0 0  9993
2 29601  55.2450 252.5491 0084063  79.4946 281.4426  2.00551921123939
NAVSTAR 60 (USA 196)    
1 32260U 07047A   23293.49650336  .00000062  00000+0  00000+0 0  9992
2 32260  53.4871 120.2269 0152690  71.7854 289.9255  2.00549233117344
COSMOS 2433             
1 32275U 07052A   23292.55060357 -.00000046  00000+0  00000+0 0  9991
2 32275  66.0094 348.4324 0005047 238.0678 121.9541  2.13104041124358
COSMOS 2432             
1 32276U 07052B   23292.58265347 -.00000046  00000+0  00000+0 0  9991
2 32276  66.0238 348.5408 0009745 312.1291  19.4002  2.13103186124371
NAVSTAR 61 (USA 199)    
1 32384U 07062A   23293.62101028 -.00000015  00000+0  00000+0 0  9999
2 32384  55.8387 312.9092 0024352 152.2934  69.0569  2.00561004116041
COSMOS 2434             
1 32393U 07065A   23293.30243097  .00000029  00000+0  00000+0 0  9994
2 32393  64.3321 224.7452 0001897  68.5899  39.5372  2.13103019123080
COSMOS 2436             
1 32395U 07065C   23293.23433819  .00000030  00000+0  00000+0 0  9993
2 32395  64.3408 224.8096 0016318 358.4813 192.8678  2.13102662123034
NAVSTAR 62 (USA 201)    
1 32711U 08012A   23292.91051016  .00000026  00000+0  00000+0 0  9992
2 32711  54.4481 188.6704 0177799 236.1213 122.2480  2.00558674114275
NAVSTAR 64 (USA 206)    
1 35752U 09043A   23293.43846495 -.00000003  00000+0  00000+0 0  9992
2 35752  55.4737  65.8774 0057483  70.1523 327.4005  2.00555257103890
COSMOS 2456             
1 36111U 09070A   23293.23404174  .00000077  00000+0  00000+0 0  9994
2 36111  64.5104 104.2299 0001245 335.1519 239.0158  2.13099050107735
COSMOS 2457             
1 36112U 09070B   23292.58506861  .00000073  00000+0  00000+0 0  9994
2 36112  64.4944 104.1165 0006567 148.0699  59.3769  2.13101244107763
COSMOS 2460             
1 36402U 10007C   23293.32256370 -.00000045  00000+0  00000+0 0  9998
2 36402  65.8707 347.1142 0002144 236.3064 165.8500  2.13106194106040
NAVSTAR 65 (USA 213)    
1 36585U 10022A   23293.22872353  .00000026  00000+0  00000+0 0  9999
2 36585  54.5454 247.7339 0111072  59.7381 304.1424  2.00564231 98127
BEIDOU-2 IGSO-1         
1 36828U 10036A   23292.73271781 -.00000093  00000+0  00000+0 0  9992
2 36828  54.2325 171.7569 0037751 191.8262  33.3855  1.00297246 48468
QZS-1 (MICHIBIKI-1)     
1 37158U 10045A   23290.73083535  .00000055  00000+0  00000+0 0  9992
2 37158  42.9274 127.1798 0003792 110.4235 111.6565  0.87715335 47865
BEIDOU-2 G4             
1 37210U 10057A   23293.57615436 -.00000105  00000+0  00000+0 0  9997
2 37210   1.2789  62.8183 0007242 164.7733 168.6444  1.00271742 47554
BEIDOU-2 IGSO-2         
1 37256U 10068A   23293.61948190 -.00000180  00000+0  00000+0 0  9993
2 37256  49.3286 283.7453 0031558 214.7147 221.6440  1.00268448 47066
BEIDOU-2 IGSO-3         
1 37384U 11013A   23292.84437536 -.00000176  00000+0  00000+0 0  9992
2 37384  61.0055  49.4570 0028552 178.0288 212.5230  1.00269788 45925
GSAT-8                  
1 37605U 11022A   23293.56933014  .00000090  00000+0  00000+0 0  9994
2 37605   0.0173 263.8756 0007329 342.1092  42.8378  1.00272913 43489
NAVSTAR 66 (USA 232)    
1 37753U 11036A   23293.10837302 -.00000076  00000+0  00000+0 0  9991
2 37753  56.7489   9.6938 0126859  56.3296 307.1464  2.00568874 89803
BEIDOU-2 IGSO-4         
1 37763U 11038A   23292.73092383 -.00000023  00000+0  00000+0 0  9996
2 37763  54.5062 174.3094 0111838 227.4490 344.1800  1.00264665 44905
GSAT0101 (GALILEO-PFM)  
1 37846U 11060A   23292.46380217 -.00000077  00000+0  00000+0 0  9998
2 37846  57.1135   8.0784 0000377 358.4063   1.6476  1.70475809 74551
GSAT0102 (GALILEO-FM2)  
1 37847U 11060B   23290.62005838 -.00000077  00000+0  00000+0 0  9998
2 37847  57.1141   8.1284 0001989 302.5067  52.1836  1.70475373 74646
COSMOS 2476             
1 37867U 11064A   23293.55340359  .00000081  00000+0  00000+0 0  9993
2 37867  64.7896 105.7637 0021455 230.0459 138.8298  2.13101644 93083
COSMOS 2477             
1 37868U 11064B   23293.08139263  .00000078  00000+0  00000+0 0  9998
2 37868  64.7967 105.8495 0018657 230.0734 314.5561  2.13101518 93066
COSMOS 2475             
1 37869U 11064C   23292.70123336  .00000076  00000+0  00000+0 0  9999
2 37869  64.8036 105.8752 0022563 248.5845 322.9295  2.13101809 93069
BEIDOU-2 IGSO-5         
1 37948U 11073A   23293.43427098 -.00000126  00000+0  00000+0 0  9997
2 37948  49.4548 283.4177 0094533 221.2923 135.0511  1.00261676 43398
LUCH-5A                 
1 37951U 11074B   23293.55301160 -.00000039  00000+0  00000+0 0  9999
2 37951   6.2607  88.8997 0004034 100.4864 205.3920  1.00272172 43315
BEIDOU-2 G5             
1 38091U 12008A   23293.57002631  .00000063  00000+0  00000+0 0  9992
2 38091   1.8187  69.1076 0005679 182.4756  41.1680  1.00275020 42639
BEIDOU-2 M3             
1 38250U 12018A   23292.83966702 -.00000056  00000+0  00000+0 0  9999
2 38250  56.4861 337.3648 0025017 258.2718 101.5106  1.86231083 77855
BEIDOU-2 M4             
1 38251U 12018B   23293.30786769 -.00000055  00000+0  00000+0 0  9995
2 38251  56.3960 336.6389 0015910 259.2347 100.6482  1.86231802 77866
SES-5                   
1 38652U 12036A   23293.27275698  .00000041  00000+0  00000+0 0  9994
2 38652   0.0483 299.3739 0001816 262.4291 289.8708  1.00270950 34750
BEIDOU-2 M6             
1 38775U 12050B   23293.01758219  .00000051  00000+0  00000+0 0  9994
2 38775  55.7272  95.2361 0010618 339.0877  20.8834  1.86231091 75221
GSAT-10                 
1 38779U 12051B   23293.43157329 -.00000159  00000+0  00000+0 0  9990
2 38779   0.0147 155.7230 0003516  91.4350  19.8654  1.00270685 40385
NAVSTAR 67 (USA 239)    
1 38833U 12053A   23293.58404426  .00000022  00000+0  00000+0 0  9990
2 38833  53.5098 183.3033 0145022  52.9164 308.4786  2.00567919 79976
GSAT0103 (GALILEO-FM3)  
1 38857U 12055A   23291.91636247  .00000073  00000+0  00000+0 0  9997
2 38857  55.3006 128.2665 0002082 243.6685 116.3840  1.70473629 68431
GSAT0104 (GALILEO-FM4)  
1 38858U 12055B   23292.47233419  .00000072  00000+0  00000+0 0  9993
2 38858  55.3007 128.2527 0001267 143.5374 216.5427  1.70473858 68446
BEIDOU-2 G6             
1 38953U 12059A   23293.57497705 -.00000168  00000+0  00000+0 0  9992
2 38953   1.9420  81.7357 0006868 300.4096 297.6214  1.00268400 40171
LUCH-5B                 
1 38977U 12061A   23293.12516660 -.00000125  00000+0  00000+0 0  9997
2 38977   8.3564  58.7379 0005477 130.8125 227.5744  1.00272114 39870
COSMOS 2485             
1 39155U 13019A   23293.01450391  .00000078  00000+0  00000+0 0  9992
2 39155  64.9493 106.3153 0021995 226.0609 133.7882  2.13101782 81589
NAVSTAR 68 (USA 242)    
1 39166U 13023A   23292.94874469 -.00000011  00000+0  00000+0 0  9994
2 39166  55.3208 308.2857 0115451  41.5303 319.3781  2.00564118 76402
IRNSS-1A                
1 39199U 13034A   23293.49744944  .00000098  00000+0  00000+0 0  9991
2 39199  33.5314  78.0062 0021935 179.3303   5.5383  1.00268257 37635
NAVSTAR 69 (USA 248)    
1 39533U 14008A   23292.94952656  .00000024  00000+0  00000+0 0  9994
2 39533  53.5961 188.8934 0067048 215.4352 144.1902  2.00554199 70207
ASTRA 5B                
1 39617U 14011B   23293.56297748  .00000143  00000+0  00000+0 0  9996
2 39617   0.0738 303.6811 0003362 279.2649  32.0260  1.00269090 34930
COSMOS 2492             
1 39620U 14012A   23292.97005002 -.00000045  00000+0  00000+0 0  9997
2 39620  65.7542 346.7379 0012951 311.0892  48.8694  2.13103058 74544
IRNSS-1B                
1 39635U 14017A   23293.49744944  .00000107  00000+0  00000+0 0  9999
2 39635  28.6152 256.8894 0018660 188.7128 177.2069  1.00270630 35065
LUCH-5V                 
1 39727U 14023A   23293.57716216 -.00000263  00000+0  00000+0 0  9992
2 39727   2.6904  77.0790 0003585 159.4633  94.7797  1.00273704 34625
NAVSTAR 70 (USA 251)    
1 39741U 14026A   23293.23122847 -.00000076  00000+0  00000+0 0  9997
2 39741  56.7007   9.2110 0030524 309.5575  50.2239  2.00553833 69063
COSMOS 2500             
1 40001U 14032A   23293.15273276 -.00000045  00000+0  00000+0 0  9995
2 40001  65.6922 346.5558 0008572 211.1691 148.8498  2.13105874 72761
NAVSTAR 71 (USA 256)    
1 40105U 14045A   23292.81591739  .00000063  00000+0  00000+0 0  9992
2 40105  54.8305 127.2543 0027285 114.5952 245.7542  2.00549869 66590
GSAT0201 (GALILEO 5)    
1 40128U 14050A   23293.15751301 -.00000031  00000+0  00000+0 0  9990
2 40128  49.8946 312.7328 1607314 142.1090 230.3929  1.85519271 60308
GSAT0202 (GALILEO 6)    
1 40129U 14050B   23292.33874584 -.00000033  00000+0  00000+0 0  9991
2 40129  49.9143 311.8380 1605350 142.8888 229.3905  1.85519977 62450
IRNSS-1C                
1 40269U 14061A   23293.58390733 -.00000153  00000+0  00000+0 0  9998
2 40269   4.0744 111.2997 0019206   7.0738 203.6169  1.00270125 32959
NAVSTAR 72 (USA 258)    
1 40294U 14068A   23291.69376121 -.00000001  00000+0  00000+0 0  9990
2 40294  56.2166  68.7227 0048980  62.8292 297.6642  2.00574663 65704
COSMOS 2501             
1 40315U 14075A   23292.46464830  .00000034  00000+0  00000+0 0  9998
2 40315  63.6352 224.0879 0019164 209.2103 150.7006  2.13101203 69142
NAVSTAR 73 (USA 260)    
1 40534U 15013A   23293.32945671  .00000022  00000+0  00000+0 0  9994
2 40534  53.4435 244.3845 0082787  26.1821 334.2281  2.00551676 62355
GSAT0203 (GALILEO 7)    
1 40544U 15017A   23293.41631280 -.00000079  00000+0  00000+0 0  9990
2 40544  56.9080   8.0194 0005478 246.9981 112.9967  1.70476101 52652
GSAT0204 (GALILEO 8)    
1 40545U 15017B   23288.97740621 -.00000080  00000+0  00000+0 0  9998
2 40545  56.9144   8.1547 0004481 226.1955 133.8184  1.70475808 15623
IRNSS-1D                
1 40547U 15018A   23292.79179167 -.00000278  00000+0  00000+0 0  9996
2 40547  27.9820 256.8654 0018672 187.1242 340.7333  1.00267161 31242
BEIDOU-3S IGSO-1S       
1 40549U 15019A   23292.68665682 -.00000120  00000+0  00000+0 0  9995
2 40549  51.0203 307.0380 0040495 197.9693 219.9921  1.00247407 31330
NAVSTAR 74 (USA 262)    
1 40730U 15033A   23292.99270332 -.00000010  00000+0  00000+0 0  9999
2 40730  54.8084 306.8759 0087092  14.0498 346.2248  2.00552726 60515
BEIDOU-3S M2S           
1 40748U 15037A   23293.51017626 -.00000054  00000+0  00000+0 0  9994
2 40748  55.6350 335.2029 0012697 248.1786 111.7467  1.86233028 56049
BEIDOU-3S M1S           
1 40749U 15037B   23293.24339132 -.00000054  00000+0  00000+0 0  9994
2 40749  55.6383 335.1983 0005067 296.8125  63.1966  1.86232817 56043
GSAT0205 (GALILEO 9)    
1 40889U 15045A   23292.26493096  .00000018  00000+0  00000+0 0  9998
2 40889  55.3406 248.4558 0004375   8.3436 351.6439  1.70472963 50446
GSAT0206 (GALILEO 10)   
1 40890U 15045B   23293.07219540  .00000018  00000+0  00000+0 0  9990
2 40890  55.3393 248.4290 0002848 347.0983  12.8778  1.70473005 50483
BEIDOU-3S IGSO-2S       
1 40938U 15053A   23292.86677341 -.00000121  00000+0  00000+0 0  9991
2 40938  50.7426 270.2170 0047112 195.0680 331.4319  1.00272387 29615
NAVSTAR 75 (USA 265)    
1 41019U 15062A   23293.04365055  .00000003  00000+0  00000+0 0  9997
2 41019  56.2009  68.5208 0091233 221.4788 137.8260  2.00562170 58359
GSAT-15                 
1 41028U 15065A   23293.57690111 -.00000253  00000+0  00000+0 0  9990
2 41028   0.0766 267.5153 0003615 278.8125 143.6692  1.00273099 29062
GSAT0209 (GALILEO 12)   
1 41174U 15079A   23292.07052751  .00000073  00000+0  00000+0 0  9992
2 41174  55.3186 127.9696 0001985 345.9477  14.1195  1.70474186 48202
GSAT0208 (GALILEO 11)   
1 41175U 15079B   23292.87674333  .00000071  00000+0  00000+0 0  9995
2 41175  55.3175 127.9455 0001407   0.6302 359.4396  1.70474079 48631
IRNSS-1E                
1 41241U 16003A   23292.87132579 -.00000278  00000+0  00000+0 0  9998
2 41241  31.0829  77.1076 0021337 180.5071 196.0164  1.00270672 28465
NAVSTAR 76 (USA 266)    
1 41328U 16007A   23293.13262002  .00000065  00000+0  00000+0 0  9996
2 41328  55.0338 128.0304 0072248 233.5507 125.8455  2.00573486 56365
COSMOS 2514             
1 41330U 16008A   23293.38463837 -.00000045  00000+0  00000+0 0  9995
2 41330  65.4890 346.1177 0012507 215.7638 144.2215  2.13102524 59936
IRNSS-1F                
1 41384U 16015A   23293.56471793  .00000166  00000+0  00000+0 0  9995
2 41384   3.0284 127.6337 0019571 173.8414 322.9956  1.00273240 27935
BEIDOU-2 IGSO-6         
1 41434U 16021A   23293.29077067 -.00000155  00000+0  00000+0 0  9993
2 41434  58.8212  47.8015 0048998 219.3331 322.8203  1.00273514 27742
IRNSS-1G                
1 41469U 16027A   23293.58412397 -.00000327  00000+0  00000+0 0  9999
2 41469   2.9167 129.1911 0000856  12.1291 227.2893  1.00267291 27448
GSAT0211 (GALILEO 14)   
1 41549U 16030A   23292.41129679  .00000018  00000+0  00000+0 0  9997
2 41549  55.4871 248.4325 0004063 325.6913  34.2634  1.70473026 46108
GSAT0210 (GALILEO 13)   
1 41550U 16030B   23293.28935096  .00000018  00000+0  00000+0 0  9993
2 41550  55.4861 248.4094 0003642 289.4516  70.4929  1.70473285 46117
COSMOS 2516             
1 41554U 16032A   23292.55962387  .00000034  00000+0  00000+0 0  9999
2 41554  63.8617 224.4982 0015083 213.2942 146.6286  2.13106335 57529
BEIDOU-2 G7             
1 41586U 16037A   23293.58029498 -.00000348  00000+0  00000+0 0  9999
2 41586   1.9797  68.9920 0007289 341.6035 297.6748  1.00273913 27054
EUTELSAT 117 WEST B     
1 41589U 16038B   23293.60091785 -.00000006  00000+0  00000+0 0  9995
2 41589   0.0114  90.6621 0000281 170.7235 226.7490  1.00272107 26935
GSAT0207 (GALILEO 15)   
1 41859U 16069A   23293.53749865  .00000069  00000+0  00000+0 0  9998
2 41859  54.9824 127.9896 0001751 312.2070  47.8466  1.70474107 42857
GSAT0212 (GALILEO 16)   
1 41860U 16069B   23292.80552309  .00000070  00000+0  00000+0 0  9996
2 41860  54.9800 128.0069 0001824  28.0736 332.0062  1.70474339 43094
GSAT0213 (GALILEO 17)   
1 41861U 16069C   23291.99877477  .00000072  00000+0  00000+0 0  9994
2 41861  54.9816 128.0353 0001815 259.3431 100.7095  1.70473006 42948
GSAT0214 (GALILEO 18)   
1 41862U 16069D   23292.73263327  .00000070  00000+0  00000+0 0  9999
2 41862  54.9800 128.0088 0000861 255.8841 104.1766  1.70472907 43081
SES-15                  
1 42709U 17026A   23293.54475443  .00000066  00000+0  00000+0 0  9993
2 42709   0.0215  13.7721 0000388 143.4484 298.4998  1.00268032 24456
QZS-2 (MICHIBIKI-2)     
1 42738U 17028A   23293.22933269 -.00000169  00000+0  00000+0 0  9992
2 42738  40.9709 257.2131 0745258 270.7018  81.8143  1.00252433 23417
QZS-3 (MICHIBIKI-3)     
1 42917U 17048A   23293.61229365 -.00000342  00000+0  00000+0 0  9994
2 42917   0.0517 191.3806 0001511  12.7350 172.2206  1.00270739 22522
COSMOS 2522             
1 42939U 17055A   23293.22619285  .00000030  00000+0  00000+0 0  9990
2 42939  64.0957 225.0138 0008168 242.1756 117.7592  2.13101963 47280
QZS-4 (MICHIBIKI-4)     
1 42965U 17062A   23293.46830097 -.00000297  00000+0  00000+0 0  9995
2 42965  40.6172 355.8592 0749891 270.1879  70.5334  1.00267871 22072
BEIDOU-3 M1             
1 43001U 17069A   23292.78386317  .00000051  00000+0  00000+0 0  9996
2 43001  55.8784  95.3094 0007189 294.7024  65.2372  1.86231313 40513
BEIDOU-3 M2             
1 43002U 17069B   23291.10982949  .00000044  00000+0  00000+0 0  9997
2 43002  55.8763  95.4008 0005251 331.1310  28.8551  1.86231081 40470
GSAT0215 (GALILEO 19)   
1 43055U 17079A   23293.22107449  .00000018  00000+0  00000+0 0  9996
2 43055  55.4630 248.2354 0003100 285.0926  74.8569  1.70473687 36434
GSAT0216 (GALILEO 20)   
1 43056U 17079B   23291.75319202  .00000017  00000+0  00000+0 0  9994
2 43056  55.4643 248.2756 0004733 285.9253  74.0005  1.70473886 36427
GSAT0217 (GALILEO 21)   
1 43057U 17079C   23292.56015601  .00000018  00000+0  00000+0 0  9992
2 43057  55.4618 248.2525 0004318 298.6727  61.2655  1.70473818 36424
GSAT0218 (GALILEO 22)   
1 43058U 17079D   23292.78020631  .00000018  00000+0  00000+0 0  9996
2 43058  55.4617 248.2439 0005112 281.6820  78.2432  1.70473812 36455
BEIDOU-3 M7             
1 43107U 18003A   23293.54526792 -.00000056  00000+0  00000+0 0  9996
2 43107  55.0916 335.8980 0002631  68.7033 291.3850  1.86232342 39278
BEIDOU-3 M8             
1 43108U 18003B   23292.40984391 -.00000057  00000+0  00000+0 0  9995
2 43108  55.0852 335.9238 0004793 252.2395 107.7702  1.86230860 39265
BEIDOU-3 M4             
1 43207U 18018A   23292.85188600  .00000051  00000+0  00000+0 0  9992
2 43207  55.8371  95.4045 0003774  19.8244 340.2049  1.86231247 38651
BEIDOU-3 M3             
1 43208U 18018B   23292.91854780  .00000051  00000+0  00000+0 0  9999
2 43208  55.8366  95.4068 0004912 311.6057  48.3669  1.86231238 38655
BEIDOU-3 M9             
1 43245U 18029A   23293.14124669 -.00000053  00000+0  00000+0 0  9997
2 43245  54.9846 333.6422 0001909 245.1078 114.9319  1.86232445 37817
BEIDOU-3 M10            
1 43246U 18029B   23290.38647862 -.00000057  00000+0  00000+0 0  9990
2 43246  54.9833 333.7652 0003180 340.5127  19.5407  1.86232873 37743
IRNSS-1I                
1 43286U 18035A   23293.49779752  .00000108  00000+0  00000+0 0  9996
2 43286  29.3578  89.4571 0021485 178.0334 355.5357  1.00276284 20341
COSMOS 2527             
1 43508U 18053A   23291.77710354  .00000073  00000+0  00000+0 0  9996
2 43508  65.1100 106.4589 0007684 212.9605 147.0231  2.13102360 41559
BEIDOU-2 IGSO-7         
1 43539U 18057A   23293.59905883 -.00000112  00000+0  00000+0 0  9994
2 43539  55.1172 171.4540 0063631 229.8568 316.9297  1.00269243 19417
GSAT0221 (GALILEO 25)   
1 43564U 18060A   23293.26659679 -.00000078  00000+0  00000+0 0  9990
2 43564  57.2892   7.9633 0004303 258.0096 101.9954  1.70475986 32613
GSAT0222 (GALILEO 26)   
1 43565U 18060B   23292.89816138 -.00000078  00000+0  00000+0 0  9994
2 43565  57.2926   7.9742 0004474 229.4155 130.5993  1.70475797 32655
GSAT0219 (GALILEO 23)   
1 43566U 18060C   23292.53384648 -.00000077  00000+0  00000+0 0  9991
2 43566  57.2919   7.9861 0003348 261.9498  98.0664  1.70476085 32621
GSAT0220 (GALILEO 24)   
1 43567U 18060D   23290.99453705 -.00000076  00000+0  00000+0 0  9990
2 43567  57.2913   8.0286 0003548 257.5593 102.4557  1.70476004 32585
BEIDOU-3 M5             
1 43581U 18062A   23293.29144061  .00000018  00000+0  00000+0 0  9991
2 43581  54.1673 215.3469 0003778 296.9119  63.0798  1.86231797 35556
BEIDOU-3 M6             
1 43582U 18062B   23293.15787811  .00000020  00000+0  00000+0 0  9996
2 43582  54.1669 215.3410 0005906  14.0037 346.0430  1.86229725 35556
BEIDOU-3 M12            
1 43602U 18067A   23293.09376822  .00000020  00000+0  00000+0 0  9993
2 43602  54.2550 214.0023 0007583  19.2685 340.7929  1.86231396 35038
BEIDOU-3 M11            
1 43603U 18067B   23293.22759834  .00000019  00000+0  00000+0 0  9995
2 43603  54.2520 213.9634 0004485   9.1400 350.9008  1.86231384 35064
BEIDOU-3 M13            
1 43622U 18072A   23293.18656532  .00000052  00000+0  00000+0 0  9995
2 43622  55.8072  94.9315 0004031 287.5747  72.3957  1.86231284 34572
BEIDOU-3 M14            
1 43623U 18072B   23293.05201844  .00000051  00000+0  00000+0 0  9993
2 43623  55.8091  94.9288 0002074 344.7178  15.2902  1.86231323 34561
BEIDOU-3 M16            
1 43647U 18078A   23292.67865114 -.00000054  00000+0  00000+0 0  9992
2 43647  54.8808 333.7764 0006183   0.6923 359.3689  1.86227203 34067
BEIDOU-3 M15            
1 43648U 18078B   23293.34500108 -.00000054  00000+0  00000+0 0  9997
2 43648  54.8761 333.7570 0002949   2.6861 357.3749  1.86232145 34099
BEIDOU-3 G1             
1 43683U 18085A   23293.58621251 -.00000271  00000+0  00000+0 0  9994
2 43683   1.6153 121.3053 0002649   2.2772 256.3390  1.00273591 18328
COSMOS 2529             
1 43687U 18086A   23293.28420442  .00000030  00000+0  00000+0 0  9997
2 43687  64.3111 225.4598 0009854 264.3751  95.5294  2.13101976 38594
BEIDOU-3 M17            
1 43706U 18093A   23292.95589183  .00000022  00000+0  00000+0 0  9999
2 43706  54.2499 215.2790 0008905 286.7363  73.1966  1.86231897 33450
BEIDOU-3 M18            
1 43707U 18093B   23292.28542704  .00000027  00000+0  00000+0 0  9999
2 43707  54.2508 215.2935 0007736 316.4026  43.5665  1.86229767 33439
NAVSTAR 77 (USA 289)    
1 43873U 18109A   23293.09154344  .00000064  00000+0  00000+0 0  9991
2 43873  55.2088 130.5569 0026687 189.7409  35.1493  2.00570250 35599
BEIDOU-3 IGSO-1         
1 44204U 19023A   23293.61713917 -.00000209  00000+0  00000+0 0  9993
2 44204  57.2889  47.7593 0024454 197.1682 125.6917  1.00268256 16607
BEIDOU-2 G8             
1 44231U 19027A   23293.76716035 -.00000241  00000+0  00000+0 0  9993
2 44231   1.3555  70.7699 0004377 148.3791 230.4990  1.00276096 16349
COSMOS 2534             
1 44299U 19030A   23293.35092198  .00000029  00000+0  00000+0 0  9996
2 44299  64.3838 225.3882 0012199 285.2267 260.1141  2.13101765 34239
BEIDOU-3 IGSO-2         
1 44337U 19035A   23293.40007815 -.00000109  00000+0  00000+0 0  9992
2 44337  55.1519 167.3870 0032928 194.8207 289.1331  1.00260073 15930
NAVSTAR 78 (USA 293)    
1 44506U 19056A   23293.46781938 -.00000078  00000+0  00000+0 0  9999
2 44506  55.8263   9.6155 0038200 187.4528 207.8992  2.00566247 30602
BEIDOU-3 M24            
1 44542U 19061A   23292.89372650  .00000023  00000+0  00000+0 0  9997
2 44542  54.4774 215.5196 0008599 352.0075   8.0090  1.86231464 27702
BEIDOU-3 M23            
1 44543U 19061B   23292.70614765  .00000024  00000+0  00000+0 0  9995
2 44543  54.4758 215.4954 0005703 340.8842 165.3163  1.86231774 27709
BEIDOU-3 IGSO-3         
1 44709U 19073A   23292.39936876 -.00000160  00000+0  00000+0 0  9999
2 44709  56.4615 291.2758 0034902 190.8045 169.1088  1.00268372 14694
BEIDOU-3 M22            
1 44793U 19078A   23293.27605345 -.00000054  00000+0  00000+0 0  9991
2 44793  54.7288 333.7173 0004932   7.2446 352.8218  1.86232107 26569
BEIDOU-3 M21            
1 44794U 19078B   23292.86955976 -.00000054  00000+0  00000+0 0  9994
2 44794  54.7028 333.7124 0003077 351.8517   8.2031  1.86232546 26566
COSMOS 2544             
1 44850U 19088A   23290.31310486  .00000070  00000+0  00000+0 0  9994
2 44850  65.0955 106.3500 0011219 247.7650 112.1513  2.13102164 29963
BEIDOU-3 M19            
1 44864U 19090A   23291.99637552  .00000046  00000+0  00000+0 0  9996
2 44864  55.7404  95.1562 0015371 272.6180  55.6882  1.86231629 26127
BEIDOU-3 M20            
1 44865U 19090B   23293.52635331  .00000054  00000+0  00000+0 0  9990
2 44865  55.7436  95.1379 0012984 287.2884  76.5723  1.86231504 26149
BEIDOU-3 G2             
1 45344U 20017A   23293.57429042 -.00000135  00000+0  00000+0 0  9990
2 45344   2.0794  18.5597 0003176 185.8481 111.1625  1.00270549 13527
COSMOS 2545             
1 45358U 20018A   23293.32554545 -.00000046  00000+0  00000+0 0  9997
2 45358  64.8293 346.3272 0011485 243.6662 116.2846  2.13102492 27971
BEIDOU-3 G3             
1 45807U 20040A   23293.29372943 -.00000346  00000+0  00000+0 0  9990
2 45807   0.5885 353.8892 0007864 314.1950 296.6193  1.00264938 12336
NAVSTAR 79 (USA 304)    
1 45854U 20041A   23293.46187507  .00000000  00000+0  00000+0 0  9998
2 45854  55.9225  66.9052 0038072 187.8252 146.1849  2.00562111 24565
GALAXY 30 (G-30)        
1 46114U 20056C   23293.59679115  .00000043  00000+0  00000+0 0  9996
2 46114   0.0165 254.2688 0002693 309.6098 274.7954  1.00271116 11560
COSMOS 2547             
1 46805U 20075A   23292.57578614  .00000035  00000+0  00000+0 0  9994
2 46805  64.6117 224.9839 0007428 243.0997 116.8412  2.13102754 23207
NAVSTAR 80 (USA 309)    
1 46826U 20078A   23293.59224979  .00000024  00000+0  00000+0 0  9993
2 46826  54.2900 250.1861 0036779 194.9106 208.9885  2.00562650 22047
NAVSTAR 81 (USA 319)    
1 48859U 21054A   23293.32231282 -.00000078  00000+0  00000+0 0  9992
2 48859  55.3451  11.3852 0013506 215.8086 176.7689  2.00570853 17286
QZS-1R                  
1 49336U 21096A   23292.79863726 -.00000188  00000+0  00000+0 0  9995
2 49336  35.4476  94.2187 0747006 270.0825  86.3850  1.00277021  7271
GSAT0223 (GALILEO 27)   
1 49809U 21116A   23288.49755931 -.00000081  00000+0  00000+0 0  9995
2 49809  57.2826   7.9915 0003630 202.5759 155.2898  1.70476396 11547
GSAT0224 (GALILEO 28)   
1 49810U 21116B   23290.65532750 -.00000077  00000+0  00000+0 0  9995
2 49810  57.2835   7.9318 0002897 196.6310 157.9946  1.70476286 11604
COSMOS 2557             
1 52984U 22075A   23293.20788893 -.00000049  00000+0  00000+0 0  9990
2 52984  64.7474 348.4858 0013225 275.7901  84.1279  2.13102154 10029
COSMOS 2559             
1 54031U 22130A   23292.68076245 -.00000049  00000+0  00000+0 0  9999
2 54031  64.7190 348.6301 0007861 225.6239 134.3813  2.13101415  7983
COSMOS 2564             
1 54377U 22161A   23293.34288601  .00000029  00000+0  00000+0 0  9998
2 54377  64.7523 225.0194 0009406 222.4221 137.5227  2.13102155  6948
NAVSTAR 82 (USA 343)    
1 55268U 23009A   23293.47677368  .00000022  00000+0  00000+0 0  9999
2 55268  55.0861 186.6061 0005118  89.0840  93.6482  2.00552466  5776
BEIDOU-3 G4             
1 56564U 23066A   23293.62362424 -.00000108  00000+0  00000+0 0  9999
2 56564   2.7311 288.6347 0005980 223.6321 261.1139  1.00271020  1660
IRNSS-1J (NVS-01)       
1 56759U 23076A   23293.36917806 -.00000335  00000+0  00000+0 0  9999
2 56759   4.6232 271.2045 0007262 348.2831  31.4296  1.00264198  1386
