NAVSTAR 43 (USA 132)    
1 24876U 97035A   23256.07238409  .00000010  00000+0  00000+0 0  9991
2 24876  55.5889 138.0034 0072954  52.5264 308.2173  2.00564205191738
NAVSTAR 47 (USA 150)    
1 26360U 00025A   23256.45431378 -.00000028  00000+0  00000+0 0  9996
2 26360  54.4408  60.2289 0041556 199.6918 166.0412  2.00570266171068
NAVSTAR 51 (USA 166)    
1 27663U 03005A   23256.60417715  .00000019  00000+0  00000+0 0  9999
2 27663  55.2417 255.0412 0132132  44.7124  48.8069  2.00565559151103
NAVSTAR 52 (USA 168)    
1 27704U 03010A   23256.18209997 -.00000106  00000+0  00000+0 0  9993
2 27704  55.1155   5.0143 0248923 318.9385  48.3818  2.00575481149897
NAVSTAR 54 (USA 177)    
1 28190U 04009A   23256.33613128 -.00000048  00000+0  00000+0 0  9999
2 28190  55.6832 316.1118 0092813 139.1102 277.2838  2.00567185142730
NAVSTAR 56 (USA 180)    
1 28474U 04045A   23256.11524097 -.00000106  00000+0  00000+0 0  9991
2 28474  55.4430   5.3412 0162151 282.5235  29.7656  2.00555098138209
ANIK F1R                
1 28868U 05036A   23256.55709884 -.00000079  00000+0  00000+0 0  9995
2 28868   1.7103  88.9104 0002308  48.1464 308.4750  1.00272472 36344
NAVSTAR 57 (USA 183)    
1 28874U 05038A   23256.24076216 -.00000043  00000+0  00000+0 0  9997
2 28874  55.7345 313.5678 0139748 279.6438  89.6642  2.00575018131620
INMARSAT 4-F2           
1 28899U 05044A   23256.52688383  .00000007  00000+0  00000+0 0  9995
2 28899   3.8638  40.7117 0002638 143.6614  61.4663  1.00271544 65416
NAVSTAR 58 (USA 190)    
1 29486U 06042A   23256.52370802 -.00000019  00000+0  00000+0 0  9995
2 29486  54.6839 191.2917 0103350  32.3823  82.7454  2.00569310124181
NAVSTAR 59 (USA 192)    
1 29601U 06052A   23256.28490044  .00000020  00000+0  00000+0 0  9990
2 29601  55.2630 254.0137 0083327  79.4159 281.5340  2.00550132123198
NAVSTAR 60 (USA 196)    
1 32260U 07047A   23256.10087395  .00000018  00000+0  00000+0 0  9999
2 32260  53.4684 121.7773 0151703  70.8479 290.8855  2.00551134116595
COSMOS 2433             
1 32275U 07052A   23255.94839330 -.00000083  00000+0  00000+0 0  9999
2 32275  66.0195 349.6495 0004014 222.2125 137.7925  2.13104271123576
COSMOS 2432             
1 32276U 07052B   23255.97756735 -.00000083  00000+0  00000+0 0  9990
2 32276  66.0339 349.7573 0008383 318.1237  11.2982  2.13103397123596
NAVSTAR 61 (USA 199)    
1 32384U 07062A   23256.42550663 -.00000044  00000+0  00000+0 0  9991
2 32384  55.8665 314.3829 0024815 150.8713 214.0032  2.00559368115302
COSMOS 2434             
1 32393U 07065A   23255.85674278  .00000016  00000+0  00000+0 0  9997
2 32393  64.3365 226.0158 0000400  72.8179 108.0768  2.13103134122284
COSMOS 2436             
1 32395U 07065C   23252.80912403  .00000040  00000+0  00000+0 0  9993
2 32395  64.3454 226.1811 0015790 353.0301 145.3323  2.13102815122175
NAVSTAR 62 (USA 201)    
1 32711U 08012A   23256.51325574 -.00000019  00000+0  00000+0 0  9994
2 32711  54.4514 190.1210 0177587 235.9156 122.3737  2.00557596113547
NAVSTAR 64 (USA 206)    
1 35752U 09043A   23256.49835317 -.00000012  00000+0  00000+0 0  9998
2 35752  55.4419  67.3512 0058269  69.2823 296.6343  2.00557558103156
COSMOS 2456             
1 36111U 09070A   23256.12410413  .00000052  00000+0  00000+0 0  9997
2 36111  64.4938 105.5043 0001934 337.1703 207.8923  2.13099306106941
COSMOS 2457             
1 36112U 09070B   23256.35281863  .00000053  00000+0  00000+0 0  9999
2 36112  64.4778 105.3616 0005930 146.8548 344.5238  2.13101475106950
COSMOS 2460             
1 36402U 10007C   23256.17432661 -.00000081  00000+0  00000+0 0  9999
2 36402  65.8816 348.3560 0001546 187.2633 155.6794  2.13106439105244
NAVSTAR 65 (USA 213)    
1 36585U 10022A   23256.58290264  .00000015  00000+0  00000+0 0  9990
2 36585  54.5623 249.2130 0109478  59.6601 123.9937  2.00562507 97389
BEIDOU-2 IGSO-1         
1 36828U 10036A   23256.28516593 -.00000154  00000+0  00000+0 0  9993
2 36828  54.2354 172.0916 0036538 188.5598 200.4218  1.00251141 48102
QZS-1 (MICHIBIKI-1)     
1 37158U 10045A   23255.32124635 -.00000011  00000+0  00000+0 0  9998
2 37158  43.0365 127.3707 0002723 115.2548  85.0742  0.87701630 47542
BEIDOU-2 G4             
1 37210U 10057A   23256.51021628 -.00000118  00000+0  00000+0 0  9998
2 37210   1.1952  61.2530 0006361 155.6643 118.9076  1.00271645 47184
BEIDOU-2 IGSO-2         
1 37256U 10068A   23256.49113934 -.00000161  00000+0  00000+0 0  9997
2 37256  49.3926 284.1934 0032412 212.6749 140.4095  1.00281503 46689
BEIDOU-2 IGSO-3         
1 37384U 11013A   23256.25556641 -.00000153  00000+0  00000+0 0  9991
2 37384  60.9534  49.8083 0028076 174.9745 327.3865  1.00279981 45556
GSAT-8                  
1 37605U 11022A   23256.52514338  .00000078  00000+0  00000+0 0  9999
2 37605   0.0188 100.3981 0005389 148.6204 347.3822  1.00273538 43119
NAVSTAR 66 (USA 232)    
1 37753U 11036A   23255.21341240 -.00000105  00000+0  00000+0 0  9995
2 37753  56.7449  11.1623 0127020  56.3488 304.5776  2.00568775 89034
BEIDOU-2 IGSO-4         
1 37763U 11038A   23256.25339976 -.00000125  00000+0  00000+0 0  9998
2 37763  54.5094 174.6346 0111939 228.0844 136.0372  1.00272573 44544
GSAT0101 (GALILEO-PFM)  
1 37846U 11060A   23255.50892297 -.00000101  00000+0  00000+0 0  9996
2 37846  57.1104   9.0785 0001400  75.6336 284.3855  1.70476106 74055
GSAT0102 (GALILEO-FM2)  
1 37847U 11060B   23255.42688369 -.00000101  00000+0  00000+0 0  9991
2 37847  57.1108   9.0807 0001208 330.9755  24.9505  1.70475513 74043
COSMOS 2476             
1 37867U 11064A   23256.28008667  .00000053  00000+0  00000+0 0  9994
2 37867  64.7734 107.0297 0021187 231.8319 342.2807  2.13101840 92283
COSMOS 2477             
1 37868U 11064B   23256.44280351  .00000054  00000+0  00000+0 0  9996
2 37868  64.7807 107.0937 0018398 232.1155 284.7094  2.13101740 92285
COSMOS 2475             
1 37869U 11064C   23256.54248251  .00000054  00000+0  00000+0 0  9991
2 37869  64.7880 107.1027 0022496 250.4493 301.3349  2.13102093 92292
BEIDOU-2 IGSO-5         
1 37948U 11073A   23256.53358456 -.00000113  00000+0  00000+0 0  9994
2 37948  49.5180 283.8613 0095118 220.5184 135.8898  1.00270968 43021
LUCH-5A                 
1 37951U 11074B   23256.58014784 -.00000050  00000+0  00000+0 0  9997
2 37951   6.1648  89.5334 0004451  73.1271 205.5691  1.00269538 42940
BEIDOU-2 G5             
1 38091U 12008A   23256.55118990  .00000051  00000+0  00000+0 0  9992
2 38091   1.7301  68.5552 0003536 175.0559   5.8378  1.00276151 42263
BEIDOU-2 M3             
1 38250U 12018A   23254.71577458 -.00000101  00000+0  00000+0 0  9991
2 38250  56.5069 338.6306 0023718 255.7032 104.0797  1.86231304 77140
BEIDOU-2 M4             
1 38251U 12018B   23256.25805171 -.00000091  00000+0  00000+0 0  9997
2 38251  56.4167 337.8719 0014687 255.5869 104.3029  1.86232004 77171
SES-5                   
1 38652U 12036A   23256.19077104  .00000027  00000+0  00000+0 0  9990
2 38652   0.0556 310.7056 0001997 227.5634 247.3186  1.00272795 34370
BEIDOU-2 M6             
1 38775U 12050B   23254.89407153  .00000020  00000+0  00000+0 0  9991
2 38775  55.6966  96.5134 0011469 340.1653  19.8786  1.86231385 74861
GSAT-10                 
1 38779U 12051B   23255.62644606 -.00000173  00000+0  00000+0 0  9994
2 38779   0.0432 265.8095 0002177 347.8930  46.1730  1.00270570 40008
NAVSTAR 67 (USA 239)    
1 38833U 12053A   23256.19147468 -.00000024  00000+0  00000+0 0  9999
2 38833  53.5123 184.8312 0142570  52.1084 309.1617  2.00567419 79223
GSAT0103 (GALILEO-FM3)  
1 38857U 12055A   23256.13473090  .00000014  00000+0  00000+0 0  9992
2 38857  55.2850 129.2508 0002588 263.4292  96.6420  1.70473839 67828
GSAT0104 (GALILEO-FM4)  
1 38858U 12055B   23256.10417530  .00000013  00000+0  00000+0 0  9996
2 38858  55.2853 129.2533 0000368 167.0932 193.0083  1.70474090 67821
BEIDOU-2 G6             
1 38953U 12059A   23256.53088687 -.00000181  00000+0  00000+0 0  9997
2 38953   1.8474  81.8983 0007465 311.6487 233.7771  1.00276104 39804
LUCH-5B                 
1 38977U 12061A   23256.21716196 -.00000137  00000+0  00000+0 0  9995
2 38977   8.2741  59.0453 0005689 113.3311 241.4766  1.00273244 39505
COSMOS 2485             
1 39155U 13019A   23255.94300849  .00000052  00000+0  00000+0 0  9996
2 39155  64.9334 107.5666 0021708 227.7797 132.1318  2.13102036 80795
NAVSTAR 68 (USA 242)    
1 39166U 13023A   23256.05393698 -.00000037  00000+0  00000+0 0  9994
2 39166  55.3498 309.7674 0114376  41.6791 319.2627  2.00564394 75664
IRNSS-1A                
1 39199U 13034A   23252.08242812  .00000073  00000+0  00000+0 0  9991
2 39199  33.4344  78.6203 0020346 176.5021 177.7262  1.00280977 37216
NAVSTAR 69 (USA 248)    
1 39533U 14008A   23256.05288971 -.00000025  00000+0  00000+0 0  9990
2 39533  53.5994 190.3957 0067179 215.7157 143.8168  2.00552250 69469
ASTRA 5B                
1 39617U 14011B   23256.51879073  .00000130  00000+0  00000+0 0  9993
2 39617   0.0784 305.8768 0003333 254.5657   2.0484  1.00272330 34564
COSMOS 2492             
1 39620U 14012A   23255.42918549 -.00000085  00000+0  00000+0 0  9999
2 39620  65.7655 347.9981 0011520 315.2963  44.6476  2.13103276 73742
IRNSS-1B                
1 39635U 14017A   23256.09511703  .00000108  00000+0  00000+0 0  9990
2 39635  28.6897 257.5173 0019591 190.6025 353.0617  1.00268169 34685
LUCH-5V                 
1 39727U 14023A   23256.60890670 -.00000272  00000+0  00000+0 0  9992
2 39727   2.5955  77.2420 0003753 137.3922  91.5779  1.00268269 34259
NAVSTAR 70 (USA 251)    
1 39741U 14026A   23256.33441498 -.00000102  00000+0  00000+0 0  9993
2 39741  56.6975  10.6412 0029244 310.5603  49.1948  2.00556696 68320
COSMOS 2500             
1 40001U 14032A   23254.20460245 -.00000092  00000+0  00000+0 0  9994
2 40001  65.7040 347.8661 0008158 199.9636 160.0378  2.13105997 71931
NAVSTAR 71 (USA 256)    
1 40105U 14045A   23255.91874119  .00000015  00000+0  00000+0 0  9995
2 40105  54.8154 128.7290 0025180 113.3082 247.0478  2.00578378 65858
GSAT0201 (GALILEO 5)    
1 40128U 14050A   23255.96689985 -.00000060  00000+0  00000+0 0  9997
2 40128  49.9274 314.2219 1608598 140.7036 232.1684  1.85519422 59616
GSAT0202 (GALILEO 6)    
1 40129U 14050B   23256.22625514 -.00000058  00000+0  00000+0 0  9993
2 40129  49.9464 313.2832 1606531 141.5234 231.1211  1.85520104 61787
IRNSS-1C                
1 40269U 14061A   23256.53071282 -.00000165  00000+0  00000+0 0  9990
2 40269   3.9847 112.4247 0019838  18.8085 135.0440  1.00269249 32582
NAVSTAR 72 (USA 258)    
1 40294U 14068A   23253.80346463 -.00000010  00000+0  00000+0 0  9997
2 40294  56.1834  70.2064 0049137  62.0822 298.4643  2.00572359 64943
COSMOS 2501             
1 40315U 14075A   23256.33159514  .00000014  00000+0  00000+0 0  9992
2 40315  63.6398 225.3459 0019895 211.1618 148.6988  2.13101371 68379
NAVSTAR 73 (USA 260)    
1 40534U 15013A   23256.43288224  .00000011  00000+0  00000+0 0  9997
2 40534  53.4610 245.9127 0080785  25.3916 334.9977  2.00554245 61614
GSAT0203 (GALILEO 7)    
1 40544U 15017A   23255.87495278 -.00000100  00000+0  00000+0 0  9998
2 40544  56.9060   9.0405 0003403 227.6270 132.3486  1.70476439 52015
GSAT0204 (GALILEO 8)    
1 40545U 15017B   23255.54202282 -.00000101  00000+0  00000+0 0  9995
2 40545  56.9119   9.0638 0003657 210.9941 148.9882  1.70475894 15050
IRNSS-1D                
1 40547U 15018A   23254.96760240 -.00000276  00000+0  00000+0 0  9999
2 40547  28.0589 257.5061 0019738 190.1117   3.2253  1.00272744 30867
BEIDOU-3S IGSO-1S       
1 40549U 15019A   23256.60890674 -.00000130  00000+0  00000+0 0  9999
2 40549  51.0827 307.4629 0040885 196.1801 160.9961  1.00254853 30967
NAVSTAR 74 (USA 262)    
1 40730U 15033A   23255.09884551 -.00000037  00000+0  00000+0 0  9992
2 40730  54.8389 308.4160 0085443  13.9571 346.3521  2.00554996 59755
BEIDOU-3S M2S           
1 40748U 15037A   23255.92376588 -.00000092  00000+0  00000+0 0  9994
2 40748  55.6570 336.4771 0011611 242.0999 117.8356  1.86233198 55348
BEIDOU-3S M1S           
1 40749U 15037B   23255.65692527 -.00000093  00000+0  00000+0 0  9990
2 40749  55.6602 336.4724 0003466 298.3163  61.7008  1.86233067 55345
GSAT0205 (GALILEO 9)    
1 40889U 15045A   23255.30996791  .00000032  00000+0  00000+0 0  9998
2 40889  55.3604 249.4757 0003567 358.5001   1.5001  1.70473353 49817
GSAT0206 (GALILEO 10)   
1 40890U 15045B   23253.18432239  .00000037  00000+0  00000+0 0  9991
2 40890  55.3599 249.5298 0002408 325.4744  34.5195  1.70473385 49807
BEIDOU-3S IGSO-2S       
1 40938U 15053A   23256.40252345 -.00000095  00000+0  00000+0 0  9994
2 40938  50.7966 270.6381 0047902 194.5867 128.0933  1.00281600 29249
NAVSTAR 75 (USA 265)    
1 41019U 15062A   23255.15125831 -.00000006  00000+0  00000+0 0  9997
2 41019  56.1681  70.0039 0089436 221.0393 138.3322  2.00562431 57594
GSAT-15                 
1 41028U 15065A   23256.61125791 -.00000264  00000+0  00000+0 0  9993
2 41028   0.0432 268.4961 0001803 249.3774 148.0223  1.00270941 28699
GSAT0209 (GALILEO 12)   
1 41174U 15079A   23255.70240351  .00000010  00000+0  00000+0 0  9997
2 41174  55.3026 128.9697 0002824 335.1308  24.9540  1.70474145 47582
GSAT0208 (GALILEO 11)   
1 41175U 15079B   23255.92201695  .00000012  00000+0  00000+0 0  9992
2 41175  55.3010 128.9618 0002365 336.0429  24.0458  1.70474049 48003
IRNSS-1E                
1 41241U 16003A   23256.60152749 -.00000280  00000+0  00000+0 0  9993
2 41241  30.9976  77.6543 0020621 176.0359  67.0727  1.00272304 27975
NAVSTAR 76 (USA 266)    
1 41328U 16007A   23256.23984202  .00000018  00000+0  00000+0 0  9997
2 41328  55.0194 129.4965 0071471 233.7958 125.6323  2.00575332 55624
COSMOS 2514             
1 41330U 16008A   23256.31297887 -.00000079  00000+0  00000+0 0  9994
2 41330  65.5005 347.3744 0011938 208.5317 151.4437  2.13102803 59148
IRNSS-1F                
1 41384U 16015A   23256.52053118  .00000154  00000+0  00000+0 0  9994
2 41384   2.9516 129.3895 0018722 176.8486 265.5818  1.00272998 27565
BEIDOU-2 IGSO-6         
1 41434U 16021A   23256.39007963 -.00000134  00000+0  00000+0 0  9998
2 41434  58.7678  48.1734 0047581 218.1892 322.7950  1.00281757 27370
IRNSS-1G                
1 41469U 16027A   23256.56085472 -.00000340  00000+0  00000+0 0  9991
2 41469   2.8414 131.0353 0002538 357.6103 195.0642  1.00274728 27078
GSAT0211 (GALILEO 14)   
1 41549U 16030A   23254.28316653  .00000035  00000+0  00000+0 0  9999
2 41549  55.5071 249.4805 0003910 308.1297  51.8411  1.70473530 45439
GSAT0210 (GALILEO 13)   
1 41550U 16030B   23253.40152275  .00000037  00000+0  00000+0 0  9994
2 41550  55.5068 249.5059 0004197 275.2275  84.7336  1.70473626 45434
COSMOS 2516             
1 41554U 16032A   23253.61194007  .00000030  00000+0  00000+0 0  9995
2 41554  63.8665 225.8433 0015423 214.4947 145.3935  2.13106454 56690
BEIDOU-2 G7             
1 41586U 16037A   23256.62256047 -.00000358  00000+0  00000+0 0  9996
2 41586   1.8912  68.5484 0006669 343.6184 274.7706  1.00266691 26684
EUTELSAT 117 WEST B     
1 41589U 16038B   23256.55107530 -.00000018  00000+0  00000+0 0  9997
2 41589   0.0392   7.5238 0000303  89.3363 336.8142  1.00271833 26556
GSAT0207 (GALILEO 15)   
1 41859U 16069A   23255.40966548  .00000007  00000+0  00000+0 0  9993
2 41859  54.9652 129.0477 0002488 315.4471  44.6289  1.70474065 42426
GSAT0212 (GALILEO 16)   
1 41860U 16069B   23255.85090572  .00000011  00000+0  00000+0 0  9994
2 41860  54.9628 129.0322 0002103  14.3253 345.7796  1.70474254 42469
GSAT0213 (GALILEO 17)   
1 41861U 16069C   23256.21703828  .00000014  00000+0  00000+0 0  9994
2 41861  54.9655 129.0281 0002339 276.2319  83.8427  1.70472835 42337
GSAT0214 (GALILEO 18)   
1 41862U 16069D   23255.77769239  .00000010  00000+0  00000+0 0  9999
2 41862  54.9639 129.0341 0001401 284.3938  75.6891  1.70472799 42459
SES-15                  
1 42709U 17026A   23256.58153944  .00000054  00000+0  00000+0 0  9992
2 42709   0.0322  34.9022 0000309 154.0248 243.5886  1.00269899 24036
QZS-2 (MICHIBIKI-2)     
1 42738U 17028A   23255.87410622 -.00000155  00000+0  00000+0 0  9999
2 42738  41.0313 257.7440 0750926 270.1985 279.2164  1.00262747 23036
QZS-3 (MICHIBIKI-3)     
1 42917U 17048A   23256.55896341 -.00000355  00000+0  00000+0 0  9994
2 42917   0.0543 184.9110 0002242  11.8847 123.7204  1.00268056 22157
COSMOS 2522             
1 42939U 17055A   23256.15468430  .00000016  00000+0  00000+0 0  9999
2 42939  64.1004 226.2831 0009615 243.3645 116.5169  2.13102041 46492
QZS-4 (MICHIBIKI-4)     
1 42965U 17062A   23254.60880777 -.00000339  00000+0  00000+0 0  9995
2 42965  40.6327 356.3534 0748473 269.4309  83.3125  1.00279475 21690
BEIDOU-3 M1             
1 43001U 17069A   23255.19735583  .00000023  00000+0  00000+0 0  9992
2 43001  55.8480  96.5631 0007573 302.0458  57.9698  1.86231825 39815
BEIDOU-3 M2             
1 43002U 17069B   23256.20800868  .00000029  00000+0  00000+0 0  9991
2 43002  55.8482  96.5655 0006017 334.8158  25.2453  1.86231278 39826
GSAT0215 (GALILEO 19)   
1 43055U 17079A   23256.26625220  .00000032  00000+0  00000+0 0  9997
2 43055  55.4825 249.2518 0003718 270.4320  89.5212  1.70474147 35804
GSAT0216 (GALILEO 20)   
1 43056U 17079B   23254.79842584  .00000033  00000+0  00000+0 0  9999
2 43056  55.4834 249.2921 0005271 275.7830  84.1603  1.70474286 35790
GSAT0217 (GALILEO 21)   
1 43057U 17079C   23256.19193839  .00000032  00000+0  00000+0 0  9997
2 43057  55.4810 249.2527 0004640 284.8396  75.1052  1.70474270 35807
GSAT0218 (GALILEO 22)   
1 43058U 17079D   23254.65225405  .00000034  00000+0  00000+0 0  9994
2 43058  55.4819 249.2927 0005732 272.8479  87.0905  1.70474230 35808
BEIDOU-3 M7             
1 43107U 18003A   23256.49572145 -.00000091  00000+0  00000+0 0  9991
2 43107  55.1130 337.1703 0003324  77.9667 282.1241  1.86232667 38585
BEIDOU-3 M8             
1 43108U 18003B   23256.43390008 -.00000091  00000+0  00000+0 0  9992
2 43108  55.1060 337.1593 0004166 244.3186 115.6919  1.86231098 38596
BEIDOU-3 M4             
1 43207U 18018A   23255.80232277  .00000027  00000+0  00000+0 0  9999
2 43207  55.8072  96.6415 0004824  16.3486 343.7572  1.86231756 37967
BEIDOU-3 M3             
1 43208U 18018B   23254.25811994  .00000014  00000+0  00000+0 0  9993
2 43208  55.8055  96.6974 0005647 320.6035  39.4424  1.86231661 37931
BEIDOU-3 M9             
1 43245U 18029A   23256.09175656 -.00000090  00000+0  00000+0 0  9993
2 43245  55.0071 334.9174 0001483 219.1918 140.8529  1.86232931 37123
BEIDOU-3 M10            
1 43246U 18029B   23256.55872566 -.00000088  00000+0  00000+0 0  9996
2 43246  55.0041 334.9297 0002724 352.7553   7.2977  1.86233103 37119
IRNSS-1I                
1 43286U 18035A   23253.11785689  .00000083  00000+0  00000+0 0  9999
2 43286  29.2636  90.0972 0019590 176.0719 180.2163  1.00274251 19930
COSMOS 2527             
1 43508U 18053A   23256.11346094  .00000053  00000+0  00000+0 0  9999
2 43508  65.0949 107.6552 0007351 217.2986 142.7468  2.13102536 40797
BEIDOU-2 IGSO-7         
1 43539U 18057A   23254.79344118 -.00000174  00000+0  00000+0 0  9999
2 43539  55.1199 171.7939 0064274 231.1525 346.7849  1.00281676 19029
GSAT0221 (GALILEO 25)   
1 43564U 18060A   23252.20566576 -.00000108  00000+0  00000+0 0  9996
2 43564  57.2858   9.0692 0002924 253.6036 106.3666  1.70476219 31916
GSAT0222 (GALILEO 26)   
1 43565U 18060B   23255.94326868 -.00000099  00000+0  00000+0 0  9998
2 43565  57.2895   8.9701 0003615 213.7634 146.2181  1.70476057 32024
GSAT0219 (GALILEO 23)   
1 43566U 18060C   23253.81924926 -.00000105  00000+0  00000+0 0  9990
2 43566  57.2888   9.0292 0002017 255.1366 104.8432  1.70476274 31963
GSAT0220 (GALILEO 24)   
1 43567U 18060D   23253.45308688 -.00000106  00000+0  00000+0 0  9993
2 43567  57.2882   9.0389 0002462 250.9107 109.0647  1.70476248 31949
BEIDOU-3 M5             
1 43581U 18062A   23256.24198336 -.00000009  00000+0  00000+0 0  9990
2 43581  54.1766 216.6087 0005105 282.8801  77.0228  1.86232043 34868
BEIDOU-3 M6             
1 43582U 18062B   23256.10800374 -.00000010  00000+0  00000+0 0  9990
2 43582  54.1762 216.6029 0005188 357.4699   2.4875  1.86229886 34867
BEIDOU-3 M12            
1 43602U 18067A   23253.89643751 -.00000006  00000+0  00000+0 0  9990
2 43602  54.2640 215.3342 0007027  12.6807 347.3028  1.86231589 34308
BEIDOU-3 M11            
1 43603U 18067B   23256.17804810 -.00000011  00000+0  00000+0 0  9996
2 43603  54.2605 215.2223 0004184 358.3160   1.6423  1.86231558 34372
BEIDOU-3 M13            
1 43622U 18072A   23253.98919656  .00000012  00000+0  00000+0 0  9994
2 43622  55.7755  96.2421 0004352 298.5430  61.4988  1.86231730 33847
BEIDOU-3 M14            
1 43623U 18072B   23256.00246368  .00000027  00000+0  00000+0 0  9990
2 43623  55.7788  96.1675 0002884 349.4960  10.5877  1.86231744 33876
BEIDOU-3 M16            
1 43647U 18078A   23255.62810281 -.00000092  00000+0  00000+0 0  9993
2 43647  54.9035 335.0548 0005909   8.1510 351.9121  1.86227495 33370
BEIDOU-3 M15            
1 43648U 18078B   23256.29544890 -.00000089  00000+0  00000+0 0  9994
2 43648  54.8986 335.0358 0002758  19.5343 340.5321  1.86232464 33405
BEIDOU-3 G1             
1 43683U 18085A   23256.56658779 -.00000283  00000+0  00000+0 0  9999
2 43683   1.5329 123.7585 0002975 351.8943 220.6303  1.00276531 17956
COSMOS 2529             
1 43687U 18086A   23256.21267542  .00000017  00000+0  00000+0 0  9994
2 43687  64.3156 226.7191 0011271 262.6006  97.2515  2.13102101 37805
BEIDOU-3 M17            
1 43706U 18093A   23255.36949855 -.00000011  00000+0  00000+0 0  9998
2 43706  54.2592 216.5564 0010230 281.0598  78.7868  1.86232123 32756
BEIDOU-3 M18            
1 43707U 18093B   23255.23555154 -.00000011  00000+0  00000+0 0  9990
2 43707  54.2601 216.5525 0008500 306.3599  53.5236  1.86229943 32749
NAVSTAR 77 (USA 289)    
1 43873U 18109A   23255.12814758  .00000002  00000+0  00000+0 0  9997
2 43873  55.1947 132.0573 0025701 190.7878 341.7013  2.00569328 34836
BEIDOU-3 IGSO-1         
1 44204U 19023A   23256.31855080 -.00000189  00000+0  00000+0 0  9994
2 44204  57.2342  48.1483 0023691 194.9707 343.5007  1.00280349 16236
BEIDOU-2 G8             
1 44231U 19027A   23256.52603116 -.00000253  00000+0  00000+0 0  9994
2 44231   1.9776  81.0914 0006608 132.5291 112.5141  1.00269465 15972
COSMOS 2534             
1 44299U 19030A   23255.15100462  .00000020  00000+0  00000+0 0  9997
2 44299  64.3885 226.6822 0013478 281.5633 118.0897  2.13102049 33421
BEIDOU-3 IGSO-2         
1 44337U 19035A   23254.69832691 -.00000176  00000+0  00000+0 0  9992
2 44337  55.1527 167.7278 0032891 196.8932 356.9792  1.00272647 15542
NAVSTAR 78 (USA 293)    
1 44506U 19056A   23256.46679492 -.00000102  00000+0  00000+0 0  9997
2 44506  55.8225  11.0799 0037205 185.6030 132.9534  2.00566027 29854
BEIDOU-3 M24            
1 44542U 19061A   23255.30720401 -.00000010  00000+0  00000+0 0  9990
2 44542  54.4864 216.7899 0008438 340.6495  19.2804  1.86231544 27005
BEIDOU-3 M23            
1 44543U 19061B   23255.78401559 -.00000010  00000+0  00000+0 0  9993
2 44543  54.4849 216.7429 0005911 324.6095 266.9031  1.86231935 27017
BEIDOU-3 IGSO-3         
1 44709U 19073A   23255.50130241 -.00000136  00000+0  00000+0 0  9996
2 44709  56.5204 291.6656 0035215 190.1820 169.8517  1.00279690 14343
BEIDOU-3 M22            
1 44793U 19078A   23256.22651093 -.00000090  00000+0  00000+0 0  9996
2 44793  54.7515 335.0004 0004770  17.1836 342.8881  1.86232419 25877
BEIDOU-3 M21            
1 44794U 19078B   23255.28315545 -.00000094  00000+0  00000+0 0  9995
2 44794  54.7259 335.0150 0002736   7.6123 352.4440  1.86232842 25865
COSMOS 2544             
1 44850U 19088A   23256.05719905  .00000053  00000+0  00000+0 0  9997
2 44850  65.0808 107.4998 0011246 251.2439 108.7303  2.13102289 29234
BEIDOU-3 M19            
1 44864U 19090A   23256.35970689  .00000029  00000+0  00000+0 0  9999
2 44864  55.7116  96.3492 0015283 275.5478 280.0656  1.86232049 25462
BEIDOU-3 M20            
1 44865U 19090B   23256.20813128  .00000028  00000+0  00000+0 0  9997
2 44865  55.7133  96.3870 0013185 291.0609 252.7119  1.86232005 25440
BEIDOU-3 G2             
1 45344U 20017A   23256.53010366 -.00000146  00000+0  00000+0 0  9992
2 45344   2.0535  16.6406 0003107 162.1177  84.3844  1.00272575 13156
COSMOS 2545             
1 45358U 20018A   23256.25395972 -.00000081  00000+0  00000+0 0  9994
2 45358  64.8408 347.6141 0010255 238.0102 121.9303  2.13102710 27186
BEIDOU-3 G3             
1 45807U 20040A   23256.55052175 -.00000360  00000+0  00000+0 0  9996
2 45807   0.6089 345.5488 0006034 328.8838 346.6223  1.00271530 11961
NAVSTAR 79 (USA 304)    
1 45854U 20041A   23256.54133781 -.00000009  00000+0  00000+0 0  9991
2 45854  55.8911  68.3599 0036472 186.3511 129.3550  2.00563523 23820
GALAXY 30 (G-30)        
1 46114U 20056C   23256.54687727  .00000031  00000+0  00000+0 0  9995
2 46114   0.0212 132.4249 0001892  43.8440 247.8850  1.00273073 11189
COSMOS 2547             
1 46805U 20075A   23256.44287832  .00000017  00000+0  00000+0 0  9999
2 46805  64.6156 226.1972 0008417 244.0528 115.8398  2.13102950 22436
NAVSTAR 80 (USA 309)    
1 46826U 20078A   23256.32412594  .00000016  00000+0  00000+0 0  9996
2 46826  54.3087 251.6987 0036124 194.9186 299.4653  2.00562933 21299
NAVSTAR 81 (USA 319)    
1 48859U 21054A   23256.34232856 -.00000102  00000+0  00000+0 0  9999
2 48859  55.3401  12.8664 0012472 212.1035 118.0239  2.00573423 16536
QZS-1R                  
1 49336U 21096A   23255.89748882 -.00000246  00000+0  00000+0 0  9995
2 49336  35.3693  94.7837 0744711 269.8012  84.0462  1.00345605  6909
GSAT0223 (GALILEO 27)   
1 49809U 21116A   23254.47783885 -.00000104  00000+0  00000+0 0  9991
2 49809  57.2800   8.9075 0003509 182.5037 176.6685  1.70476482 10960
GSAT0224 (GALILEO 28)   
1 49810U 21116B   23253.73871167 -.00000106  00000+0  00000+0 0  9994
2 49810  57.2808   8.9255 0002784 173.0857 204.9488  1.70476459 10981
COSMOS 2557             
1 52984U 22075A   23255.19772425 -.00000089  00000+0  00000+0 0  9994
2 52984  64.7580 349.8091 0012050 275.3319  84.5640  2.13102432  9196
COSMOS 2559             
1 54031U 22130A   23256.54751789 -.00000081  00000+0  00000+0 0  9993
2 54031  64.7289 349.8895 0007284 218.2584 141.7275  2.13101663  7218
COSMOS 2564             
1 54377U 22161A   23256.27132434  .00000017  00000+0  00000+0 0  9998
2 54377  64.7564 226.2576 0010716 226.1272 133.7643  2.13102202  6159
NAVSTAR 82 (USA 343)    
1 55268U 23009A   23256.08302088 -.00000024  00000+0  00000+0 0  9992
2 55268  55.0881 188.0713 0004460  90.9394  92.8330  2.00555282  5022
BEIDOU-3 G4             
1 56564U 23066A   23256.53554646 -.00000121  00000+0  00000+0 0  9992
2 56564   2.8234 288.7591 0006674 214.6775 201.6318  1.00273285  1293
IRNSS-1J (NVS-01)       
1 56759U 23076A   23256.55876390 -.00000349  00000+0  00000+0 0  9996
2 56759   4.7177 271.8929 0006212 336.4183  74.6104  1.00270074  1012
