NAVSTAR 43 (USA 132)    
1 24876U 97035A   23213.19446777  .00000000  00000+0  00000+0 0  9995
2 24876  55.5815 139.6789 0070931  51.5676 309.0562  2.00563842190679
NAVSTAR 47 (USA 150)    
1 26360U 00025A   23213.24534437 -.00000029  00000+0  00000+0 0  9997
2 26360  54.4019  61.9990 0041148 198.3133 287.0359  2.00572993170180
NAVSTAR 51 (USA 166)    
1 27663U 03005A   23213.74516212  .00000052  00000+0  00000+0 0  9996
2 27663  55.2616 256.7478 0131278  44.6062  61.9991  2.00567882150238
NAVSTAR 52 (USA 168)    
1 27704U 03010A   23213.73408921 -.00000080  00000+0  00000+0 0  9996
2 27704  55.1144   6.7258 0248160 317.9864 358.1666  2.00573178149034
NAVSTAR 54 (USA 177)    
1 28190U 04009A   23215.44627979 -.00000064  00000+0  00000+0 0  9993
2 28190  55.7159 317.7371 0093140 137.0028 274.3522  2.00568085141949
NAVSTAR 56 (USA 180)    
1 28474U 04045A   23214.34414959 -.00000082  00000+0  00000+0 0  9998
2 28474  55.4413   7.0114 0161471 281.7467 107.9020  2.00578616137361
ANIK F1R                
1 28868U 05036A   23214.99971253 -.00000085  00000+0  00000+0 0  9995
2 28868   1.6054  89.4712 0003006  24.2827  90.1419  1.00271162 65639
NAVSTAR 57 (USA 183)    
1 28874U 05038A   23215.43187517 -.00000060  00000+0  00000+0 0  9999
2 28874  55.7678 315.1888 0138709 279.1706 142.2932  2.00577473130791
INMARSAT 4-F2           
1 28899U 05044A   23214.17359949  .00000003  00000+0  00000+0 0  9999
2 28899   3.8436  40.6082 0002851  97.6324 298.6473  1.00269010 64973
NAVSTAR 58 (USA 190)    
1 29486U 06042A   23214.99882979  .00000045  00000+0  00000+0 0  9991
2 29486  54.6878 192.9368 0102449  31.0430 339.8648  2.00571675123503
NAVSTAR 59 (USA 192)    
1 29601U 06052A   23212.90981365  .00000062  00000+0  00000+0 0  9998
2 29601  55.2818 255.7384 0084313  79.2034 281.8330  2.00575787122367
NAVSTAR 60 (USA 196)    
1 32260U 07047A   23214.21798045 -.00000004  00000+0  00000+0 0  9992
2 32260  53.4517 123.5148 0149987  69.7714 291.8591  2.00552999115773
COSMOS 2433             
1 32275U 07052A   23214.18433936 -.00000064  00000+0  00000+0 0  9991
2 32275  66.0313 351.0357 0002563 201.5473 158.4411  2.13104009122720
COSMOS 2432             
1 32276U 07052B   23214.31202282 -.00000064  00000+0  00000+0 0  9995
2 32276  66.0455 351.1396 0007845 330.9196  74.1914  2.13103163122721
NAVSTAR 61 (USA 199)    
1 32384U 07062A   23214.49576837 -.00000056  00000+0  00000+0 0  9996
2 32384  55.8997 316.0421 0024971 147.6350 182.7826  2.00556963114513
COSMOS 2434             
1 32393U 07065A   23214.55801150  .00000074  00000+0  00000+0 0  9994
2 32393  64.3381 227.4203 0000328 194.2225 343.4941  2.13103080121432
COSMOS 2436             
1 32395U 07065C   23213.31219898  .00000090  00000+0  00000+0 0  9999
2 32395  64.3469 227.5240 0015411 351.2704  86.2484  2.13102854121341
NAVSTAR 62 (USA 201)    
1 32711U 08012A   23215.12994710  .00000044  00000+0  00000+0 0  9997
2 32711  54.4547 191.7702 0177170 235.5799 122.7045  2.00556293112710
NAVSTAR 64 (USA 206)    
1 35752U 09043A   23213.60187150 -.00000022  00000+0  00000+0 0  9990
2 35752  55.4035  69.0656 0058483  67.6890 285.5950  2.00559733102261
COSMOS 2456             
1 36111U 09070A   23214.71026411  .00000012  00000+0  00000+0 0  9993
2 36111  64.4775 106.9276 0003364 322.3925 131.7848  2.13099171106103
COSMOS 2457             
1 36112U 09070B   23213.21530179  .00000007  00000+0  00000+0 0  9993
2 36112  64.4611 106.8450 0004498 155.6878   2.1386  2.13101336106070
COSMOS 2460             
1 36402U 10007C   23214.44609410 -.00000065  00000+0  00000+0 0  9993
2 36402  65.8944 349.7481 0001853 121.9879 248.0776  2.13106197104451
NAVSTAR 65 (USA 213)    
1 36585U 10022A   23215.44256522  .00000036  00000+0  00000+0 0  9992
2 36585  54.5787 250.8758 0108608  59.6979 298.7442  2.00560262 96552
BEIDOU-2 IGSO-1         
1 36828U 10036A   23213.81404676 -.00000135  00000+0  00000+0 0  9992
2 36828  54.2381 172.4746 0037073 190.5539 349.1353  1.00262972 47698
QZS-1 (MICHIBIKI-1)     
1 37158U 10045A   23207.91293981  .00000017  00000+0  00000+0 0  9996
2 37158  42.7673 127.8413 0408044 269.8132 316.8783  0.93974245    12
BEIDOU-2 G4             
1 37210U 10057A   23215.47703503 -.00000124  00000+0  00000+0 0  9994
2 37210   1.1074  59.2794 0004656 141.9142  82.2533  1.00269452 46762
BEIDOU-2 IGSO-2         
1 37256U 10068A   23215.16515083 -.00000178  00000+0  00000+0 0  9995
2 37256  49.4652 284.6961 0032135 210.5651 341.9834  1.00294036 46260
BEIDOU-2 IGSO-3         
1 37384U 11013A   23214.46932499 -.00000162  00000+0  00000+0 0  9997
2 37384  60.8894  50.2128 0027232 173.3562   3.0724  1.00289752 45147
GSAT-8                  
1 37605U 11022A   23214.61238031  .00000075  00000+0  00000+0 0  9993
2 37605   0.0053 328.3107 0002792 292.3315 325.8330  1.00275503 44713
NAVSTAR 66 (USA 232)    
1 37753U 11036A   23213.82816958 -.00000074  00000+0  00000+0 0  9994
2 37753  56.7383  12.7648 0127347  56.0278 302.1977  2.00568128 88208
BEIDOU-2 IGSO-4         
1 37763U 11038A   23214.78219698 -.00000047  00000+0  00000+0 0  9991
2 37763  54.5122 175.0034 0112210 228.4343 284.3899  1.00280424 44114
GSAT0101 (GALILEO-PFM)  
1 37846U 11060A   23214.44803363 -.00000080  00000+0  00000+0 0  9996
2 37846  57.1051  10.1879 0002924  66.6805 293.3513  1.70475807 73356
GSAT0102 (GALILEO-FM2)  
1 37847U 11060B   23210.85747266 -.00000067  00000+0  00000+0 0  9992
2 37847  57.1054  10.2851 0002137  21.9041 340.8720  1.70475266 73293
COSMOS 2476             
1 37867U 11064A   23215.39983123  .00000012  00000+0  00000+0 0  9995
2 37867  64.7586 108.4189 0021676 235.7307 296.4964  2.13101675 91465
COSMOS 2477             
1 37868U 11064B   23215.17333737  .00000012  00000+0  00000+0 0  9992
2 37868  64.7657 108.4957 0018924 236.6259 299.7402  2.13101609 91411
COSMOS 2475             
1 37869U 11064C   23214.31710066  .00000012  00000+0  00000+0 0  9992
2 37869  64.7727 108.5367 0023428 253.7367 304.1883  2.13101997 91404
BEIDOU-2 IGSO-5         
1 37948U 11073A   23214.17536660 -.00000130  00000+0  00000+0 0  9992
2 37948  49.5920 284.3750 0094482 219.7988 325.2650  1.00280064 42877
LUCH-5A                 
1 37951U 11074B   23214.64041808 -.00000060  00000+0  00000+0 0  9996
2 37951   6.0598  90.2675 0005424  36.4776 221.6925  1.00270670 42660
BEIDOU-2 G5             
1 38091U 12008A   23215.39107611  .00000047  00000+0  00000+0 0  9992
2 38091   1.6351  67.8663 0000757 190.4383 252.8333  1.00272662 41964
BEIDOU-2 M3             
1 38250U 12018A   23213.90705472 -.00000086  00000+0  00000+0 0  9998
2 38250  56.5303 339.9827 0021986 255.0567 104.7041  1.86230999 76725
BEIDOU-2 M4             
1 38251U 12018B   23214.37558641 -.00000086  00000+0  00000+0 0  9995
2 38251  56.4410 339.2628 0012847 254.6743 105.1893  1.86231719 76735
SES-5                   
1 38652U 12036A   23215.30869905  .00000023  00000+0  00000+0 0  9992
2 38652   0.0495 282.0487 0002015 207.1145 298.5546  1.00270435 40558
BEIDOU-2 M6             
1 38775U 12050B   23213.01175749 -.00000012  00000+0  00000+0 0  9995
2 38775  55.6650  97.9193 0012883 336.5961  23.4141  1.86231171 74086
GSAT-10                 
1 38779U 12051B   23215.46122353 -.00000175  00000+0  00000+0 0  9994
2 38779   0.0061 119.3398 0000582 132.6273 308.8432  1.00270387 39778
NAVSTAR 67 (USA 239)    
1 38833U 12053A   23213.31463089  .00000043  00000+0  00000+0 0  9996
2 38833  53.5153 186.5824 0139812  51.3204 309.8902  2.00566577 79254
GSAT0103 (GALILEO-FM3)  
1 38857U 12055A   23210.38093310 -.00000004  00000+0  00000+0 0  9992
2 38857  55.2703 130.5099 0004062 273.4664  86.4802  1.70473615 67180
GSAT0104 (GALILEO-FM4)  
1 38858U 12055B   23212.11019728 -.00000010  00000+0  00000+0 0  9994
2 38858  55.2708 130.4639 0001581 277.8901  82.0880  1.70473885 67187
BEIDOU-2 G6             
1 38953U 12059A   23215.46395946 -.00000187  00000+0  00000+0 0  9999
2 38953   1.9500  82.2771 0008742 322.2800 158.2835  1.00270990 39530
LUCH-5B                 
1 38977U 12061A   23215.37617094 -.00000148  00000+0  00000+0 0  9996
2 38977   8.1848  59.4012 0005902  89.2427 282.1709  1.00270823 39660
COSMOS 2485             
1 39155U 13019A   23214.17878631  .00000012  00000+0  00000+0 0  9991
2 39155  64.9187 108.9769 0022127 231.7460 128.1181  2.13101898 79907
NAVSTAR 68 (USA 242)    
1 39166U 13023A   23214.17325078 -.00000049  00000+0  00000+0 0  9991
2 39166  55.3843 311.4476 0114046  41.8005 319.1078  2.00564218 74812
IRNSS-1A                
1 39199U 13034A   23213.77660091  .00000062  00000+0  00000+0 0  9995
2 39199  33.3474  79.1920 0019736 178.2592  27.3183  1.00269307 37119
NAVSTAR 69 (USA 248)    
1 39533U 14008A   23213.17268057  .00000050  00000+0  00000+0 0  9996
2 39533  53.6027 192.1414 0067265 215.7065 143.8205  2.00549796 69158
ASTRA 5B                
1 39617U 14011B   23215.31244714  .00000126  00000+0  00000+0 0  9999
2 39617   0.0574 306.6864 0002785 208.4652 292.4257  1.00270757 34351
COSMOS 2492             
1 39620U 14012A   23215.07275361 -.00000066  00000+0  00000+0 0  9993
2 39620  65.7780 349.3503 0010830 323.9898  35.9377  2.13103029 72886
IRNSS-1B                
1 39635U 14017A   23200.71716126  .00000125  00000+0  00000+0 0  9993
2 39635  28.7936 258.4524 0021578 190.3137 161.9039  1.00278125 34125
LUCH-5V                 
1 39727U 14023A   23215.46712531 -.00000280  00000+0  00000+0 0  9999
2 39727   2.4948  77.4138 0002762  99.0183  38.2366  1.00273154551994
NAVSTAR 70 (USA 251)    
1 39741U 14026A   23215.44938047 -.00000081  00000+0  00000+0 0  9997
2 39741  56.6924  12.2244 0028512 312.5417  47.2246  2.00559372 67498
COSMOS 2500             
1 40001U 14032A   23213.84870932 -.00000064  00000+0  00000+0 0  9996
2 40001  65.7167 349.2213 0007168 188.5219 171.4658  2.13105818 71075
NAVSTAR 71 (USA 256)    
1 40105U 14045A   23215.03792952  .00000005  00000+0  00000+0 0  9997
2 40105  54.8030 130.3636 0023542 112.9580 247.3082  2.00575455 65927
GSAT0201 (GALILEO 5)    
1 40128U 14050A   23212.30831881 -.00000069  00000+0  00000+0 0  9991
2 40128  49.9672 315.9689 1610413 139.0369 234.2791  1.85519013 60740
GSAT0202 (GALILEO 6)    
1 40129U 14050B   23214.72379917 -.00000074  00000+0  00000+0 0  9993
2 40129  49.9843 314.9432 1608019 139.9466 233.1190  1.85519576 60983
IRNSS-1C                
1 40269U 14061A   23215.46386757 -.00000174  00000+0  00000+0 0  9993
2 40269   3.8890 113.7050 0020851  13.1753  74.9083  1.00271089 32312
NAVSTAR 72 (USA 258)    
1 40294U 14068A   23213.41983097 -.00000018  00000+0  00000+0 0  9998
2 40294  56.1468  71.7906 0048649  60.5107 300.0583  2.00569453 64116
COSMOS 2501             
1 40315U 14075A   23214.56758745  .00000073  00000+0  00000+0 0  9997
2 40315  63.6418 226.8027 0020235 211.6570 148.2634  2.13101364 67488
NAVSTAR 73 (USA 260)    
1 40534U 15013A   23213.05515126  .00000066  00000+0  00000+0 0  9992
2 40534  53.4784 247.7122 0079066  25.0051 335.4563  2.00556756 61164
GSAT0203 (GALILEO 7)    
1 40544U 15017A   23214.22756056 -.00000080  00000+0  00000+0 0  9993
2 40544  56.9003  10.1714 0002016 216.1821 143.8060  1.70475952 51969
GSAT0204 (GALILEO 8)    
1 40545U 15017B   23214.48109768 -.00000081  00000+0  00000+0 0  9995
2 40545  56.9068  10.1787 0002492 193.6110 166.3834  1.70475498 51974
IRNSS-1D                
1 40547U 15018A   23214.54164067 -.00000263  00000+0  00000+0 0  9990
2 40547  28.1368 258.1928 0021572 191.1264 168.2380  1.00266500 30715
BEIDOU-3S IGSO-1S       
1 40549U 15019A   23214.21448113 -.00000174  00000+0  00000+0 0  9995
2 40549  51.1599 307.9626 0040382 194.3605 341.0866  1.00262804 30556
NAVSTAR 74 (USA 262)    
1 40730U 15033A   23213.71510447 -.00000046  00000+0  00000+0 0  9995
2 40730  54.8737 310.0964 0084489  14.1101 346.1695  2.00556882 58940
BEIDOU-3S M2S           
1 40748U 15037A   23213.50475374 -.00000085  00000+0  00000+0 0  9997
2 40748  55.6831 337.9121 0009734 238.1749 121.7362  1.86233012 54553
BEIDOU-3S M1S           
1 40749U 15037B   23213.23785484 -.00000084  00000+0  00000+0 0  9993
2 40749  55.6862 337.9073 0002369 329.3476  30.6437  1.86232773 54544
GSAT0205 (GALILEO 9)    
1 40889U 15045A   23211.90277271  .00000071  00000+0  00000+0 0  9994
2 40889  55.3803 250.6767 0003083   0.7123 359.3833  1.70473574 49077
GSAT0206 (GALILEO 10)   
1 40890U 15045B   23213.29663290  .00000063  00000+0  00000+0 0  9991
2 40890  55.3788 250.6334 0001836 324.1230  35.9553  1.70473537 49128
BEIDOU-3S IGSO-2S       
1 40938U 15053A   23214.13650552 -.00000090  00000+0  00000+0 0  9995
2 40938  50.8583 271.1321 0047742 193.5552 349.4453  1.00290358 28815
NAVSTAR 75 (USA 265)    
1 41019U 15062A   23214.76592194 -.00000023  00000+0  00000+0 0  9998
2 41019  56.1319  71.5872 0087877 221.1642 138.2497  2.00562167 56786
GSAT-15                 
1 41028U 15065A   23215.46712517 -.00000268  00000+0  00000+0 0  9993
2 41028   0.0157 281.5201 0002690 187.8133 104.1218  1.00269919 28348
GSAT0209 (GALILEO 12)   
1 41174U 15079A   23214.05478347 -.00000009  00000+0  00000+0 0  9997
2 41174  55.2890 130.1154 0004087 319.4928  40.4847  1.70473786 47458
GSAT0208 (GALILEO 11)   
1 41175U 15079B   23208.40851929  .00000006  00000+0  00000+0 0  9997
2 41175  55.2851 130.2689 0003482 318.9010  41.0701  1.70473809 47197
IRNSS-1E                
1 41241U 16003A   23212.59106757 -.00000314  00000+0  00000+0 0  9999
2 41241  30.8970  78.3257 0019483 176.7375  18.2977  1.00266114 27659
NAVSTAR 76 (USA 266)    
1 41328U 16007A   23213.36163870 -.00000004  00000+0  00000+0 0  9990
2 41328  55.0081 131.2009 0071563 234.8286 124.5069  2.00551651 54809
COSMOS 2514             
1 41330U 16008A   23215.01795896 -.00000066  00000+0  00000+0 0  9995
2 41330  65.5138 348.7716 0010691 201.8003 158.1555  2.13102499 58260
IRNSS-1F                
1 41384U 16015A   23213.73743631  .00000151  00000+0  00000+0 0  9993
2 41384   2.8664 131.4514 0017848 181.2666 295.2711  1.00274405 27127
BEIDOU-2 IGSO-6         
1 41434U 16021A   23212.29861303 -.00000135  00000+0  00000+0 0  9996
2 41434  58.6987  48.6218 0046287 217.9929 244.6696  1.00289424 26922
IRNSS-1G                
1 41469U 16027A   23215.40519681 -.00000347  00000+0  00000+0 0  9990
2 41469   2.7640 133.1255 0005170 346.3223 107.5524  1.00264535 26650
GSAT0211 (GALILEO 14)   
1 41549U 16030A   23213.80888361  .00000060  00000+0  00000+0 0  9990
2 41549  55.5259 250.5959 0003739 305.4090  54.6438  1.70473657 44743
GSAT0210 (GALILEO 13)   
1 41550U 16030B   23215.27358586  .00000047  00000+0  00000+0 0  9991
2 41550  55.5242 250.5566 0003811 268.4066  91.6263  1.70473761 44768
COSMOS 2516             
1 41554U 16032A   23213.25664521  .00000090  00000+0  00000+0 0  9990
2 41554  63.8681 227.2398 0015529 214.7699 145.1812  2.13106429 55837
BEIDOU-2 G7             
1 41586U 16037A   23215.40144873 -.00000365  00000+0  00000+0 0  9998
2 41586   1.7962  67.9814 0007918 350.7849 147.9986  1.00274068 26265
EUTELSAT 117 WEST B     
1 41589U 16038B   23214.92609177 -.00000021  00000+0  00000+0 0  9990
2 41589   0.0099 200.7038 0000215  99.8045 227.1214  1.00272127 26188
GSAT0207 (GALILEO 15)   
1 41859U 16069A   23212.00229430 -.00000010  00000+0  00000+0 0  9999
2 41859  54.9509 130.2524 0004220 303.4559  56.4996  1.70473778 41687
GSAT0212 (GALILEO 16)   
1 41860U 16069B   23212.44358446 -.00000010  00000+0  00000+0 0  9999
2 41860  54.9486 130.2372 0003075 333.5701  26.4119  1.70473968 41724
GSAT0213 (GALILEO 17)   
1 41861U 16069C   23213.39597762 -.00000010  00000+0  00000+0 0  9991
2 41861  54.9512 130.2168 0004068 281.4698  78.4876  1.70472634 41734
GSAT0214 (GALILEO 18)   
1 41862U 16069D   23214.12978067 -.00000009  00000+0  00000+0 0  9993
2 41862  54.9497 130.1904 0003168 287.1765  72.7969  1.70472516 41742
SES-15                  
1 42709U 17026A   23215.42592219  .00000049  00000+0  00000+0 0  9996
2 42709   0.0174  37.1230 0000431  87.7200 211.0728  1.00267800 23677
QZS-2 (MICHIBIKI-2)     
1 42738U 17028A   23215.45149530 -.00000128  00000+0  00000+0 0  9996
2 42738  41.0932 258.3218 0755674 269.6727  87.9750  1.00273280 22628
QZS-3 (MICHIBIKI-3)     
1 42917U 17048A   23214.83105052 -.00000358  00000+0  00000+0 0  9994
2 42917   0.0611 195.2209 0001913 314.6737 227.4134  1.00266154 21849
COSMOS 2522             
1 42939U 17055A   23213.45222472  .00000088  00000+0  00000+0 0  9998
2 42939  64.1023 227.7485 0010215 242.6535 117.2950  2.13101939 45582
QZS-4 (MICHIBIKI-4)     
1 42965U 17062A   23215.26201792 -.00000332  00000+0  00000+0 0  9991
2 42965  40.6485 356.8527 0746323 268.7301 278.6121  1.00289240 21289
BEIDOU-3 M1             
1 43001U 17069A   23212.24118286 -.00000016  00000+0  00000+0 0  9999
2 43001  55.8158  97.9999 0009227 302.5360  57.4395  1.86231388 39019
BEIDOU-3 M2             
1 43002U 17069B   23214.32565960 -.00000008  00000+0  00000+0 0  9997
2 43002  55.8168  97.9658 0007571 330.1171  29.9142  1.86231056 39049
GSAT0215 (GALILEO 19)   
1 43055U 17079A   23215.20554664  .00000048  00000+0  00000+0 0  9996
2 43055  55.5014 250.3838 0003415 260.5009  99.5373  1.70474347 35105
GSAT0216 (GALILEO 20)   
1 43056U 17079B   23213.73775815  .00000061  00000+0  00000+0 0  9991
2 43056  55.5022 250.4242 0005025 270.2614  89.7689  1.70474489 35067
GSAT0217 (GALILEO 21)   
1 43057U 17079C   23213.95809936  .00000059  00000+0  00000+0 0  9995
2 43057  55.5005 250.4173 0004659 282.4487  77.5856  1.70474299 35089
GSAT0218 (GALILEO 22)   
1 43058U 17079D   23212.41841644  .00000069  00000+0  00000+0 0  9999
2 43058  55.5014 250.4573 0006091 269.2394  90.7849  1.70474318 35054
BEIDOU-3 M7             
1 43107U 18003A   23213.53966759 -.00000086  00000+0  00000+0 0  9991
2 43107  55.1388 338.6422 0004388  77.1392 282.9151  1.86232346 37796
BEIDOU-3 M8             
1 43108U 18003B   23214.01444544 -.00000087  00000+0  00000+0 0  9990
2 43108  55.1315 338.6131 0003137 239.0419 120.9335  1.86230795 37807
BEIDOU-3 M4             
1 43207U 18018A   23213.92005505 -.00000008  00000+0  00000+0 0  9998
2 43207  55.7759  98.0436 0005659   0.1262 359.9468  1.86231298 37185
BEIDOU-3 M3             
1 43208U 18018B   23213.98668801 -.00000008  00000+0  00000+0 0  9999
2 43208  55.7754  98.0458 0007191 317.2270  42.7901  1.86231147 37181
BEIDOU-3 M9             
1 43245U 18029A   23214.74660736 -.00000087  00000+0  00000+0 0  9993
2 43245  55.0336 336.3377 0000937 175.3467 184.6640  1.86232264 36356
BEIDOU-3 M10            
1 43246U 18029B   23213.60279585 -.00000084  00000+0  00000+0 0  9993
2 43246  55.0315 336.4058 0002997  12.6278 347.3872  1.86232801 36321
IRNSS-1I                
1 43286U 18035A   23213.24005269  .00000067  00000+0  00000+0 0  9990
2 43286  29.1708  90.7426 0019111 180.0416 180.2694  1.00270929 19531
COSMOS 2527             
1 43508U 18053A   23213.41078406  .00000009  00000+0  00000+0 0  9995
2 43508  65.0799 109.0884 0007674 229.4526 130.5404  2.13102349 39882
BEIDOU-2 IGSO-7         
1 43539U 18057A   23211.84972152 -.00000120  00000+0  00000+0 0  9994
2 43539  55.1227 172.1697 0065017 231.9286 321.3775  1.00294304 18607
GSAT0221 (GALILEO 25)   
1 43564U 18060A   23212.31795902 -.00000071  00000+0  00000+0 0  9990
2 43564  57.2808  10.1426 0001605 264.6562  95.3333  1.70475803 31242
GSAT0222 (GALILEO 26)   
1 43565U 18060B   23214.29574208 -.00000080  00000+0  00000+0 0  9994
2 43565  57.2836  10.0899 0002436 213.2483 146.7376  1.70475537 31312
GSAT0219 (GALILEO 23)   
1 43566U 18060C   23215.10470083 -.00000083  00000+0  00000+0 0  9995
2 43566  57.2843  10.0706 0000785 282.9440  77.0466  1.70475805 31302
GSAT0220 (GALILEO 24)   
1 43567U 18060D   23213.56534720 -.00000077  00000+0  00000+0 0  9996
2 43567  57.2833  10.1125 0000953 263.8186  96.1739  1.70475429 31251
BEIDOU-3 M5             
1 43581U 18062A   23214.36020435  .00000064  00000+0  00000+0 0  9991
2 43581  54.1835 218.0373 0005766 273.6509  86.2989  1.86231765 34085
BEIDOU-3 M6             
1 43582U 18062B   23212.61489232  .00000087  00000+0  00000+0 0  9997
2 43582  54.1832 218.0864 0004576 346.3580  13.6598  1.86229535 34052
BEIDOU-3 M12            
1 43602U 18067A   23214.16235374  .00000066  00000+0  00000+0 0  9990
2 43602  54.2703 216.6857 0006660   9.2135 350.8131  1.86231554 33564
BEIDOU-3 M11            
1 43603U 18067B   23214.29616744  .00000065  00000+0  00000+0 0  9998
2 43603  54.2675 216.6469 0003891 350.6756   9.3303  1.86231483 33598
BEIDOU-3 M13            
1 43622U 18072A   23214.25477919 -.00000008  00000+0  00000+0 0  9998
2 43622  55.7456  97.5735 0005773 302.1417  57.8769  1.86231600 33103
BEIDOU-3 M14            
1 43623U 18072B   23215.19414265 -.00000009  00000+0  00000+0 0  9999
2 43623  55.7480  97.5345 0004195 337.5649  22.4935  1.86231609 33128
BEIDOU-3 M16            
1 43647U 18078A   23215.35571534 -.00000090  00000+0  00000+0 0  9992
2 43647  54.9292 336.4420 0006310  16.1186 343.9122  1.86227145 32636
BEIDOU-3 M15            
1 43648U 18078B   23213.87633452 -.00000085  00000+0  00000+0 0  9990
2 43648  54.9258 336.4969 0003458  34.6285 325.4019  1.86232125 32625
BEIDOU-3 G1             
1 43683U 18085A   23215.40728876 -.00000290  00000+0  00000+0 0  9991
2 43683   1.4469 126.6453 0003340 345.7865 125.9034  1.00267123 17537
COSMOS 2529             
1 43687U 18086A   23214.44871089  .00000076  00000+0  00000+0 0  9995
2 43687  64.3175 228.1408 0011814 261.1721  98.7404  2.13102062 36914
BEIDOU-3 M17            
1 43706U 18093A   23215.09855752  .00000059  00000+0  00000+0 0  9997
2 43706  54.2658 217.9268 0010794 276.6833  83.2039  1.86231845 31987
BEIDOU-3 M18            
1 43707U 18093B   23214.42719059  .00000064  00000+0  00000+0 0  9999
2 43707  54.2665 217.9413 0008756 299.7727  60.1552  1.86229652 31988
NAVSTAR 77 (USA 289)    
1 43873U 18109A   23214.12375122  .00000002  00000+0  00000+0 0  9999
2 43873  55.1845 133.6785 0025121 192.6826 251.7873  2.00567188 33964
BEIDOU-3 IGSO-1         
1 44204U 19023A   23215.35010920 -.00000204  00000+0  00000+0 0  9997
2 44204  57.1697  48.5782 0022835 193.5910 313.9716  1.00291720 15843
BEIDOU-2 G8             
1 44231U 19027A   23215.46729834 -.00000259  00000+0  00000+0 0  9994
2 44231   1.8762  81.2473 0005657 122.2352  61.0525  1.00270889 15555
COSMOS 2534             
1 44299U 19030A   23215.31986366  .00000067  00000+0  00000+0 0  9997
2 44299  64.3900 228.0346 0013851 279.8815 162.6525  2.13101953 32585
BEIDOU-3 IGSO-2         
1 44337U 19035A   23215.26010031 -.00000148  00000+0  00000+0 0  9997
2 44337  55.1549 168.0743 0033371 198.2586 157.9644  1.00284287 15179
NAVSTAR 78 (USA 293)    
1 44506U 19056A   23213.58910941 -.00000074  00000+0  00000+0 0  9998
2 44506  55.8153  12.7758 0035483 183.3913 135.2018  2.00564807 28999
BEIDOU-3 M24            
1 44542U 19061A   23215.03611126  .00000060  00000+0  00000+0 0  9993
2 44542  54.4931 218.1525 0008172 333.4863  26.4831  1.86231345 26251
BEIDOU-3 M23            
1 44543U 19061B   23215.31755712  .00000058  00000+0  00000+0 0  9992
2 44543  54.4914 218.1120 0005888 314.6568 145.8599  1.86231572 26257
BEIDOU-3 IGSO-3         
1 44709U 19073A   23213.62173315 -.00000169  00000+0  00000+0 0  9998
2 44709  56.5892 292.1077 0034984 187.9726 172.0824  1.00292487 13907
BEIDOU-3 M22            
1 44793U 19078A   23215.41826394 -.00000090  00000+0  00000+0 0  9990
2 44793  54.7778 336.4109 0005296  25.6907 334.3466  1.86232110 25127
BEIDOU-3 M21            
1 44794U 19078B   23213.93805802 -.00000086  00000+0  00000+0 0  9992
2 44794  54.7523 336.4449 0003180  23.4268 336.5959  1.86232533 25095
COSMOS 2544             
1 44850U 19088A   23214.29300320  .00000013  00000+0  00000+0 0  9990
2 44850  65.0662 108.9023 0012263 257.1554 102.7719  2.13102132 28321
BEIDOU-3 M19            
1 44864U 19090A   23214.47006156 -.00000008  00000+0  00000+0 0  9993
2 44864  55.6800  97.7548 0016449 277.6990 272.8813  1.86231613 24677
BEIDOU-3 M20            
1 44865U 19090B   23215.43666145 -.00000010  00000+0  00000+0 0  9994
2 44865  55.6828  97.7550 0014465 292.2681 276.1618  1.86231569 24677
BEIDOU-3 G2             
1 45344U 20017A   23215.39534719 -.00000150  00000+0  00000+0 0  9999
2 45344   2.0302  14.5256 0003514 130.9913  28.5192  1.00269501 12757
COSMOS 2545             
1 45358U 20018A   23214.48976016 -.00000067  00000+0  00000+0 0  9991
2 45358  64.8542 349.0613 0008441 235.0022 124.9193  2.13102475 26296
BEIDOU-3 G3             
1 45807U 20040A   23215.40144873 -.00000363  00000+0  00000+0 0  9995
2 45807   0.6467 337.4959 0004942  11.8012 217.3862  1.00266449 11565
NAVSTAR 79 (USA 304)    
1 45854U 20041A   23214.01576039 -.00000021  00000+0  00000+0 0  9998
2 45854  55.8525  70.0393 0034643 185.8092  24.3278  2.00564184 22968
GALAXY 30 (G-30)        
1 46114U 20056C   23214.70949413  .00000028  00000+0  00000+0 0  9996
2 46114   0.0140  73.8580 0002252  61.4635 306.1205  1.00271708 10880
COSMOS 2547             
1 46805U 20075A   23215.14829604  .00000069  00000+0  00000+0 0  9997
2 46805  64.6172 227.5869 0008835 243.6913 116.2584  2.13102982 21550
NAVSTAR 80 (USA 309)    
1 46826U 20078A   23213.48580046  .00000057  00000+0  00000+0 0  9999
2 46826  54.3274 253.4408 0034889 194.0177 328.8847  2.00562607 20426
NAVSTAR 81 (USA 319)    
1 48859U 21054A   23213.51895972 -.00000073  00000+0  00000+0 0  9992
2 48859  55.3319  14.5804 0010817 208.2730 159.6692  2.00575362 15670
QZS-1R                  
1 49336U 21096A   23213.58052927 -.00000289  00000+0  00000+0 0  9990
2 49336  35.2818  95.4364 0759452 272.1781 282.3788  1.00240773  6474
GSAT0223 (GALILEO 27)   
1 49809U 21116A   23212.81076728 -.00000073  00000+0  00000+0 0  9999
2 49809  57.2749  10.0292 0002896 150.4398 196.7081  1.70475625 10252
GSAT0224 (GALILEO 28)   
1 49810U 21116B   23214.41004375 -.00000080  00000+0  00000+0 0  9996
2 49810  57.2757   9.9839 0002550 148.6843 212.4497  1.70475612 10307
COSMOS 2557             
1 52984U 22075A   23213.43347383 -.00000065  00000+0  00000+0 0  9990
2 52984  64.7699 351.2607 0010840 278.4817  81.3953  2.13102151  8301
COSMOS 2559             
1 54031U 22130A   23214.31385304 -.00000066  00000+0  00000+0 0  9991
2 54031  64.7408 351.3588 0006216 211.6294 148.3333  2.13101331  6317
COSMOS 2564             
1 54377U 22161A   23213.56880319  .00000087  00000+0  00000+0 0  9992
2 54377  64.7579 227.6870 0011309 226.5773 133.3805  2.13102134  5245
NAVSTAR 82 (USA 343)    
1 55268U 23009A   23213.69395876  .00000046  00000+0  00000+0 0  9992
2 55268  55.0935 189.7326 0004107  95.2906  82.4115  2.00557737  4162
BEIDOU-3 G4             
1 56564U 23066A   23215.47703448 -.00000122  00000+0  00000+0 0  9997
2 56564   2.9227 288.9471 0007412 202.0619 152.4307  1.00269571   882
IRNSS-1J (NVS-01)       
1 56759U 23076A   23211.89076466 -.00000330  00000+0  00000+0 0  9990
2 56759   4.8303 272.7361 0004172 329.8538 155.7737  1.00263079   656
