NAVSTAR 43 (USA 132)    
1 24876U 97035A   23222.16891405 -.00000045  00000+0  00000+0 0  9994
2 24876  55.5827 139.3282 0071370  51.7491 308.8955  2.00563930190853
NAVSTAR 47 (USA 150)    
1 26360U 00025A   23223.32621697 -.00000058  00000+0  00000+0 0  9994
2 26360  54.4110  61.5855 0041223 198.4986   6.1004  2.00572467170384
NAVSTAR 51 (USA 166)    
1 27663U 03005A   23221.08304163  .00000037  00000+0  00000+0 0  9995
2 27663  55.2582 256.4555 0131348  44.6254 320.4184  2.00567526150382
NAVSTAR 52 (USA 168)    
1 27704U 03010A   23221.79542447 -.00000105  00000+0  00000+0 0  9991
2 27704  55.1149   6.4008 0248249 318.1666  58.9495  2.00573707149190
NAVSTAR 54 (USA 177)    
1 28190U 04009A   23222.37635838 -.00000095  00000+0  00000+0 0  9990
2 28190  55.7101 317.4617 0093111 137.4021 237.9157  2.00568045142082
NAVSTAR 56 (USA 180)    
1 28474U 04045A   23221.75373080 -.00000104  00000+0  00000+0 0  9995
2 28474  55.4419   6.7151 0161628 281.9164  58.2103  2.00579026137517
ANIK F1R                
1 28868U 05036A   23223.47349434 -.00000083  00000+0  00000+0 0  9996
2 28868   1.6272  89.3699 0002418  44.6094 248.8324  1.00272459 65729
NAVSTAR 57 (USA 183)    
1 28874U 05038A   23221.31950242 -.00000093  00000+0  00000+0 0  9992
2 28874  55.7627 314.9550 0138855 279.2140  73.6923  2.00577201130913
INMARSAT 4-F2           
1 28899U 05044A   23223.20371568  .00000002  00000+0  00000+0 0  9993
2 28899   3.8472  40.6262 0002545 113.1228 302.8899  1.00270641 65063
NAVSTAR 58 (USA 190)    
1 29486U 06042A   23222.01405299  .00000052  00000+0  00000+0 0  9997
2 29486  54.6875 192.6587 0102576  31.2420   5.2326  2.00571306123645
NAVSTAR 59 (USA 192)    
1 29601U 06052A   23221.38509903  .00000042  00000+0  00000+0 0  9992
2 29601  55.2783 255.4011 0084242  79.2811 281.7284  2.00576296122538
NAVSTAR 60 (USA 196)    
1 32260U 07047A   23222.19562929 -.00000060  00000+0  00000+0 0  9990
2 32260  53.4545 123.1837 0150354  69.9703 291.6702  2.00552687115939
COSMOS 2433             
1 32275U 07052A   23222.16174106 -.00000093  00000+0  00000+0 0  9991
2 32275  66.0292 350.7710 0002849 205.9096 154.0794  2.13104159122891
COSMOS 2432             
1 32276U 07052B   23221.74650650 -.00000091  00000+0  00000+0 0  9996
2 32276  66.0436 350.8930 0007839 328.4080  20.1716  2.13103280122874
NAVSTAR 61 (USA 199)    
1 32384U 07062A   23220.46130201 -.00000094  00000+0  00000+0 0  9993
2 32384  55.8947 315.8061 0024994 148.1487 169.5326  2.00557383114635
COSMOS 2434             
1 32393U 07065A   23222.36480465  .00000096  00000+0  00000+0 0  9998
2 32393  64.3382 227.1546 0000280 199.4515 207.4086  2.13103137121607
COSMOS 2436             
1 32395U 07065C   23220.30455101  .00000088  00000+0  00000+0 0  9992
2 32395  64.3469 227.2861 0015456 351.2143  50.6263  2.13102866121492
NAVSTAR 62 (USA 201)    
1 32711U 08012A   23223.10747437  .00000034  00000+0  00000+0 0  9995
2 32711  54.4543 191.4521 0177277 235.6538 122.6343  2.00556619112871
NAVSTAR 64 (USA 206)    
1 35752U 09043A   23222.83158692 -.00000056  00000+0  00000+0 0  9991
2 35752  55.4118  68.6961 0058519  68.0653 109.4002  2.00559367102455
COSMOS 2456             
1 36111U 09070A   23221.39285657 -.00000047  00000+0  00000+0 0  9993
2 36111  64.4798 106.6978 0003116 324.6365 216.1337  2.13099247106242
COSMOS 2457             
1 36112U 09070B   23222.66138736 -.00000046  00000+0  00000+0 0  9999
2 36112  64.4644 106.5201 0004810 152.5107  52.0131  2.13101430106275
COSMOS 2460             
1 36402U 10007C   23223.03164663 -.00000097  00000+0  00000+0 0  9999
2 36402  65.8918 349.4618 0001703 133.4955 343.1948  2.13106364104632
NAVSTAR 65 (USA 213)    
1 36585U 10022A   23219.69261681  .00000035  00000+0  00000+0 0  9994
2 36585  54.5771 250.7038 0108644  59.6988 127.4611  2.00560527 96634
BEIDOU-2 IGSO-1         
1 36828U 10036A   23222.78286181 -.00000127  00000+0  00000+0 0  9998
2 36828  54.2381 172.3935 0036937 190.4696 346.5288  1.00260730 47786
QZS-1 (MICHIBIKI-1)     
1 37158U 10045A   23222.34988505 -.00000050  00000+0  00000+0 0  9991
2 37158  42.7890 127.7215 0037811 277.0061 305.2836  0.88387227 47265
BEIDOU-2 G4             
1 37210U 10057A   23223.52410368 -.00000121  00000+0  00000+0 0  9990
2 37210   1.1248  59.7293 0005038 146.9396 101.6351  1.00272670 46855
BEIDOU-2 IGSO-2         
1 37256U 10068A   23221.11646543 -.00000193  00000+0  00000+0 0  9990
2 37256  49.4536 284.6223 0032353 210.3516 331.0061  1.00292581 46324
BEIDOU-2 IGSO-3         
1 37384U 11013A   23223.36419139 -.00000165  00000+0  00000+0 0  9990
2 37384  60.9040  50.1249 0027207 173.3399 334.4987  1.00288207 45230
GSAT-8                  
1 37605U 11022A   23222.77196619  .00000078  00000+0  00000+0 0  9997
2 37605   0.0170 108.0241 0003743 143.3771  40.5187  1.00271264 44792
NAVSTAR 66 (USA 232)    
1 37753U 11036A   23220.32124156 -.00000093  00000+0  00000+0 0  9990
2 37753  56.7395  12.5133 0127297  56.1032 310.5169  2.00568283 88333
BEIDOU-2 IGSO-4         
1 37763U 11038A   23223.21599948 -.00000094  00000+0  00000+0 0  9990
2 37763  54.5122 174.9282 0112254 228.4612  89.1035  1.00279195 44200
GSAT0101 (GALILEO-PFM)  
1 37846U 11060A   23222.66020896 -.00000100  00000+0  00000+0 0  9994
2 37846  57.1061   9.9658 0002586  69.7206 290.3068  1.70476017 73492
GSAT0102 (GALILEO-FM2)  
1 37847U 11060B   23220.80154426 -.00000098  00000+0  00000+0 0  9992
2 37847  57.1068  10.0162 0001780  18.0796 327.5739  1.70475334 73454
COSMOS 2476             
1 37867U 11064A   23223.38440089 -.00000042  00000+0  00000+0 0  9996
2 37867  64.7610 108.1473 0021516 234.9578 302.7489  2.13101797 91637
COSMOS 2477             
1 37868U 11064B   23221.30969587 -.00000046  00000+0  00000+0 0  9990
2 37868  64.7676 108.2871 0018793 235.9326 328.0285  2.13101674 91547
COSMOS 2475             
1 37869U 11064C   23223.25881736 -.00000043  00000+0  00000+0 0  9993
2 37869  64.7755 108.2329 0023154 253.0523 324.6508  2.13102105 91596
BEIDOU-2 IGSO-5         
1 37948U 11073A   23222.63729925 -.00000139  00000+0  00000+0 0  9999
2 37948  49.5760 284.2707 0094802 219.7131 140.2298  1.00278696 42956
LUCH-5A                 
1 37951U 11074B   23223.52802190 -.00000060  00000+0  00000+0 0  9992
2 37951   6.0827  90.1121 0005006  45.5207 181.0996  1.00272660 42754
BEIDOU-2 G5             
1 38091U 12008A   23223.16716059  .00000048  00000+0  00000+0 0  9999
2 38091   1.6534  68.0236 0001484 188.1531 182.0876  1.00275989 42044
BEIDOU-2 M3             
1 38250U 12018A   23221.96140210 -.00000122  00000+0  00000+0 0  9997
2 38250  56.5256 339.7160 0022317 255.0082 104.7522  1.86231168 76870
BEIDOU-2 M4             
1 38251U 12018B   23223.50380549 -.00000123  00000+0  00000+0 0  9992
2 38251  56.4358 338.9598 0013264 254.4698 105.3915  1.86231934 76904
SES-5                   
1 38652U 12036A   23223.04869383  .00000027  00000+0  00000+0 0  9996
2 38652   0.0526 287.6305 0001841 211.4367 202.6737  1.00273137 40621
BEIDOU-2 M6             
1 38775U 12050B   23222.13994267 -.00000067  00000+0  00000+0 0  9992
2 38775  55.6716  97.6125 0012551 337.7946  22.2154  1.86231302 74255
GSAT-10                 
1 38779U 12051B   23222.73868812 -.00000173  00000+0  00000+0 0  9997
2 38779   0.0596 270.9832 0001384 358.7753  38.1238  1.00275315 39844
NAVSTAR 67 (USA 239)    
1 38833U 12053A   23221.79030088  .00000041  00000+0  00000+0 0  9994
2 38833  53.5151 186.2362 0140336  51.4605 309.7633  2.00566772 79421
GSAT0103 (GALILEO-FM3)  
1 38857U 12055A   23220.93950685 -.00000036  00000+0  00000+0 0  9996
2 38857  55.2733 130.2193 0003647 273.0419  86.9346  1.70473679 67365
GSAT0104 (GALILEO-FM4)  
1 38858U 12055B   23222.08216883 -.00000043  00000+0  00000+0 0  9998
2 38858  55.2737 130.1893 0000971 280.4534  79.5514  1.70473967 67357
BEIDOU-2 G6             
1 38953U 12059A   23223.42275049 -.00000185  00000+0  00000+0 0  9993
2 38953   1.7659  82.0399 0008409 315.2464 158.5555  1.00276058 39617
LUCH-5B                 
1 38977U 12061A   23222.82940781 -.00000147  00000+0  00000+0 0  9995
2 38977   8.2017  59.3362 0005671  96.6005  85.3838  1.00273060 39733
COSMOS 2485             
1 39155U 13019A   23221.21768573 -.00000046  00000+0  00000+0 0  9995
2 39155  64.9209 108.7390 0022005 231.0588 128.8028  2.13101981 80057
NAVSTAR 68 (USA 242)    
1 39166U 13023A   23222.64909078 -.00000083  00000+0  00000+0 0  9998
2 39166  55.3772 311.1076 0114025  41.7852 319.1198  2.00564361 74982
IRNSS-1A                
1 39199U 13034A   23222.84088216  .00000054  00000+0  00000+0 0  9997
2 39199  33.3667  79.0577 0019399 176.6028  61.0941  1.00272151 37209
NAVSTAR 69 (USA 248)    
1 39533U 14008A   23223.14486255  .00000033  00000+0  00000+0 0  9997
2 39533  53.6023 191.7353 0067272 215.7591 143.7657  2.00550402 69351
ASTRA 5B                
1 39617U 14011B   23223.05235476  .00000130  00000+0  00000+0 0  9999
2 39617   0.0736 296.9283 0002890 233.9942 190.6779  1.00268861 34439
COSMOS 2492             
1 39620U 14012A   23223.05018265 -.00000097  00000+0  00000+0 0  9992
2 39620  65.7756 349.0831 0010871 322.0940  37.8322  2.13103191 73054
IRNSS-1B                
1 39635U 14017A   23222.19844455  .00000126  00000+0  00000+0 0  9997
2 39635  28.7545 258.0891 0020696 191.7668 355.0758  1.00274189 34331
LUCH-5V                 
1 39727U 14023A   23223.06656263 -.00000278  00000+0  00000+0 0  9990
2 39727   2.5137  77.3954 0003051 113.2185 247.3563  1.00271347552077
NAVSTAR 70 (USA 251)    
1 39741U 14026A   23220.93392535 -.00000095  00000+0  00000+0 0  9998
2 39741  56.6933  12.0120 0028563 312.2297  47.5358  2.00559082 67606
COSMOS 2500             
1 40001U 14032A   23221.35678360 -.00000091  00000+0  00000+0 0  9992
2 40001  65.7144 348.9692 0007376 190.4861 169.5036  2.13105886 71234
NAVSTAR 71 (USA 256)    
1 40105U 14045A   23223.01469876 -.00000059  00000+0  00000+0 0  9990
2 40105  54.8050 130.0446 0023836 112.9355 247.3354  2.00576129 66080
GSAT0201 (GALILEO 5)    
1 40128U 14050A   23218.23725283 -.00000104  00000+0  00000+0 0  9997
2 40128  49.9615 315.7317 1610143 139.2673 233.9791  1.85518998 60852
GSAT0202 (GALILEO 6)    
1 40129U 14050B   23222.26969763 -.00000110  00000+0  00000+0 0  9996
2 40129  49.9772 314.6415 1607746 140.2352 232.7501  1.85519852 61122
IRNSS-1C                
1 40269U 14061A   23223.35092670 -.00000172  00000+0  00000+0 0  9996
2 40269   3.9070 113.4615 0020850  14.2078  41.2017  1.00269815 32394
NAVSTAR 72 (USA 258)    
1 40294U 14068A   23221.89544301 -.00000059  00000+0  00000+0 0  9995
2 40294  56.1544  71.4577 0048828  60.8675 299.6877  2.00570069 64286
COSMOS 2501             
1 40315U 14075A   23221.13720414  .00000092  00000+0  00000+0 0  9991
2 40315  63.6419 226.5734 0020234 211.6924 148.2172  2.13101404 67621
NAVSTAR 73 (USA 260)    
1 40534U 15013A   23221.53120230  .00000055  00000+0  00000+0 0  9990
2 40534  53.4751 247.3602 0079323  25.0441 335.3927  2.00556248 61334
GSAT0203 (GALILEO 7)    
1 40544U 15017A   23221.26655978 -.00000099  00000+0  00000+0 0  9996
2 40544  56.9015   9.9801 0002250 217.8452 142.1396  1.70476117 52085
GSAT0204 (GALILEO 8)    
1 40545U 15017B   23221.52011354 -.00000099  00000+0  00000+0 0  9990
2 40545  56.9075   9.9873 0002712 196.9853 163.0061  1.70475695 52098
IRNSS-1D                
1 40547U 15018A   23222.03174510 -.00000261  00000+0  00000+0 0  9995
2 40547  28.1229 258.0662 0020747 190.6942 352.7121  1.00275265 30794
BEIDOU-3S IGSO-1S       
1 40549U 15019A   23222.70818230 -.00000184  00000+0  00000+0 0  9990
2 40549  51.1431 307.8612 0040739 194.5179 166.7277  1.00261690 30649
NAVSTAR 74 (USA 262)    
1 40730U 15033A   23223.18844049 -.00000078  00000+0  00000+0 0  9990
2 40730  54.8654 309.7118 0084608  14.0661 346.2119  2.00556601 59130
BEIDOU-3S M2S           
1 40748U 15037A   23218.87425077 -.00000109  00000+0  00000+0 0  9994
2 40748  55.6796 337.7306 0010043 238.4037 121.5106  1.86233073 54656
BEIDOU-3S M1S           
1 40749U 15037B   23223.43990065 -.00000123  00000+0  00000+0 0  9993
2 40749  55.6799 337.5624 0002437 319.4569  40.5340  1.86232998 54733
GSAT0205 (GALILEO 9)    
1 40889U 15045A   23221.28807773  .00000047  00000+0  00000+0 0  9995
2 40889  55.3760 250.4165 0003128 358.6158   1.4436  1.70473631 49238
GSAT0206 (GALILEO 10)   
1 40890U 15045B   23220.92218374  .00000045  00000+0  00000+0 0  9998
2 40890  55.3756 250.4221 0002027 320.1833  39.8609  1.70473629 49255
BEIDOU-3S IGSO-2S       
1 40938U 15053A   23221.58669471 -.00000106  00000+0  00000+0 0  9990
2 40938  50.8463 271.0433 0048121 193.4305 159.4776  1.00289146 28890
NAVSTAR 75 (USA 265)    
1 41019U 15062A   23222.24467765 -.00000057  00000+0  00000+0 0  9992
2 41019  56.1386  71.2936 0088104 221.1071 138.2915  2.00562315 56935
GSAT-15                 
1 41028U 15065A   23223.06630113 -.00000265  00000+0  00000+0 0  9996
2 41028   0.1182 271.7507 0002118 185.6643 339.2109  1.00272019 28428
GSAT0209 (GALILEO 12)   
1 41174U 15079A   23221.68039261 -.00000041  00000+0  00000+0 0  9998
2 41174  55.2911 129.9056 0003824 321.8426  38.1473  1.70473903 47581
GSAT0208 (GALILEO 11)   
1 41175U 15079B   23222.48657878 -.00000044  00000+0  00000+0 0  9991
2 41175  55.2898 129.8815 0003143 324.6099  35.3853  1.70473872 47596
IRNSS-1E                
1 41241U 16003A   23221.70425080 -.00000322  00000+0  00000+0 0  9994
2 41241  30.9171  78.1858 0019204 174.0922  70.9963  1.00277092 27745
NAVSTAR 76 (USA 266)    
1 41328U 16007A   23221.83799442 -.00000051  00000+0  00000+0 0  9993
2 41328  55.0099 130.8640 0071596 234.7458 124.6017  2.00551511 54977
COSMOS 2514             
1 41330U 16008A   23222.52613885 -.00000096  00000+0  00000+0 0  9999
2 41330  65.5114 348.5176 0010950 202.8277 157.1276  2.13102696 58420
IRNSS-1F                
1 41384U 16015A   23222.32966243  .00000150  00000+0  00000+0 0  9993
2 41384   2.8829 131.0374 0018055 180.7585 157.9718  1.00275790 27214
BEIDOU-2 IGSO-6         
1 41434U 16021A   23223.34807806 -.00000144  00000+0  00000+0 0  9992
2 41434  58.7170  48.5070 0046317 217.9680 273.9974  1.00288018 27046
IRNSS-1G                
1 41469U 16027A   23223.43178588 -.00000344  00000+0  00000+0 0  9996
2 41469   2.7784 132.7213 0004108 347.8257 124.0746  1.00275841 26732
GSAT0211 (GALILEO 14)   
1 41549U 16030A   23217.32835225  .00000036  00000+0  00000+0 0  9995
2 41549  55.5242 250.4987 0003425 305.9128  54.1171  1.70473751 44805
GSAT0210 (GALILEO 13)   
1 41550U 16030B   23221.72599700  .00000049  00000+0  00000+0 0  9995
2 41550  55.5214 250.3785 0004097 270.0689  89.9460  1.70473783 44870
COSMOS 2516             
1 41554U 16032A   23222.17234304  .00000095  00000+0  00000+0 0  9998
2 41554  63.8682 226.9309 0015531 214.8208 145.1116  2.13106475 56026
BEIDOU-2 G7             
1 41586U 16037A   23222.71132024 -.00000362  00000+0  00000+0 0  9992
2 41586   1.8133  68.1109 0007281 349.2904 268.1439  1.00271101 26347
EUTELSAT 117 WEST B     
1 41589U 16038B   23223.31109236 -.00000019  00000+0  00000+0 0  9991
2 41589   0.0259 108.8674 0000283   4.4633 201.1683  1.00272679 26263
GSAT0207 (GALILEO 15)   
1 41859U 16069A   23223.14742137 -.00000045  00000+0  00000+0 0  9998
2 41859  54.9541 129.9430 0003815 305.4455  54.5347  1.70473898 41873
GSAT0212 (GALILEO 16)   
1 41860U 16069B   23222.41552879 -.00000044  00000+0  00000+0 0  9990
2 41860  54.9514 129.9603 0002854 339.5305  20.4737  1.70474066 41896
GSAT0213 (GALILEO 17)   
1 41861U 16069C   23220.43505909 -.00000033  00000+0  00000+0 0  9991
2 41861  54.9533 130.0213 0003759 281.4360  78.5416  1.70472718 41855
GSAT0214 (GALILEO 18)   
1 41862U 16069D   23222.34201918 -.00000044  00000+0  00000+0 0  9999
2 41862  54.9519 129.9624 0003168 287.1999  72.7812  1.70472640 41881
SES-15                  
1 42709U 17026A   23223.02199593  .00000053  00000+0  00000+0 0  9994
2 42709   0.0175  39.1444 0000256 154.5762   4.2607  1.00268760 23740
QZS-2 (MICHIBIKI-2)     
1 42738U 17028A   23223.41008578 -.00000126  00000+0  00000+0 0  9995
2 42738  41.0812 258.2084 0754940 269.7769  80.8864  1.00271217 22702
QZS-3 (MICHIBIKI-3)     
1 42917U 17048A   23223.00107638 -.00000355  00000+0  00000+0 0  9992
2 42917   0.0599 168.4395 0002455 349.1725 288.9803  1.00275009 21927
COSMOS 2522             
1 42939U 17055A   23222.36811905  .00000096  00000+0  00000+0 0  9992
2 42939  64.1023 227.4421 0010205 242.9299 117.0012  2.13101999 45772
QZS-4 (MICHIBIKI-4)     
1 42965U 17062A   23222.24424293 -.00000360  00000+0  00000+0 0  9991
2 42965  40.6456 356.7636 0747046 268.8549 279.3925  1.00288067 21359
BEIDOU-3 M1             
1 43001U 17069A   23222.98022627 -.00000063  00000+0  00000+0 0  9996
2 43001  55.8236  97.6395 0008756 303.9700  56.0133  1.86231725 39214
BEIDOU-3 M2             
1 43002U 17069B   23222.91689529 -.00000063  00000+0  00000+0 0  9990
2 43002  55.8229  97.6782 0007232 331.7710  28.2561  1.86231234 39205
GSAT0215 (GALILEO 19)   
1 43055U 17079A   23221.65793053  .00000049  00000+0  00000+0 0  9990
2 43055  55.4986 250.2056 0003716 264.6984  95.3206  1.70474345 35213
GSAT0216 (GALILEO 20)   
1 43056U 17079B   23220.77669899  .00000045  00000+0  00000+0 0  9999
2 43056  55.4990 250.2296 0005187 270.9574  89.0417  1.70474485 35189
GSAT0217 (GALILEO 21)   
1 43057U 17079C   23222.75680258  .00000053  00000+0  00000+0 0  9991
2 43057  55.4966 250.1743 0004556 281.6328  78.3811  1.70474498 35233
GSAT0218 (GALILEO 22)   
1 43058U 17079D   23220.04392863  .00000042  00000+0  00000+0 0  9992
2 43058  55.4956 250.2466 0005641 270.1614  89.8307  1.70474393 35188
BEIDOU-3 M7             
1 43107U 18003A   23222.13087121 -.00000124  00000+0  00000+0 0  9997
2 43107  55.1336 338.3480 0004139  78.1158 281.9392  1.86232532 37956
BEIDOU-3 M8             
1 43108U 18003B   23222.60571857 -.00000124  00000+0  00000+0 0  9994
2 43108  55.1263 338.3189 0003366 239.6019 120.3734  1.86230989 37964
BEIDOU-3 M4             
1 43207U 18018A   23220.36346996 -.00000061  00000+0  00000+0 0  9995
2 43207  55.7807  97.8269 0005622   3.5261 356.5421  1.86231530 37301
BEIDOU-3 M3             
1 43208U 18018B   23223.11487289 -.00000062  00000+0  00000+0 0  9994
2 43208  55.7821  97.7393 0006819 319.7169  40.2994  1.86231509 37356
BEIDOU-3 M9             
1 43245U 18029A   23222.80085103 -.00000123  00000+0  00000+0 0  9999
2 43245  55.0281 336.0608 0001089 189.4831 170.5254  1.86232785 36509
BEIDOU-3 M10            
1 43246U 18029B   23221.65702604 -.00000122  00000+0  00000+0 0  9993
2 43246  55.0263 336.1292 0002870   9.4299 350.5864  1.86232957 36472
IRNSS-1I                
1 43286U 18035A   23222.70042465  .00000060  00000+0  00000+0 0  9993
2 43286  29.1943  90.5863 0019244 177.4953 358.0137  1.00274694 19628
COSMOS 2527             
1 43508U 18053A   23221.38819705 -.00000046  00000+0  00000+0 0  9997
2 43508  65.0822 108.8205 0007535 227.0587 132.9359  2.13102427 40053
BEIDOU-2 IGSO-7         
1 43539U 18057A   23222.73024897 -.00000131  00000+0  00000+0 0  9990
2 43539  55.1227 172.0742 0064976 231.8488 290.0056  1.00291279 18717
GSAT0221 (GALILEO 25)   
1 43564U 18060A   23222.87646512 -.00000100  00000+0  00000+0 0  9997
2 43564  57.2827   9.8584 0001919 256.7643 103.2134  1.70476069 31426
GSAT0222 (GALILEO 26)   
1 43565U 18060B   23221.33476341 -.00000098  00000+0  00000+0 0  9995
2 43565  57.2856   9.9007 0002440 200.0201 159.9707  1.70475806 31435
GSAT0219 (GALILEO 23)   
1 43566U 18060C   23222.73029689 -.00000100  00000+0  00000+0 0  9994
2 43566  57.2855   9.8654 0000974 270.7940  89.1942  1.70476083 31439
GSAT0220 (GALILEO 24)   
1 43567U 18060D   23221.19095171 -.00000098  00000+0  00000+0 0  9999
2 43567  57.2847   9.9064 0001218 259.2118 100.7748  1.70475838 31383
BEIDOU-3 M5             
1 43581U 18062A   23222.41440131  .00000082  00000+0  00000+0 0  9995
2 43581  54.1825 217.7619 0005740 274.8032  85.1409  1.86231966 34234
BEIDOU-3 M6             
1 43582U 18062B   23221.74307188  .00000085  00000+0  00000+0 0  9998
2 43582  54.1824 217.7743 0004645 347.2100  12.7876  1.86229690 34220
BEIDOU-3 M12            
1 43602U 18067A   23222.21656249  .00000082  00000+0  00000+0 0  9991
2 43602  54.2694 216.4114 0006715   9.5797 350.4405  1.86231613 33718
BEIDOU-3 M11            
1 43603U 18067B   23223.42427441  .00000072  00000+0  00000+0 0  9995
2 43603  54.2664 216.3361 0003927 351.4073   8.5919  1.86231561 33765
BEIDOU-3 M13            
1 43622U 18072A   23222.30903474 -.00000066  00000+0  00000+0 0  9997
2 43622  55.7514  97.3032 0005426 302.3032  57.7090  1.86231736 33258
BEIDOU-3 M14            
1 43623U 18072B   23223.24839846 -.00000061  00000+0  00000+0 0  9998
2 43623  55.7539  97.2644 0003931 340.5268  19.5259  1.86231765 33275
BEIDOU-3 M16            
1 43647U 18078A   23222.33625256 -.00000123  00000+0  00000+0 0  9996
2 43647  54.9247 336.2016 0006196  14.9303 345.0984  1.86227326 32768
BEIDOU-3 M15            
1 43648U 18078B   23221.93058874 -.00000123  00000+0  00000+0 0  9998
2 43648  54.9205 336.2197 0003283  32.8504 327.1807  1.86232351 32779
BEIDOU-3 G1             
1 43683U 18085A   23223.43387785 -.00000286  00000+0  00000+0 0  9998
2 43683   1.4639 126.0560 0003201 340.8825 148.8471  1.00276811 17619
COSMOS 2529             
1 43687U 18086A   23222.42609816  .00000096  00000+0  00000+0 0  9991
2 43687  64.3175 227.8689 0011816 261.3780  98.5242  2.13102125 37087
BEIDOU-3 M17            
1 43706U 18093A   23223.15275911  .00000076  00000+0  00000+0 0  9995
2 43706  54.2649 217.6523 0010783 277.2945  82.5917  1.86232082 32136
BEIDOU-3 M18            
1 43707U 18093B   23221.40757442  .00000085  00000+0  00000+0 0  9996
2 43707  54.2658 217.7032 0008753 300.1756  59.7466  1.86229817 32118
NAVSTAR 77 (USA 289)    
1 43873U 18109A   23221.23942573 -.00000041  00000+0  00000+0 0  9993
2 43873  55.1862 133.3967 0025156 192.4223 350.0379  2.00567742 34106
BEIDOU-3 IGSO-1         
1 44204U 19023A   23222.92768361 -.00000205  00000+0  00000+0 0  9998
2 44204  57.1826  48.4972 0022811 193.8507 169.5896  1.00290144 15928
BEIDOU-2 G8             
1 44231U 19027A   23223.47641184 -.00000257  00000+0  00000+0 0  9993
2 44231   1.8963  81.2281 0006104 127.5108  66.9257  1.00269471 15630
COSMOS 2534             
1 44299U 19030A   23223.28205144  .00000094  00000+0  00000+0 0  9990
2 44299  64.3901 227.7640 0013886 279.9503 150.9078  2.13102113 32753
BEIDOU-3 IGSO-2         
1 44337U 19035A   23221.74192428 -.00000134  00000+0  00000+0 0  9993
2 44337  55.1550 168.0173 0033256 198.3054 338.0457  1.00282706 15247
NAVSTAR 78 (USA 293)    
1 44506U 19056A   23221.12410347 -.00000096  00000+0  00000+0 0  9996
2 44506  55.8174  12.4768 0035830 183.8752 175.3715  2.00565225 29144
BEIDOU-3 M24            
1 44542U 19061A   23222.01644605  .00000085  00000+0  00000+0 0  9994
2 44542  54.4923 217.9160 0008234 334.2502  25.7188  1.86231432 26380
BEIDOU-3 M23            
1 44543U 19061B   23223.22751167  .00000076  00000+0  00000+0 0  9991
2 44543  54.4905 217.8440 0005926 315.3376  48.4565  1.86231837 26408
BEIDOU-3 IGSO-3         
1 44709U 19073A   23220.60121274 -.00000194  00000+0  00000+0 0  9999
2 44709  56.5779 292.0347 0034999 188.5460 171.4787  1.00290363 13977
BEIDOU-3 M22            
1 44793U 19078A   23221.32471251 -.00000121  00000+0  00000+0 0  9990
2 44793  54.7739 336.2069 0005193  24.8269 335.2092  1.86232262 25230
BEIDOU-3 M21            
1 44794U 19078B   23222.52923894 -.00000123  00000+0  00000+0 0  9991
2 44794  54.7468 336.1479 0003104  23.5580 336.4668  1.86232747 25258
COSMOS 2544             
1 44850U 19088A   23223.20894276 -.00000043  00000+0  00000+0 0  9993
2 44850  65.0688 108.6027 0011966 255.9833 103.9445  2.13102251 28517
BEIDOU-3 M19            
1 44864U 19090A   23221.96750317 -.00000067  00000+0  00000+0 0  9995
2 44864  55.6856  97.5023 0016100 277.8408 259.4186  1.86231890 24811
BEIDOU-3 M20            
1 44865U 19090B   23222.40531892 -.00000066  00000+0  00000+0 0  9990
2 44865  55.6879  97.5204 0014144 292.7508 267.8326  1.86231850 24805
BEIDOU-3 G2             
1 45344U 20017A   23223.06359902 -.00000149  00000+0  00000+0 0  9999
2 45344   2.0340  14.9454 0003102 140.8905 266.3635  1.00272773 12835
COSMOS 2545             
1 45358U 20018A   23222.93644645 -.00000098  00000+0  00000+0 0  9994
2 45358  64.8516 348.7686 0008845 235.2102 124.7102  2.13102645 26479
BEIDOU-3 G3             
1 45807U 20040A   23223.06970056 -.00000360  00000+0  00000+0 0  9993
2 45807   0.6380 338.9285 0004994 354.5107 121.4683  1.00274528 11648
NAVSTAR 79 (USA 304)    
1 45854U 20041A   23222.58107462 -.00000056  00000+0  00000+0 0  9997
2 45854  55.8610  69.6998 0034894 185.7232  89.0063  2.00564322 23146
GALAXY 30 (G-30)        
1 46114U 20056C   23222.66442559  .00000030  00000+0  00000+0 0  9992
2 46114   0.0107  85.3740 0002289  70.6624 277.0187  1.00270759 10968
COSMOS 2547             
1 46805U 20075A   23222.18714967  .00000097  00000+0  00000+0 0  9995
2 46805  64.6173 227.3497 0008830 243.8398 116.1046  2.13103026 21709
NAVSTAR 80 (USA 309)    
1 46826U 20078A   23223.31648332  .00000055  00000+0  00000+0 0  9993
2 46826  54.3229 253.0402 0035302 194.2191 226.9394  2.00562806 20623
NAVSTAR 81 (USA 319)    
1 48859U 21054A   23222.49373584 -.00000098  00000+0  00000+0 0  9996
2 48859  55.3342  14.2204 0011246 209.3596 159.1766  2.00575249 15857
QZS-1R                  
1 49336U 21096A   23223.74525463 -.00000331  00000+0  00000+0 0  9997
2 49336  35.3005  95.2790 0740332 268.7858 355.3268  1.00301615  6575
GSAT0223 (GALILEO 27)   
1 49809U 21116A   23221.04907859 -.00000098  00000+0  00000+0 0  9999
2 49809  57.2761   9.8064 0002966 160.8012 202.3756  1.70476004 10395
GSAT0224 (GALILEO 28)   
1 49810U 21116B   23220.85535656 -.00000097  00000+0  00000+0 0  9990
2 49810  57.2773   9.8097 0002667 147.4557 209.3107  1.70476015 10411
COSMOS 2557             
1 52984U 22075A   23222.81869608 -.00000097  00000+0  00000+0 0  9996
2 52984  64.7675 350.9346 0011074 277.4288  82.4482  2.13102311  8501
COSMOS 2559             
1 54031U 22130A   23221.35279798 -.00000091  00000+0  00000+0 0  9990
2 54031  64.7389 351.1139 0006429 212.6056 147.3594  2.13101453  6467
COSMOS 2564             
1 54377U 22161A   23221.54619053  .00000096  00000+0  00000+0 0  9994
2 54377  64.7580 227.4198 0011297 226.7298 133.2103  2.13102177  5414
NAVSTAR 82 (USA 343)    
1 55268U 23009A   23216.93729976  .00000053  00000+0  00000+0 0  9992
2 55268  55.0934 189.6052 0004088  95.6586 263.8384  2.00557491  4230
BEIDOU-3 G4             
1 56564U 23066A   23223.47587189 -.00000117  00000+0  00000+0 0  9992
2 56564   2.9028 288.9030 0006999 206.3474 155.6011  1.00270240   979
IRNSS-1J (NVS-01)       
1 56759U 23076A   23223.00177369 -.00000339  00000+0  00000+0 0  9999
2 56759   4.8011 272.5190 0005577 341.6183 195.2424  1.00273731   768
