NAVSTAR 43 (USA 132)    
1 24876U 97035A   23238.12349270 -.00000009  00000+0  00000+0 0  9995
2 24876  55.5853 138.7050 0072139  52.1206 308.5722  2.00563953191373
NAVSTAR 47 (USA 150)    
1 26360U 00025A   23238.49946626 -.00000011  00000+0  00000+0 0  9999
2 26360  54.4244  60.9642 0041388 198.9254 162.0077  2.00571295170700
NAVSTAR 51 (USA 166)    
1 27663U 03005A   23238.60208378  .00000081  00000+0  00000+0 0  9991
2 27663  55.2503 255.7581 0131651  44.6460  10.2723  2.00566474150746
NAVSTAR 52 (USA 168)    
1 27704U 03010A   23238.15878583 -.00000077  00000+0  00000+0 0  9990
2 27704  55.1155   5.7413 0248474 318.5339 354.3443  2.00574364149523
NAVSTAR 54 (USA 177)    
1 28190U 04009A   23238.37653569 -.00000043  00000+0  00000+0 0  9991
2 28190  55.6974 316.8261 0093013 138.2165 270.2444  2.00567491142371
NAVSTAR 56 (USA 180)    
1 28474U 04045A   23238.23740347 -.00000076  00000+0  00000+0 0  9998
2 28474  55.4425   6.0565 0162017 282.3147  80.7441  2.00579523137859
ANIK F1R                
1 28868U 05036A   23237.64591750 -.00000072  00000+0  00000+0 0  9998
2 28868   1.6608  89.1719 0002615  44.6007 325.1018  1.00272006 36169
NAVSTAR 57 (USA 183)    
1 28874U 05038A   23238.34235802 -.00000038  00000+0  00000+0 0  9990
2 28874  55.7490 314.2793 0139299 279.3934 125.6370  2.00575995131269
INMARSAT 4-F2           
1 28899U 05044A   23238.07827074  .00000011  00000+0  00000+0 0  9992
2 28899   3.8537  40.6402 0002906 120.7227 264.7898  1.00272572 65234
NAVSTAR 58 (USA 190)    
1 29486U 06042A   23238.58213760  .00000035  00000+0  00000+0 0  9997
2 29486  54.6859 192.0024 0102926  31.7675  88.1838  2.00570238123824
NAVSTAR 59 (USA 192)    
1 29601U 06052A   23238.33567586  .00000082  00000+0  00000+0 0  9990
2 29601  55.2711 254.7272 0084181  79.3509 281.6492  2.00577108122833
NAVSTAR 60 (USA 196)    
1 32260U 07047A   23238.15100995 -.00000009  00000+0  00000+0 0  9997
2 32260  53.4607 122.5221 0150997  70.3855 291.3033  2.00551817116237
COSMOS 2433             
1 32275U 07052A   23237.64729215 -.00000064  00000+0  00000+0 0  9995
2 32275  66.0248 350.2573 0003405 213.8284 146.1707  2.13104064123184
COSMOS 2432             
1 32276U 07052B   23237.21107431 -.00000063  00000+0  00000+0 0  9998
2 32276  66.0391 350.3804 0007978 323.4145   9.0281  2.13103216123198
NAVSTAR 61 (USA 199)    
1 32384U 07062A   23238.58796139 -.00000039  00000+0  00000+0 0  9992
2 32384  55.8805 315.0893 0024931 149.6495 295.9738  2.00558246114943
COSMOS 2434             
1 32393U 07065A   23238.49503479  .00000098  00000+0  00000+0 0  9992
2 32393  64.3377 226.6060 0000094 153.4779  28.0235  2.13103061121914
COSMOS 2436             
1 32395U 07065C   23237.24168622  .00000106  00000+0  00000+0 0  9993
2 32395  64.3465 226.7102 0015609 351.7382  83.7604  2.13102802121845
NAVSTAR 62 (USA 201)    
1 32711U 08012A   23238.06530715  .00000039  00000+0  00000+0 0  9990
2 32711  54.4531 190.8561 0177444 235.7805 122.5091  2.00556957113177
NAVSTAR 64 (USA 206)    
1 35752U 09043A   23238.58736931 -.00000001  00000+0  00000+0 0  9998
2 35752  55.4256  68.0668 0058445  68.6909 324.9690  2.00558362102792
COSMOS 2456             
1 36111U 09070A   23237.34753529  .00000015  00000+0  00000+0 0  9997
2 36111  64.4860 106.1497 0002515 329.9041 210.5986  2.13099196106548
COSMOS 2457             
1 36112U 09070B   23238.60761387  .00000023  00000+0  00000+0 0  9998
2 36112  64.4703 105.9719 0005365 149.0628  48.8343  2.13101353106578
COSMOS 2460             
1 36402U 10007C   23237.42602969 -.00000064  00000+0  00000+0 0  9997
2 36402  65.8875 348.9818 0001538 155.2900 204.4196  2.13106260104840
NAVSTAR 65 (USA 213)    
1 36585U 10022A   23238.58833656  .00000083  00000+0  00000+0 0  9993
2 36585  54.5697 249.9401 0108971  59.6628  91.0504  2.00561470 97028
BEIDOU-2 IGSO-1         
1 36828U 10036A   23238.33326271 -.00000139  00000+0  00000+0 0  9994
2 36828  54.2371 172.2540 0036771 189.4404 200.3167  1.00255882 47928
QZS-1 (MICHIBIKI-1)     
1 37158U 10045A   23235.98548465 -.00000031  00000+0  00000+0 0  9991
2 37158  42.8909 127.5505 0036254  12.7354 203.3381  0.88330244 47378
BEIDOU-2 G4             
1 37210U 10057A   23238.60027236 -.00000114  00000+0  00000+0 0  9995
2 37210   1.1554  60.4034 0005478 145.9112 144.3037  1.00271383 47003
BEIDOU-2 IGSO-2         
1 37256U 10068A   23238.17144458 -.00000159  00000+0  00000+0 0  9994
2 37256  49.4256 284.4179 0032340 212.3178   6.7861  1.00286776 46506
BEIDOU-2 IGSO-3         
1 37384U 11013A   23238.29533566 -.00000149  00000+0  00000+0 0  9991
2 37384  60.9252  49.9832 0027994 174.0676 324.3813  1.00283825 45370
GSAT-8                  
1 37605U 11022A   23238.13313140  .00000086  00000+0  00000+0 0  9993
2 37605   0.0420 288.7997 0003771 319.5304 188.7846  1.00271130 42926
NAVSTAR 66 (USA 232)    
1 37753U 11036A   23238.23656223 -.00000069  00000+0  00000+0 0  9997
2 37753  56.7425  11.8200 0127210  56.2699 286.3167  2.00568386 88690
BEIDOU-2 IGSO-4         
1 37763U 11038A   23238.29821760 -.00000069  00000+0  00000+0 0  9996
2 37763  54.5109 174.7948 0112048 228.2408 134.1376  1.00275819 44369
GSAT0101 (GALILEO-PFM)  
1 37846U 11060A   23237.91140343 -.00000074  00000+0  00000+0 0  9998
2 37846  57.1086   9.5543 0002090  74.2227 285.8064  1.70475827 73620
GSAT0102 (GALILEO-FM2)  
1 37847U 11060B   23238.42341112 -.00000075  00000+0  00000+0 0  9994
2 37847  57.1094   9.5404 0001286   3.1467 357.4053  1.70475231 73644
COSMOS 2476             
1 37867U 11064A   23238.34675922  .00000020  00000+0  00000+0 0  9999
2 37867  64.7663 107.6391 0021318 233.3904 262.9090  2.13101705 91908
COSMOS 2477             
1 37868U 11064B   23237.27722014  .00000014  00000+0  00000+0 0  9999
2 37868  64.7733 107.7450 0018571 234.1171 339.5591  2.13101631 91877
COSMOS 2475             
1 37869U 11064C   23237.75463137  .00000017  00000+0  00000+0 0  9994
2 37869  64.7805 107.7408 0022810 251.8700 286.5242  2.13102003 91896
BEIDOU-2 IGSO-5         
1 37948U 11073A   23238.09841104 -.00000113  00000+0  00000+0 0  9992
2 37948  49.5508 284.0865 0094968 220.3876 321.1018  1.00274601 42846
LUCH-5A                 
1 37951U 11074B   23238.60427000 -.00000050  00000+0  00000+0 0  9999
2 37951   6.1187  89.8495 0005128  51.3326 217.9495  1.00273479 42768
BEIDOU-2 G5             
1 38091U 12008A   23238.07827074  .00000058  00000+0  00000+0 0  9996
2 38091   1.6860  68.2478 0002258 163.9721 188.7060  1.00269775 42075
BEIDOU-2 M3             
1 38250U 12018A   23237.53316023 -.00000081  00000+0  00000+0 0  9998
2 38250  56.5168 339.2006 0022963 255.1517 104.6254  1.86231068 77160
BEIDOU-2 M4             
1 38251U 12018B   23237.46463863 -.00000080  00000+0  00000+0 0  9995
2 38251  56.4278 338.4966 0013785 254.6380 105.2419  1.86231793 76829
SES-5                   
1 38652U 12036A   23238.21854784  .00000035  00000+0  00000+0 0  9999
2 38652   0.0539 301.3887 0002160 205.7214 270.7554  1.00271638 34198
BEIDOU-2 M6             
1 38775U 12050B   23236.10073132 -.00000005  00000+0  00000+0 0  9995
2 38775  55.6817  97.1441 0012045 338.8777  21.1569  1.86231239 74162
GSAT-10                 
1 38779U 12051B   23238.02271583 -.00000164  00000+0  00000+0 0  9999
2 38779   0.0826 273.1074 0000846 330.1217 181.9800  1.00272607 39825
NAVSTAR 67 (USA 239)    
1 38833U 12053A   23238.24304397  .00000027  00000+0  00000+0 0  9993
2 38833  53.5138 185.5643 0141377  51.7576 309.4860  2.00566993 78867
GSAT0103 (GALILEO-FM3)  
1 38857U 12055A   23236.19078294  .00000004  00000+0  00000+0 0  9992
2 38857  55.2779 129.7998 0003127 269.8942  90.1316  1.70473657 67481
GSAT0104 (GALILEO-FM4)  
1 38858U 12055B   23236.74682990  .00000002  00000+0  00000+0 0  9996
2 38858  55.2780 129.7862 0000750 276.1978  83.8539  1.70474012 67496
BEIDOU-2 G6             
1 38953U 12059A   23238.06715941 -.00000175  00000+0  00000+0 0  9998
2 38953   1.8000  81.9747 0007880 316.9137  43.4149  1.00270530 39610
LUCH-5B                 
1 38977U 12061A   23238.22966338 -.00000136  00000+0  00000+0 0  9990
2 38977   8.2335  59.1984 0005936  99.6674 241.7606  1.00271469 39320
COSMOS 2485             
1 39155U 13019A   23238.11109496  .00000019  00000+0  00000+0 0  9994
2 39155  64.9265 108.1688 0021810 229.2969 130.5972  2.13101913 80411
NAVSTAR 68 (USA 242)    
1 39166U 13023A   23238.10507200 -.00000031  00000+0  00000+0 0  9990
2 39166  55.3645 310.4881 0114146  41.7639 319.1652  2.00564213 75302
IRNSS-1A                
1 39199U 13034A   23234.16657309  .00000084  00000+0  00000+0 0  9993
2 39199  33.3930  78.8870 0019847 176.2146 190.0723  1.00275588 37040
NAVSTAR 69 (USA 248)    
1 39533U 14008A   23238.10309411  .00000038  00000+0  00000+0 0  9992
2 39533  53.6011 191.1264 0067262 215.7885 143.7411  2.00551142 69101
ASTRA 5B                
1 39617U 14011B   23238.21299331  .00000138  00000+0  00000+0 0  9991
2 39617   0.0785 299.8583 0002758 231.5342 262.9725  1.00269407 34384
COSMOS 2492             
1 39620U 14012A   23237.12801593 -.00000064  00000+0  00000+0 0  9993
2 39620  65.7713 348.6117 0011077 318.7068  41.2325  2.13103076 73358
IRNSS-1B                
1 39635U 14017A   23236.02996104  .00000136  00000+0  00000+0 0  9994
2 39635  28.7263 257.8540 0020177 191.3452 308.6730  1.00271050 34481
LUCH-5V                 
1 39727U 14023A   23238.23142715 -.00000270  00000+0  00000+0 0  9999
2 39727   2.5492  77.3075 0002921 115.8264 319.1206  1.00274183 34074
NAVSTAR 70 (USA 251)    
1 39741U 14026A   23238.38481650 -.00000070  00000+0  00000+0 0  9996
2 39741  56.6955  11.3365 0028784 311.4133  48.3501  2.00557756 67962
COSMOS 2500             
1 40001U 14032A   23237.31144125 -.00000064  00000+0  00000+0 0  9992
2 40001  65.7094 348.4338 0007771 194.7646 165.2359  2.13105887 71576
NAVSTAR 71 (USA 256)    
1 40105U 14045A   23237.97113194 -.00000009  00000+0  00000+0 0  9994
2 40105  54.8094 129.4469 0024484 113.0497 247.2651  2.00577038 65497
GSAT0201 (GALILEO 5)    
1 40128U 14050A   23237.10209032 -.00000057  00000+0  00000+0 0  9990
2 40128  49.9444 314.9771 1609344 139.9857 233.0807  1.85519072 61202
GSAT0202 (GALILEO 6)    
1 40129U 14050B   23238.43950087 -.00000050  00000+0  00000+0 0  9994
2 40129  49.9626 313.9949 1607176 140.8476 231.9830  1.85519728 61458
IRNSS-1C                
1 40269U 14061A   23238.06715941 -.00000163  00000+0  00000+0 0  9993
2 40269   3.9415 112.9988 0020186  16.4137 311.8460  1.00272248 32398
NAVSTAR 72 (USA 258)    
1 40294U 14068A   23237.84950713  .00000000  00000+0  00000+0 0  9990
2 40294  56.1684  70.8322 0049017  61.5479 299.0138  2.00571143 64629
COSMOS 2501             
1 40315U 14075A   23237.09200158  .00000104  00000+0  00000+0 0  9995
2 40315  63.6411 226.0167 0020182 211.6446 148.2501  2.13101349 67960
NAVSTAR 73 (USA 260)    
1 40534U 15013A   23238.48341797  .00000082  00000+0  00000+0 0  9995
2 40534  53.4685 246.6571 0079981  25.1572 335.2699  2.00555196 61250
GSAT0203 (GALILEO 7)    
1 40544U 15017A   23237.69089239 -.00000073  00000+0  00000+0 0  9993
2 40544  56.9040   9.5345 0002735 221.4574 138.5286  1.70476062 51700
GSAT0204 (GALILEO 8)    
1 40545U 15017B   23236.77132544 -.00000072  00000+0  00000+0 0  9999
2 40545  56.9097   9.5738 0003200 203.2923 156.7011  1.70475543 14736
IRNSS-1D                
1 40547U 15018A   23237.47456998 -.00000249  00000+0  00000+0 0  9998
2 40547  28.0925 257.8016 0020522 191.4386 166.8155  1.00268033 30682
BEIDOU-3S IGSO-1S       
1 40549U 15019A   23238.17334851 -.00000153  00000+0  00000+0 0  9996
2 40549  51.1169 307.6820 0040688 195.6346 347.6357  1.00257810 30780
NAVSTAR 74 (USA 262)    
1 40730U 15033A   23238.14641707 -.00000029  00000+0  00000+0 0  9994
2 40730  54.8530 309.1049 0084949  14.0203 346.2798  2.00555735 59411
BEIDOU-3S M2S           
1 40748U 15037A   23237.13053377 -.00000080  00000+0  00000+0 0  9992
2 40748  55.6685 337.1134 0010779 239.7430 120.1844  1.86233086 54998
BEIDOU-3S M1S           
1 40749U 15037B   23236.86367003 -.00000080  00000+0  00000+0 0  9996
2 40749  55.6716 337.1088 0002796 306.5778  53.4306  1.86232817 54992
GSAT0205 (GALILEO 9)    
1 40889U 15045A   23238.29903787  .00000076  00000+0  00000+0 0  9998
2 40889  55.3683 249.9461 0003346 357.2493   2.7953  1.70473402 49529
GSAT0206 (GALILEO 10)   
1 40890U 15045B   23237.34655511  .00000076  00000+0  00000+0 0  9994
2 40890  55.3679 249.9680 0002315 321.8371  38.1917  1.70473394 49530
BEIDOU-3S IGSO-2S       
1 40938U 15053A   23238.60412544 -.00000076  00000+0  00000+0 0  9994
2 40938  50.8229 270.8475 0047749 194.4987 182.4462  1.00285022 29073
NAVSTAR 75 (USA 265)    
1 41019U 15062A   23238.19939604  .00000001  00000+0  00000+0 0  9997
2 41019  56.1530  70.6680 0088710 221.0390 138.3574  2.00562240 57256
GSAT-15                 
1 41028U 15065A   23238.09841104 -.00000257  00000+0  00000+0 0  9990
2 41028   0.0842 274.1330 0002297 202.7686 346.1242  1.00271026 28519
GSAT0209 (GALILEO 12)   
1 41174U 15079A   23236.93165042  .00000002  00000+0  00000+0 0  9995
2 41174  55.2959 129.4863 0003365 326.1166  33.9224  1.70473869 47266
GSAT0208 (GALILEO 11)   
1 41175U 15079B   23237.15126477  .00000001  00000+0  00000+0 0  9999
2 41175  55.2943 129.4784 0002660 331.8640  28.1817  1.70473780 47681
IRNSS-1E                
1 41241U 16003A   23237.98521674 -.00000301  00000+0  00000+0 0  9994
2 41241  30.9545  77.9371 0019864 173.7390 188.7917  1.00269601 27793
NAVSTAR 76 (USA 266)    
1 41328U 16007A   23237.79356598 -.00000009  00000+0  00000+0 0  9999
2 41328  55.0139 130.2301 0071667 234.5071 124.8778  2.00550431 55256
COSMOS 2514             
1 41330U 16008A   23238.01177681 -.00000066  00000+0  00000+0 0  9996
2 41330  65.5064 347.9940 0011453 205.3565 154.6099  2.13102497 58753
IRNSS-1F                
1 41384U 16015A   23238.04771580  .00000158  00000+0  00000+0 0  9995
2 41384   2.9139 130.2629 0018166 177.0583  76.2333  1.00266354 27372
BEIDOU-2 IGSO-6         
1 41434U 16021A   23238.33119211 -.00000129  00000+0  00000+0 0  9996
2 41434  58.7390  48.3578 0047108 217.7077 283.6552  1.00284529 27197
IRNSS-1G                
1 41469U 16027A   23238.59007791 -.00000338  00000+0  00000+0 0  9999
2 41469   2.8070 131.9488 0003803 356.7290 187.8873  1.00268086 26891
GSAT0211 (GALILEO 14)   
1 41549U 16030A   23237.27223125  .00000076  00000+0  00000+0 0  9995
2 41549  55.5151 249.9492 0003918 307.0377  52.9715  1.70473531 45160
GSAT0210 (GALILEO 13)   
1 41550U 16030B   23237.56376861  .00000076  00000+0  00000+0 0  9995
2 41550  55.5143 249.9423 0004227 273.3100  86.6872  1.70473628 45165
COSMOS 2516             
1 41554U 16032A   23238.12676964  .00000100  00000+0  00000+0 0  9999
2 41554  63.8675 226.3789 0015536 214.7613 145.1534  2.13106405 56362
BEIDOU-2 G7             
1 41586U 16037A   23238.16531495 -.00000354  00000+0  00000+0 0  9994
2 41586   1.8472  68.2964 0007806 348.2572  87.6328  1.00275746 26504
EUTELSAT 117 WEST B     
1 41589U 16038B   23238.26924420 -.00000011  00000+0  00000+0 0  9993
2 41589   0.0055 343.6742 0000327 295.9330  34.5771  1.00272063 26377
GSAT0207 (GALILEO 15)   
1 41859U 16069A   23237.22550055  .00000000  00000+0  00000+0 0  9998
2 41859  54.9585 129.5526 0003353 306.9773  53.0517  1.70473827 41896
GSAT0212 (GALILEO 16)   
1 41860U 16069B   23237.08017750  .00000001  00000+0  00000+0 0  9995
2 41860  54.9560 129.5535 0002541 349.0650  10.9893  1.70474010 42144
GSAT0213 (GALILEO 17)   
1 41861U 16069C   23234.51323833  .00000009  00000+0  00000+0 0  9991
2 41861  54.9575 129.6307 0003187 280.2221  79.8081  1.70472742 41968
GSAT0214 (GALILEO 18)   
1 41862U 16069D   23237.00681060  .00000001  00000+0  00000+0 0  9990
2 41862  54.9569 129.5555 0002178 288.8087  71.2276  1.70472546 42133
SES-15                  
1 42709U 17026A   23238.59793498  .00000059  00000+0  00000+0 0  9992
2 42709   0.0217  35.0691 0000557  94.8771 290.7414  1.00268370 23853
QZS-2 (MICHIBIKI-2)     
1 42738U 17028A   23238.37739058 -.00000087  00000+0  00000+0 0  9996
2 42738  41.0579 257.9930 0753108 269.9618  83.6704  1.00267359 22861
QZS-3 (MICHIBIKI-3)     
1 42917U 17048A   23238.59563229 -.00000349  00000+0  00000+0 0  9997
2 42917   0.0777 226.5639 0002610 297.5343 151.8747  1.00267646 21975
COSMOS 2522             
1 42939U 17055A   23237.85363573  .00000103  00000+0  00000+0 0  9994
2 42939  64.1017 226.9108 0010055 243.2703 116.6441  2.13101936 46108
QZS-4 (MICHIBIKI-4)     
1 42965U 17062A   23237.63412111 -.00000303  00000+0  00000+0 0  9993
2 42965  40.6401 356.5703 0747031 269.1098  75.4527  1.00283345 21514
BEIDOU-3 M1             
1 43001U 17069A   23237.47793906  .00000001  00000+0  00000+0 0  9992
2 43001  55.8340  97.1563 0008154 302.0485  57.9574  1.86231497 39488
BEIDOU-3 M2             
1 43002U 17069B   23237.95160330  .00000003  00000+0  00000+0 0  9997
2 43002  55.8339  97.1758 0006652 333.3030  26.7490  1.86231123 39484
GSAT0215 (GALILEO 19)   
1 43055U 17079A   23236.32247788  .00000073  00000+0  00000+0 0  9996
2 43055  55.4919 249.8015 0003769 267.4808  92.5182  1.70474215 35467
GSAT0216 (GALILEO 20)   
1 43056U 17079B   23237.20099100  .00000076  00000+0  00000+0 0  9991
2 43056  55.4917 249.7772 0005326 273.3466  86.6371  1.70474333 35490
GSAT0217 (GALILEO 21)   
1 43057U 17079C   23235.66158619  .00000070  00000+0  00000+0 0  9995
2 43057  55.4921 249.8185 0004688 284.8876  75.1008  1.70474332 35452
GSAT0218 (GALILEO 22)   
1 43058U 17079D   23237.05481251  .00000075  00000+0  00000+0 0  9997
2 43058  55.4902 249.7777 0005778 270.5115  89.4665  1.70474264 35504
BEIDOU-3 M7             
1 43107U 18003A   23237.70244585 -.00000081  00000+0  00000+0 0  9997
2 43107  55.1242 337.8149 0003791  78.8511 281.2240  1.86232481 38231
BEIDOU-3 M8             
1 43108U 18003B   23237.64047168 -.00000081  00000+0  00000+0 0  9999
2 43108  55.1172 337.8042 0003717 241.1657 118.8298  1.86230846 38242
BEIDOU-3 M4             
1 43207U 18018A   23238.61985772  .00000007  00000+0  00000+0 0  9992
2 43207  55.7936  97.2173 0005033   9.8544 350.2436  1.86231371 37648
BEIDOU-3 M3             
1 43208U 18018B   23238.14955156  .00000004  00000+0  00000+0 0  9991
2 43208  55.7927  97.2375 0006152 318.5497  41.4904  1.86231268 37636
BEIDOU-3 M9             
1 43245U 18029A   23238.37240185 -.00000079  00000+0  00000+0 0  9991
2 43245  55.0187 335.5271 0001206 201.3675 158.6627  1.86232429 36792
BEIDOU-3 M10            
1 43246U 18029B   23238.30245422 -.00000079  00000+0  00000+0 0  9994
2 43246  55.0157 335.5576 0002717   2.2735 357.7628  1.86232848 36777
IRNSS-1I                
1 43286U 18035A   23237.67802882  .00000080  00000+0  00000+0 0  9994
2 43286  29.2275  90.3487 0019084 177.1132   5.4685  1.00268724 19780
COSMOS 2527             
1 43508U 18053A   23237.34305767  .00000015  00000+0  00000+0 0  9993
2 43508  65.0877 108.2853 0007389 222.2215 137.8043  2.13102373 40399
BEIDOU-2 IGSO-7         
1 43539U 18057A   23237.74285442 -.00000140  00000+0  00000+0 0  9992
2 43539  55.1211 171.9436 0064584 231.4564 310.6921  1.00286515 18856
GSAT0221 (GALILEO 25)   
1 43564U 18060A   23236.36791119 -.00000071  00000+0  00000+0 0  9997
2 43564  57.2843   9.4959 0002311 253.1397 106.8429  1.70475984 31645
GSAT0222 (GALILEO 26)   
1 43565U 18060B   23237.75914760 -.00000073  00000+0  00000+0 0  9993
2 43565  57.2880   9.4595 0003079 205.9737 154.0173  1.70475715 31719
GSAT0219 (GALILEO 23)   
1 43566U 18060C   23237.39490994 -.00000072  00000+0  00000+0 0  9991
2 43566  57.2871   9.4713 0001383 257.3703 102.6212  1.70475976 31680
GSAT0220 (GALILEO 24)   
1 43567U 18060D   23236.44214582 -.00000071  00000+0  00000+0 0  9993
2 43567  57.2864   9.4981 0001637 249.9704 110.0199  1.70475804 31654
BEIDOU-3 M5             
1 43581U 18062A   23237.44888512  .00000087  00000+0  00000+0 0  9998
2 43581  54.1802 217.2498 0005532 278.4026  81.5288  1.86231836 34513
BEIDOU-3 M6             
1 43582U 18062B   23238.38859119  .00000078  00000+0  00000+0 0  9994
2 43582  54.1796 217.2073 0004922 351.8748   8.1089  1.86229606 34532
BEIDOU-3 M12            
1 43602U 18067A   23238.32497647  .00000077  00000+0  00000+0 0  9999
2 43602  54.2670 215.8637 0006881  10.8936 349.1116  1.86231510 34013
BEIDOU-3 M11            
1 43603U 18067B   23238.45879797  .00000075  00000+0  00000+0 0  9992
2 43603  54.2641 215.8249 0004035 354.0167   5.9682  1.86231461 34042
BEIDOU-3 M13            
1 43622U 18072A   23236.80674706 -.00000002  00000+0  00000+0 0  9990
2 43622  55.7621  96.8178 0004887 300.7701  59.2661  1.86231631 33522
BEIDOU-3 M14            
1 43623U 18072B   23237.20915559 -.00000001  00000+0  00000+0 0  9999
2 43623  55.7641  96.7970 0003455 344.3954  15.6787  1.86231632 33535
BEIDOU-3 M16            
1 43647U 18078A   23237.37128933 -.00000079  00000+0  00000+0 0  9996
2 43647  54.9152 335.6843 0006003  11.9437 348.1058  1.86227210 33035
BEIDOU-3 M15            
1 43648U 18078B   23238.03912081 -.00000079  00000+0  00000+0 0  9996
2 43648  54.9104 335.6652 0002970  27.5067 332.5440  1.86232168 33065
BEIDOU-3 G1             
1 43683U 18085A   23238.58521709 -.00000280  00000+0  00000+0 0  9990
2 43683   1.4935 125.0178 0003294 347.2731 213.0352  1.00270441 17774
COSMOS 2529             
1 43687U 18086A   23238.38087730  .00000100  00000+0  00000+0 0  9994
2 43687  64.3169 227.3257 0011674 261.8804  98.0045  2.13102037 37426
BEIDOU-3 M17            
1 43706U 18093A   23237.11334845  .00000089  00000+0  00000+0 0  9992
2 43706  54.2626 217.1779 0010587 279.1580  80.7166  1.86231936 32411
BEIDOU-3 M18            
1 43707U 18093B   23237.51613963  .00000087  00000+0  00000+0 0  9996
2 43707  54.2633 217.1558 0008704 303.1184  56.7920  1.86229734 32415
NAVSTAR 77 (USA 289)    
1 43873U 18109A   23238.19744339 -.00000009  00000+0  00000+0 0  9990
2 43873  55.1901 132.7273 0025490 191.5079 355.8114  2.00568381 34495
BEIDOU-3 IGSO-1         
1 44204U 19023A   23237.32418420 -.00000188  00000+0  00000+0 0  9996
2 44204  57.2035  48.3491 0023472 194.0247 327.1115  1.00285363 16041
BEIDOU-2 G8             
1 44231U 19027A   23238.60040216 -.00000249  00000+0  00000+0 0  9994
2 44231   1.9318  81.1626 0005891 123.0654 131.0227  1.00274053 15796
COSMOS 2534             
1 44299U 19030A   23238.19780566  .00000101  00000+0  00000+0 0  9991
2 44299  64.3894 227.2576 0013752 280.6404  73.0898  2.13101909 33059
BEIDOU-3 IGSO-2         
1 44337U 19035A   23238.52326948 -.00000157  00000+0  00000+0 0  9998
2 44337  55.1539 167.8705 0033091 197.3965 277.3128  1.00277278 15382
NAVSTAR 78 (USA 293)    
1 44506U 19056A   23238.56871664 -.00000072  00000+0  00000+0 0  9999
2 44506  55.8199  11.7884 0036549 184.4326 170.7527  2.00565265 29496
BEIDOU-3 M24            
1 44542U 19061A   23236.51404091  .00000093  00000+0  00000+0 0  9996
2 44542  54.4901 217.4256 0008345 336.4706  23.4857  1.86231450 26658
BEIDOU-3 M23            
1 44543U 19061B   23237.45425641  .00000088  00000+0  00000+0 0  9999
2 44543  54.4882 217.3633 0006006 320.1971 222.0122  1.86231709 26672
BEIDOU-3 IGSO-3         
1 44709U 19073A   23237.55228037 -.00000154  00000+0  00000+0 0  9992
2 44709  56.5493 291.8552 0035275 189.2425 170.8060  1.00285197 14160
BEIDOU-3 M22            
1 44793U 19078A   23236.35933914 -.00000080  00000+0  00000+0 0  9992
2 44793  54.7642 335.6878 0004952  21.5844 338.4727  1.86232234 25508
BEIDOU-3 M21            
1 44794U 19078B   23235.41603950 -.00000081  00000+0  00000+0 0  9994
2 44794  54.7387 335.7027 0002888  16.8666 343.1801  1.86232681 25497
COSMOS 2544             
1 44850U 19088A   23238.22529686  .00000020  00000+0  00000+0 0  9995
2 44850  65.0739 108.0988 0011603 253.8506 106.1060  2.13102158 28857
BEIDOU-3 M19            
1 44864U 19090A   23237.54636362  .00000001  00000+0  00000+0 0  9996
2 44864  55.6965  96.9810 0015732 276.3506 265.8070  1.86231744 25117
BEIDOU-3 M20            
1 44865U 19090B   23237.49141573  .00000000  00000+0  00000+0 0  9995
2 44865  55.6983  97.0156 0013686 291.4337 303.6704  1.86231701 25094
BEIDOU-3 G2             
1 45344U 20017A   23238.13487172 -.00000140  00000+0  00000+0 0  9995
2 45344   2.0420  15.6602 0003404 142.7510 304.3147  1.00270623 12973
COSMOS 2545             
1 45358U 20018A   23237.95279236 -.00000066  00000+0  00000+0 0  9997
2 45358  64.8467 348.2487 0009480 236.1090 123.8234  2.13102528 26791
BEIDOU-3 G3             
1 45807U 20040A   23238.05552747 -.00000351  00000+0  00000+0 0  9991
2 45807   0.6245 341.6368 0004701 350.2733 132.6021  1.00265888 11789
NAVSTAR 79 (USA 304)    
1 45854U 20041A   23238.60095097  .00000001  00000+0  00000+0 0  9996
2 45854  55.8743  69.0688 0035772 186.0196 135.8642  2.00563625 23465
GALAXY 30 (G-30)        
1 46114U 20056C   23238.56971389  .00000036  00000+0  00000+0 0  9992
2 46114   0.0135 123.4494 0002283  31.1133 260.0930  1.00272329 11009
COSMOS 2547             
1 46805U 20075A   23238.14187879  .00000102  00000+0  00000+0 0  9991
2 46805  64.6169 226.8127 0008702 244.0376 115.8900  2.13102934 22045
NAVSTAR 80 (USA 309)    
1 46826U 20078A   23238.41571042  .00000081  00000+0  00000+0 0  9992
2 46826  54.3167 252.4274 0035612 194.7013 328.8825  2.00562671 20931
NAVSTAR 81 (USA 319)    
1 48859U 21054A   23238.43810024 -.00000070  00000+0  00000+0 0  9992
2 48859  55.3371  13.5838 0011763 209.7142 152.0585  2.00574015 16187
QZS-1R                  
1 49336U 21096A   23223.74525463 -.00000331  00000+0  00000+0 0  9997
2 49336  35.3005  95.2790 0740332 268.7858 355.3268  1.00301615  6575
GSAT0223 (GALILEO 27)   
1 49809U 21116A   23237.47886017 -.00000073  00000+0  00000+0 0  9998
2 49809  57.2778   9.3660 0003228 167.9966 198.5186  1.70475931 10681
GSAT0224 (GALILEO 28)   
1 49810U 21116B   23237.29094565 -.00000072  00000+0  00000+0 0  9998
2 49810  57.2789   9.3694 0002846 156.8115 206.8586  1.70475986 10700
COSMOS 2557             
1 52984U 22075A   23237.83506168 -.00000066  00000+0  00000+0 0  9999
2 52984  64.7632 350.4129 0011489 276.1790  83.7108  2.13102225  8820
COSMOS 2559             
1 54031U 22130A   23236.83847770 -.00000064  00000+0  00000+0 0  9990
2 54031  64.7346 350.5756 0006840 214.8503 145.1270  2.13101476  6794
COSMOS 2564             
1 54377U 22161A   23237.97024855  .00000103  00000+0  00000+0 0  9997
2 54377  64.7575 226.8698 0011142 226.7972 133.1274  2.13102141  5761
NAVSTAR 82 (USA 343)    
1 55268U 23009A   23237.63025340  .00000041  00000+0  00000+0 0  9993
2 55268  55.0915 188.7946 0004245  91.8849  88.5359  2.00556314  4659
BEIDOU-3 G4             
1 56564U 23066A   23238.60010578 -.00000111  00000+0  00000+0 0  9990
2 56564   2.8681 288.8340 0007376 206.6865 215.0371  1.00272877  1118
IRNSS-1J (NVS-01)       
1 56759U 23076A   23237.95396638 -.00000334  00000+0  00000+0 0  9995
2 56759   4.7660 272.2468 0005683 338.7373 195.8392  1.00265776   825
