NAVSTAR 43 (USA 132)    
1 24876U 97035A   23271.02976161  .00000051  00000+0  00000+0 0  9992
2 24876  55.5927 137.4188 0073557  52.8625 307.9077  2.00564143192032
NAVSTAR 47 (USA 150)    
1 26360U 00025A   23271.20180047 -.00000031  00000+0  00000+0 0  9994
2 26360  54.4534  59.6256 0041704 200.5021  14.0053  2.00569002171357
NAVSTAR 51 (USA 166)    
1 27663U 03005A   23270.66502236  .00000007  00000+0  00000+0 0  9991
2 27663  55.2346 254.4819 0132648  44.7872 121.4663  2.00564576151386
NAVSTAR 52 (USA 168)    
1 27704U 03010A   23271.58832161 -.00000098  00000+0  00000+0 0  9999
2 27704  55.1154   4.3927 0249390 319.2967  12.7367  2.00575944150190
NAVSTAR 54 (USA 177)    
1 28190U 04009A   23271.21280097 -.00000039  00000+0  00000+0 0  9998
2 28190  55.6720 315.5199 0092624 139.7787 218.4607  2.00566465143027
NAVSTAR 56 (USA 180)    
1 28474U 04045A   23271.12886883 -.00000097  00000+0  00000+0 0  9992
2 28474  55.4428   4.7408 0162695 282.9520  69.4422  2.00555405138505
ANIK F1R                
1 28868U 05036A   23271.57377086 -.00000087  00000+0  00000+0 0  9998
2 28868   1.7495  88.7056 0001880  84.1771 293.4723  1.00271659 36504
NAVSTAR 57 (USA 183)    
1 28874U 05038A   23271.62246295 -.00000038  00000+0  00000+0 0  9996
2 28874  55.7225 312.9562 0140089 279.9135  36.3222  2.00573722131925
INMARSAT 4-F2           
1 28899U 05044A   23271.50309132 -.00000001  00000+0  00000+0 0  9997
2 28899   3.8814  40.8399 0002973 158.0806  53.1345  1.00271042 65564
NAVSTAR 58 (USA 190)    
1 29486U 06042A   23271.55080747 -.00000002  00000+0  00000+0 0  9993
2 29486  54.6822 190.6964 0103669  32.9107 132.8750  2.00568336124488
NAVSTAR 59 (USA 192)    
1 29601U 06052A   23271.24322377  .00000001  00000+0  00000+0 0  9995
2 29601  55.2559 253.4198 0083547  79.4536 281.4697  2.00550781123498
NAVSTAR 60 (USA 196)    
1 32260U 07047A   23271.55772284  .00000051  00000+0  00000+0 0  9990
2 32260  53.4759 121.1364 0152184  71.2541 290.4899  2.00550233116905
COSMOS 2433             
1 32275U 07052A   23271.43394950 -.00000066  00000+0  00000+0 0  9996
2 32275  66.0151 349.1347 0004478 229.0876 130.9292  2.13103991123908
COSMOS 2432             
1 32276U 07052B   23271.53687000 -.00000067  00000+0  00000+0 0  9990
2 32276  66.0295 349.2404 0008908 314.8152  71.1441  2.13103112123935
NAVSTAR 61 (USA 199)    
1 32384U 07062A   23271.59956543 -.00000039  00000+0  00000+0 0  9997
2 32384  55.8551 313.7818 0024636 151.6877   9.3658  2.00559871115609
COSMOS 2434             
1 32393U 07065A   23271.22971267  .00000001  00000+0  00000+0 0  9998
2 32393  64.3349 225.4940 0000946  68.3586  26.2269  2.13102994122645
COSMOS 2436             
1 32395U 07065C   23271.07056278  .00000001  00000+0  00000+0 0  9999
2 32395  64.3434 225.5612 0016005 355.1775 112.8027  2.13102665122569
NAVSTAR 62 (USA 201)    
1 32711U 08012A   23271.47105281 -.00000002  00000+0  00000+0 0  9999
2 32711  54.4499 189.5250 0177663 236.0023 122.3147  2.00557893113843
NAVSTAR 64 (USA 206)    
1 35752U 09043A   23271.44409000 -.00000016  00000+0  00000+0 0  9990
2 35752  55.4550  66.7548 0058005  69.7116 287.4148  2.00556476103443
COSMOS 2456             
1 36111U 09070A   23270.60900751  .00000076  00000+0  00000+0 0  9991
2 36111  64.5002 105.0069 0001564 340.2564 156.9859  2.13099098107251
COSMOS 2457             
1 36112U 09070B   23270.66376105  .00000075  00000+0  00000+0 0  9997
2 36112  64.4840 104.8698 0006299 146.6453 163.5706  2.13101276107258
COSMOS 2460             
1 36402U 10007C   23271.27275008 -.00000065  00000+0  00000+0 0  9999
2 36402  65.8771 347.8515 0001717 209.7963 196.2853  2.13106154105571
NAVSTAR 65 (USA 213)    
1 36585U 10022A   23271.55562419 -.00000004  00000+0  00000+0 0  9997
2 36585  54.5556 248.6085 0110062  59.6812 135.0416  2.00563112 97683
BEIDOU-2 IGSO-1         
1 36828U 10036A   23271.34781104 -.00000139  00000+0  00000+0 0  9992
2 36828  54.2343 171.9555 0036774 187.5804 237.5770  1.00246150 48252
QZS-1 (MICHIBIKI-1)     
1 37158U 10045A   23271.23346562  .00000018  00000+0  00000+0 0  9997
2 37158  42.9014 127.3995 0003208 110.7940  74.2343  0.87714891 47680
BEIDOU-2 G4             
1 37210U 10057A   23271.59037385 -.00000125  00000+0  00000+0 0  9998
2 37210   1.2295  61.9287 0006833 157.7434 159.9429  1.00272242 47334
BEIDOU-2 IGSO-2         
1 37256U 10068A   23271.29361896 -.00000185  00000+0  00000+0 0  9990
2 37256  49.3666 284.0142 0032339 213.5899  83.3594  1.00275768 46836
BEIDOU-2 IGSO-3         
1 37384U 11013A   23271.29103098 -.00000177  00000+0  00000+0 0  9992
2 37384  60.9754  49.6633 0028394 175.6078 354.5506  1.00275127 45708
GSAT-8                  
1 37605U 11022A   23271.60971999  .00000070  00000+0  00000+0 0  9997
2 37605   0.0157 189.9544 0006268  61.5977  30.1476  1.00272121 43265
NAVSTAR 66 (USA 232)    
1 37753U 11036A   23271.15819873 -.00000096  00000+0  00000+0 0  9997
2 37753  56.7466  10.5446 0126914  56.3781 297.6835  2.00568623 89351
BEIDOU-2 IGSO-4         
1 37763U 11038A   23271.23029030 -.00000097  00000+0  00000+0 0  9998
2 37763  54.5078 174.5012 0112010 227.7524 142.7813  1.00268763 44693
GSAT0101 (GALILEO-PFM)  
1 37846U 11060A   23270.76013369 -.00000098  00000+0  00000+0 0  9991
2 37846  57.1116   8.6661 0000869  71.1898 288.8381  1.70475738 74185
GSAT0102 (GALILEO-FM2)  
1 37847U 11060B   23270.64384733 -.00000097  00000+0  00000+0 0  9994
2 37847  57.1127   8.6689 0001426 314.9014  19.9828  1.70475148 74180
COSMOS 2476             
1 37867U 11064A   23270.96964175  .00000075  00000+0  00000+0 0  9994
2 37867  64.7797 106.5306 0021225 230.7942  92.6232  2.13101661 92593
COSMOS 2477             
1 37868U 11064B   23270.55392060  .00000078  00000+0  00000+0 0  9991
2 37868  64.7869 106.6145 0018427 230.9565 311.4096  2.13101541 92585
COSMOS 2475             
1 37869U 11064C   23271.08978862  .00000074  00000+0  00000+0 0  9997
2 37869  64.7941 106.6087 0022425 249.4705 302.5008  2.13101882 92601
BEIDOU-2 IGSO-5         
1 37948U 11073A   23271.50926992 -.00000136  00000+0  00000+0 0  9999
2 37948  49.4918 283.6805 0095154 220.8421 141.4291  1.00266646 43182
LUCH-5A                 
1 37951U 11074B   23271.59453113 -.00000057  00000+0  00000+0 0  9995
2 37951   6.2041  89.2745 0004413  84.9172 213.9019  1.00269695 43097
BEIDOU-2 G5             
1 38091U 12008A   23271.60055920  .00000045  00000+0  00000+0 0  9991
2 38091   1.7664  68.7939 0004944 175.2459  38.0126  1.00268131 42416
BEIDOU-2 M3             
1 38250U 12018A   23270.82447753 -.00000076  00000+0  00000+0 0  9996
2 38250  56.4980 338.0960 0024302 256.5501 103.2427  1.86231008 77446
BEIDOU-2 M4             
1 38251U 12018B   23271.29277286 -.00000077  00000+0  00000+0 0  9992
2 38251  56.4082 337.3718 0015233 256.7755 103.1192  1.86231714 77452
SES-5                   
1 38652U 12036A   23271.47986383  .00000019  00000+0  00000+0 0  9997
2 38652   0.0523 304.8587 0002013 239.8097   0.0653  1.00270529 34530
BEIDOU-2 M6             
1 38775U 12050B   23271.00261061  .00000047  00000+0  00000+0 0  9998
2 38775  55.7093  95.9736 0011003 340.2430  19.7809  1.86231128 74817
GSAT-10                 
1 38779U 12051B   23271.62776938 -.00000179  00000+0  00000+0 0  9992
2 38779   0.0146 164.3818 0002753  83.5309  68.2431  1.00270459 40166
NAVSTAR 67 (USA 239)    
1 38833U 12053A   23271.14851493 -.00000002  00000+0  00000+0 0  9997
2 38833  53.5111 184.2201 0143556  52.4247 308.8941  2.00567525 79527
GSAT0103 (GALILEO-FM3)  
1 38857U 12055A   23270.79936663  .00000043  00000+0  00000+0 0  9992
2 38857  55.2911 128.8474 0002297 255.3847 104.6998  1.70473609 68079
GSAT0104 (GALILEO-FM4)  
1 38858U 12055B   23269.00902643  .00000038  00000+0  00000+0 0  9990
2 38858  55.2905 128.8982 0000695 148.4840 211.6239  1.70473861 68046
BEIDOU-2 G6             
1 38953U 12059A   23271.61303127 -.00000189  00000+0  00000+0 0  9990
2 38953   1.8863  81.8357 0006960 307.8615 282.1919  1.00272082 39959
LUCH-5B                 
1 38977U 12061A   23271.20048380 -.00000144  00000+0  00000+0 0  9992
2 38977   8.3077  58.9208 0005912 121.1423 242.5634  1.00270979 39669
COSMOS 2485             
1 39155U 13019A   23270.95932389  .00000076  00000+0  00000+0 0  9990
2 39155  64.9394 107.0596 0021778 226.7859 133.1122  2.13101822 81116
NAVSTAR 68 (USA 242)    
1 39166U 13023A   23271.50987808 -.00000033  00000+0  00000+0 0  9999
2 39166  55.3376 309.1467 0114703  41.6134 319.3203  2.00564116 75975
IRNSS-1A                
1 39199U 13034A   23269.56644080  .00000095  00000+0  00000+0 0  9999
2 39199  33.4759  78.3595 0020886 179.4440   6.2505  1.00272871 37392
NAVSTAR 69 (USA 248)    
1 39533U 14008A   23271.01102253 -.00000007  00000+0  00000+0 0  9991
2 39533  53.5979 189.7868 0067126 215.6218 143.9418  2.00552933 69764
ASTRA 5B                
1 39617U 14011B   23271.49499823  .00000122  00000+0  00000+0 0  9999
2 39617   0.0800 303.9787 0003910 263.4055   1.3141  1.00271400 34711
COSMOS 2492             
1 39620U 14012A   23271.38406224 -.00000065  00000+0  00000+0 0  9992
2 39620  65.7606 347.4628 0012076 312.9426  47.0140  2.13103006 74080
IRNSS-1B                
1 39635U 14017A   23270.58033914  .00000088  00000+0  00000+0 0  9990
2 39635  28.6614 257.2743 0019068 190.8041 181.9479  1.00272725 34835
LUCH-5V                 
1 39727U 14023A   23271.58313094 -.00000281  00000+0  00000+0 0  9996
2 39727   2.6344  77.1714 0003664 145.2621  89.3508  1.00271980 34408
NAVSTAR 70 (USA 251)    
1 39741U 14026A   23271.29251860 -.00000096  00000+0  00000+0 0  9999
2 39741  56.6987  10.0615 0029698 310.0212  49.7397  2.00555310 68625
COSMOS 2500             
1 40001U 14032A   23271.56703283 -.00000065  00000+0  00000+0 0  9994
2 40001  65.6987 347.2822 0008403 204.9565 155.0610  2.13105802 72304
NAVSTAR 71 (USA 256)    
1 40105U 14045A   23271.37556310  .00000054  00000+0  00000+0 0  9996
2 40105  54.8216 128.1112 0026728 113.9995 246.3805  2.00548487 66161
GSAT0201 (GALILEO 5)    
1 40128U 14050A   23269.44176039 -.00000038  00000+0  00000+0 0  9991
2 40128  49.9156 313.6823 1608122 141.2147 231.5219  1.85519146 59868
GSAT0202 (GALILEO 6)    
1 40129U 14050B   23270.77904778 -.00000048  00000+0  00000+0 0  9990
2 40129  49.9334 312.7008 1606018 142.0763 230.4165  1.85519815 62053
IRNSS-1C                
1 40269U 14061A   23271.58485649 -.00000173  00000+0  00000+0 0  9997
2 40269   4.0203 111.9697 0020113   5.3287 183.3359  1.00273663 32733
NAVSTAR 72 (USA 258)    
1 40294U 14068A   23267.76310661  .00000017  00000+0  00000+0 0  9994
2 40294  56.1958  69.6599 0049132  62.4733 298.0569  2.00572992 65223
COSMOS 2501             
1 40315U 14075A   23271.34789802  .00000000  00000+0  00000+0 0  9994
2 40315  63.6380 224.8229 0019611 210.4823 149.3764  2.13101211 68693
NAVSTAR 73 (USA 260)    
1 40534U 15013A   23270.39367100  .00000001  00000+0  00000+0 0  9998
2 40534  53.4546 245.3344 0081518  25.6536 334.7244  2.00553213 61892
GSAT0203 (GALILEO 7)    
1 40544U 15017A   23264.67372741 -.00000079  00000+0  00000+0 0  9990
2 40544  56.9063   8.8014 0003705 231.1064 128.8850  1.70476062 52823
GSAT0204 (GALILEO 8)    
1 40545U 15017B   23269.03348640 -.00000092  00000+0  00000+0 0  9992
2 40545  56.9128   8.6972 0004055 217.4748 142.5152  1.70475528 15285
IRNSS-1D                
1 40547U 15018A   23271.36942462 -.00000303  00000+0  00000+0 0  9991
2 40547  28.0259 257.2289 0019270 187.9047 166.5169  1.00275213 31029
BEIDOU-3S IGSO-1S       
1 40549U 15019A   23271.61413387 -.00000136  00000+0  00000+0 0  9995
2 40549  51.0560 307.2857 0040989 197.2361 175.5616  1.00250923 31122
NAVSTAR 74 (USA 262)    
1 40730U 15033A   23271.55271993 -.00000032  00000+0  00000+0 0  9996
2 40730  54.8255 307.7474 0086066  13.9447 346.3561  2.00553837 60086
BEIDOU-3S M2S           
1 40748U 15037A   23271.49528932 -.00000077  00000+0  00000+0 0  9999
2 40748  55.6478 335.9495 0012144 244.3468 115.5930  1.86233001 55638
BEIDOU-3S M1S           
1 40749U 15037B   23270.15457465 -.00000072  00000+0  00000+0 0  9999
2 40749  55.6517 335.9811 0004089 295.7498  64.2719  1.86232737 55615
GSAT0205 (GALILEO 9)    
1 40889U 15045A   23271.14775515  .00000008  00000+0  00000+0 0  9990
2 40889  55.3544 249.0382 0003864   1.3790 358.5876  1.70473076 50086
GSAT0206 (GALILEO 10)   
1 40890U 15045B   23271.36843500  .00000006  00000+0  00000+0 0  9994
2 40890  55.3511 249.0277 0002556 333.6776  26.2736  1.70473092 50113
BEIDOU-3S IGSO-2S       
1 40938U 15053A   23271.35615593 -.00000127  00000+0  00000+0 0  9999
2 40938  50.7737 270.4646 0047776 194.8041 126.3625  1.00277363 29399
NAVSTAR 75 (USA 265)    
1 41019U 15062A   23271.60451997 -.00000010  00000+0  00000+0 0  9995
2 41019  56.1826  69.3597 0090194 221.1636 138.1694  2.00562152 57926
GSAT-15                 
1 41028U 15065A   23271.50900884 -.00000272  00000+0  00000+0 0  9991
2 41028   0.0181 170.1322 0002190   6.9932 106.6461  1.00269763 28844
GSAT0209 (GALILEO 12)   
1 41174U 15079A   23270.95359405  .00000043  00000+0  00000+0 0  9998
2 41174  55.3090 128.5503 0002483 338.7365  21.3634  1.70474008 47840
GSAT0208 (GALILEO 11)   
1 41175U 15079B   23269.41345852  .00000040  00000+0  00000+0 0  9996
2 41175  55.3066 128.5907 0002029 344.6898  15.4097  1.70473923 48231
IRNSS-1E                
1 41241U 16003A   23271.36942462 -.00000283  00000+0  00000+0 0  9995
2 41241  31.0323  77.4308 0021057 176.6344 357.4512  1.00265278 28122
NAVSTAR 76 (USA 266)    
1 41328U 16007A   23271.19636425  .00000055  00000+0  00000+0 0  9991
2 41328  55.0250 128.9021 0071734 233.6483 125.7862  2.00574458 55928
COSMOS 2514             
1 41330U 16008A   23271.32935609 -.00000064  00000+0  00000+0 0  9997
2 41330  65.4958 346.8657 0012243 211.4572 148.5278  2.13102476 59468
IRNSS-1F                
1 41384U 16015A   23271.49673868  .00000148  00000+0  00000+0 0  9990
2 41384   2.9820 128.6727 0019185 176.7905 272.8173  1.00280098 27710
BEIDOU-2 IGSO-6         
1 41434U 16021A   23271.34589090 -.00000158  00000+0  00000+0 0  9992
2 41434  58.7902  48.0221 0048059 218.2536 321.9012  1.00277739 27529
IRNSS-1G                
1 41469U 16027A   23271.51614470 -.00000347  00000+0  00000+0 0  9996
2 41469   2.8710 130.2844 0002124   9.0183 183.0082  1.00266916 27222
GSAT0211 (GALILEO 14)   
1 41549U 16030A   23270.70754020  .00000011  00000+0  00000+0 0  9992
2 41549  55.4988 249.0288 0004076 316.5881  43.3485  1.70473175 45737
GSAT0210 (GALILEO 13)   
1 41550U 16030B   23269.23929929  .00000025  00000+0  00000+0 0  9997
2 41550  55.4990 249.0704 0004031 280.6831  79.2518  1.70473360 45700
COSMOS 2516             
1 41554U 16032A   23270.03562920  .00000006  00000+0  00000+0 0  9996
2 41554  63.8647 225.2757 0015319 214.1184 145.7595  2.13106309 57042
BEIDOU-2 G7             
1 41586U 16037A   23271.60953552 -.00000367  00000+0  00000+0 0  9996
2 41586   1.9274  68.7411 0007140 342.6200 285.7666  1.00272990 26834
EUTELSAT 117 WEST B     
1 41589U 16038B   23271.63422184 -.00000026  00000+0  00000+0 0  9997
2 41589   0.0278  34.4127 0000071 227.2535 216.8097  1.00270837 26718
GSAT0207 (GALILEO 15)   
1 41859U 16069A   23271.24742546  .00000042  00000+0  00000+0 0  9992
2 41859  54.9722 128.6082 0002227 312.3854  47.7062  1.70473901 42479
GSAT0212 (GALILEO 16)   
1 41860U 16069B   23271.10205669  .00000042  00000+0  00000+0 0  9999
2 41860  54.9699 128.6089 0001928  16.1443 343.9722  1.70474152 42722
GSAT0213 (GALILEO 17)   
1 41861U 16069C   23270.88171802  .00000042  00000+0  00000+0 0  9995
2 41861  54.9718 128.6211 0002100 270.8948  89.1910  1.70472850 42589
GSAT0214 (GALILEO 18)   
1 41862U 16069D   23269.26920957  .00000038  00000+0  00000+0 0  9994
2 41862  54.9693 128.6599 0001218 279.7101  80.3809  1.70472699 42681
SES-15                  
1 42709U 17026A   23271.62644889  .00000046  00000+0  00000+0 0  9998
2 42709   0.0451  21.6645 0000393 159.3965 282.4524  1.00268416 24192
QZS-2 (MICHIBIKI-2)     
1 42738U 17028A   23270.84146751 -.00000183  00000+0  00000+0 0  9993
2 42738  41.0078 257.5310 0748779 270.4027 281.5410  1.00258716 23188
QZS-3 (MICHIBIKI-3)     
1 42917U 17048A   23271.51562256 -.00000363  00000+0  00000+0 0  9991
2 42917   0.0641 151.6185 0001878  47.6199 120.4705  1.00270258 22304
COSMOS 2522             
1 42939U 17055A   23271.17096245  .00000001  00000+0  00000+0 0  9993
2 42939  64.0987 225.7687 0009093 243.0783 116.8014  2.13101905 46810
QZS-4 (MICHIBIKI-4)     
1 42965U 17062A   23271.53458894 -.00000330  00000+0  00000+0 0  9998
2 42965  40.6259 356.1387 0749564 269.7161  73.2784  1.00273460 21854
BEIDOU-3 M1             
1 43001U 17069A   23271.30587156  .00000045  00000+0  00000+0 0  9998
2 43001  55.8609  96.0254 0007249 298.7523  61.2398  1.86231344 40114
BEIDOU-3 M2             
1 43002U 17069B   23270.16875145  .00000053  00000+0  00000+0 0  9999
2 43002  55.8594  96.0994 0005602 334.2554  25.7867  1.86231053 40089
GSAT0215 (GALILEO 19)   
1 43055U 17079A   23269.17108508  .00000026  00000+0  00000+0 0  9999
2 43055  55.4758 248.8967 0003532 274.9326  85.0076  1.70473850 36025
GSAT0216 (GALILEO 20)   
1 43056U 17079B   23270.63613681  .00000012  00000+0  00000+0 0  9991
2 43056  55.4757 248.8562 0005092 279.6536  80.2578  1.70473970 36065
GSAT0217 (GALILEO 21)   
1 43057U 17079C   23270.85649842  .00000010  00000+0  00000+0 0  9992
2 43057  55.4735 248.8492 0004533 291.3722  68.5468  1.70473943 36057
GSAT0218 (GALILEO 22)   
1 43058U 17079D   23271.07654722  .00000008  00000+0  00000+0 0  9998
2 43058  55.4735 248.8407 0005547 275.8680  84.0345  1.70473915 36089
BEIDOU-3 M7             
1 43107U 18003A   23270.45642968 -.00000075  00000+0  00000+0 0  9996
2 43107  55.1047 336.6911 0002981  75.7686 284.3275  1.86232308 38844
BEIDOU-3 M8             
1 43108U 18003B   23270.39472306 -.00000075  00000+0  00000+0 0  9997
2 43108  55.0978 336.6801 0004454 247.1851 112.8309  1.86230778 38854
BEIDOU-3 M4             
1 43207U 18018A   23270.83694064  .00000049  00000+0  00000+0 0  9999
2 43207  55.8194  96.1393 0004325  19.1704 340.9135  1.86231260 38248
BEIDOU-3 M3             
1 43208U 18018B   23271.44054969  .00000043  00000+0  00000+0 0  9996
2 43208  55.8194  96.1235 0005178 317.1388  42.8853  1.86231205 38255
BEIDOU-3 M9             
1 43245U 18029A   23271.12634686 -.00000074  00000+0  00000+0 0  9999
2 43245  54.9979 334.3998 0001743 231.4093 128.6406  1.86232274 37405
BEIDOU-3 M10            
1 43246U 18029B   23271.59328956 -.00000077  00000+0  00000+0 0  9994
2 43246  54.9946 334.4123 0002863 345.6528  14.4048  1.86232763 37391
IRNSS-1I                
1 43286U 18035A   23268.08799584  .00000095  00000+0  00000+0 0  9993
2 43286  29.2971  89.8607 0020154 176.9888 183.7212  1.00277929 20094
COSMOS 2527             
1 43508U 18053A   23271.12974696  .00000075  00000+0  00000+0 0  9996
2 43508  65.1011 107.1514 0007457 214.4942 145.5374  2.13102358 41115
BEIDOU-2 IGSO-7         
1 43539U 18057A   23270.76423762 -.00000160  00000+0  00000+0 0  9992
2 43539  55.1184 171.6543 0064059 230.5008 353.1034  1.00276095 19187
GSAT0221 (GALILEO 25)   
1 43564U 18060A   23269.21661626 -.00000092  00000+0  00000+0 0  9999
2 43564  57.2875   8.6114 0003248 252.6639 107.3188  1.70476002 32200
GSAT0222 (GALILEO 26)   
1 43565U 18060B   23270.02131496 -.00000095  00000+0  00000+0 0  9991
2 43565  57.2912   8.5909 0003978 219.4814 140.5078  1.70475747 32268
GSAT0219 (GALILEO 23)   
1 43566U 18060C   23267.31070046 -.00000085  00000+0  00000+0 0  9992
2 43566  57.2900   8.6662 0002535 256.4137 103.5787  1.70476004 32195
GSAT0220 (GALILEO 24)   
1 43567U 18060D   23269.87746299 -.00000095  00000+0  00000+0 0  9997
2 43567  57.2899   8.5973 0002788 251.4482 108.5396  1.70475634 32228
BEIDOU-3 M5             
1 43581U 18062A   23271.27651487 -.00000014  00000+0  00000+0 0  9997
2 43581  54.1728 216.0965 0004529 287.0112  72.9053  1.86231726 35145
BEIDOU-3 M6             
1 43582U 18062B   23271.14270606 -.00000014  00000+0  00000+0 0  9994
2 43582  54.1726 216.0906 0005395   4.8482 355.1230  1.86229603 35140
BEIDOU-3 M12            
1 43602U 18067A   23271.07878650 -.00000014  00000+0  00000+0 0  9997
2 43602  54.2602 214.7503 0007267  15.5006 344.4890  1.86231394 34621
BEIDOU-3 M11            
1 43603U 18067B   23271.21261525 -.00000014  00000+0  00000+0 0  9991
2 43603  54.2573 214.7115 0004279   2.4386 357.5310  1.86231354 34655
BEIDOU-3 M13            
1 43622U 18072A   23270.63466872  .00000050  00000+0  00000+0 0  9994
2 43622  55.7888  95.6855 0004051 293.9078  66.1174  1.86231412 34152
BEIDOU-3 M14            
1 43623U 18072B   23271.03707268  .00000047  00000+0  00000+0 0  9993
2 43623  55.7911  95.6646 0002466 350.3280   9.7330  1.86231430 34156
BEIDOU-3 M16            
1 43647U 18078A   23271.20008632 -.00000075  00000+0  00000+0 0  9995
2 43647  54.8938 334.5178 0005941   4.3218 355.7489  1.86227131 33661
BEIDOU-3 M15            
1 43648U 18078B   23271.33006182 -.00000076  00000+0  00000+0 0  9999
2 43648  54.8895 334.5171 0002733  11.7755 348.2964  1.86232110 33692
BEIDOU-3 G1             
1 43683U 18085A   23271.54840943 -.00000291  00000+0  00000+0 0  9999
2 43683   1.5663 122.7338 0002598   0.1145 221.7331  1.00269647 18102
COSMOS 2529             
1 43687U 18086A   23271.22896055  .00000002  00000+0  00000+0 0  9993
2 43687  64.3140 226.2087 0010767 263.2608  96.5890  2.13101960 38127
BEIDOU-3 M17            
1 43706U 18093A   23270.40402395 -.00000014  00000+0  00000+0 0  9996
2 43706  54.2556 216.0453 0009684 282.9256  76.9330  1.86231810 33038
BEIDOU-3 M18            
1 43707U 18093B   23270.27025183 -.00000014  00000+0  00000+0 0  9998
2 43707  54.2564 216.0415 0008139 310.0324  49.8631  1.86229643 33022
NAVSTAR 77 (USA 289)    
1 43873U 18109A   23271.12537774  .00000054  00000+0  00000+0 0  9992
2 43873  55.1997 131.4249 0026180 190.3007  13.3591  2.00569514 35152
BEIDOU-3 IGSO-1         
1 44204U 19023A   23271.32440133 -.00000211  00000+0  00000+0 0  9997
2 44204  57.2567  47.9912 0024050 195.0575   0.5413  1.00274800 16386
BEIDOU-2 G8             
1 44231U 19027A   23271.51933944 -.00000260  00000+0  00000+0 0  9993
2 44231   2.0161  81.0243 0006711 129.8516 127.5696  1.00275660 16124
COSMOS 2534             
1 44299U 19030A   23270.80185194  .00000003  00000+0  00000+0 0  9992
2 44299  64.3867 226.1517 0012996 282.8872 243.5675  2.13101757 33759
BEIDOU-3 IGSO-2         
1 44337U 19035A   23271.43696095 -.00000151  00000+0  00000+0 0  9992
2 44337  55.1519 167.5806 0033048 195.9261 280.2562  1.00266738 15715
NAVSTAR 78 (USA 293)    
1 44506U 19056A   23271.45118410 -.00000098  00000+0  00000+0 0  9995
2 44506  55.8241  10.4868 0037703 186.3151 151.7890  2.00565666 30154
BEIDOU-3 M24            
1 44542U 19061A   23270.34177908 -.00000014  00000+0  00000+0 0  9993
2 44542  54.4828 216.2818 0008483 344.8941  15.0471  1.86231414 27283
BEIDOU-3 M23            
1 44543U 19061B   23271.27549444 -.00000013  00000+0  00000+0 0  9994
2 44543  54.4811 216.2194 0005740 331.0559 206.8191  1.86231649 27301
BEIDOU-3 IGSO-3         
1 44709U 19073A   23271.45670195 -.00000157  00000+0  00000+0 0  9998
2 44709  56.4950 291.4969 0035135 190.5516 169.4283  1.00274817 14502
BEIDOU-3 M22            
1 44793U 19078A   23271.26111900 -.00000076  00000+0  00000+0 0  9999
2 44793  54.7422 334.4799 0004747  12.3761 347.7009  1.86232070 26157
BEIDOU-3 M21            
1 44794U 19078B   23270.85467859 -.00000074  00000+0  00000+0 0  9999
2 44794  54.7162 334.4756 0002793 358.2508   1.8133  1.86232513 26150
COSMOS 2544             
1 44850U 19088A   23271.54275930  .00000071  00000+0  00000+0 0  9993
2 44850  65.0874 106.9800 0011146 249.2977 110.6608  2.13102109 29563
BEIDOU-3 M19            
1 44864U 19090A   23271.28175437  .00000044  00000+0  00000+0 0  9993
2 44864  55.7238  95.8494 0015236 273.9816 206.1548  1.86231556 25741
BEIDOU-3 M20            
1 44865U 19090B   23271.50321564  .00000042  00000+0  00000+0 0  9991
2 44865  55.7257  95.8747 0012959 289.2320  69.1649  1.86231524 25725
BEIDOU-3 G2             
1 45344U 20017A   23270.50315123 -.00000154  00000+0  00000+0 0  9993
2 45344   2.0628  17.3759 0003334 168.1785  81.6307  1.00269844 13295
COSMOS 2545             
1 45358U 20018A   23271.27030585 -.00000066  00000+0  00000+0 0  9992
2 45358  64.8360 347.0932 0010815 240.1283 119.8217  2.13102440 27507
BEIDOU-3 G3             
1 45807U 20040A   23271.58523059 -.00000369  00000+0  00000+0 0  9999
2 45807   0.5988 348.9357 0007180 320.4082  18.9421  1.00276230 12111
NAVSTAR 79 (USA 304)    
1 45854U 20041A   23271.55339392 -.00000014  00000+0  00000+0 0  9991
2 45854  55.9041  67.7681 0037173 186.7737 168.3335  2.00562690 24125
GALAXY 30 (G-30)        
1 46114U 20056C   23270.57108007  .00000022  00000+0  00000+0 0  9993
2 46114   0.0198 144.4226 0002375  47.2024 255.0775  1.00272101 11440
COSMOS 2547             
1 46805U 20075A   23270.52060811  .00000004  00000+0  00000+0 0  9996
2 46805  64.6142 225.7243 0008062 243.7940 116.0977  2.13102755 22739
NAVSTAR 80 (USA 309)    
1 46826U 20078A   23271.33696000 -.00000002  00000+0  00000+0 0  9996
2 46826  54.3013 251.0891 0036456 194.9301 339.4955  2.00562651 21593
NAVSTAR 81 (USA 319)    
1 48859U 21054A   23271.33499007 -.00000098  00000+0  00000+0 0  9992
2 48859  55.3423  12.2657 0012951 213.2826 142.7538  2.00571926 16833
QZS-1R                  
1 49336U 21096A   23270.85194490 -.00000220  00000+0  00000+0 0  9990
2 49336  35.4009  94.5537 0744888 269.7107  83.3647  1.00284312  7056
GSAT0223 (GALILEO 27)   
1 49809U 21116A   23267.41475998 -.00000085  00000+0  00000+0 0  9990
2 49809  57.2810   8.5598 0003498 188.0129 190.8503  1.70475882 11193
GSAT0224 (GALILEO 28)   
1 49810U 21116B   23268.38835812 -.00000089  00000+0  00000+0 0  9998
2 49810  57.2819   8.5318 0002960 179.5637 189.3032  1.70475874 11232
COSMOS 2557             
1 52984U 22075A   23270.68335268 -.00000068  00000+0  00000+0 0  9992
2 52984  64.7536 349.2703 0012523 275.2175  84.6929  2.13102142  9543
COSMOS 2559             
1 54031U 22130A   23271.09467190 -.00000068  00000+0  00000+0 0  9995
2 54031  64.7247 349.3827 0007560 221.1734 138.8234  2.13101371  7521
COSMOS 2564             
1 54377U 22161A   23270.34910789  .00000005  00000+0  00000+0 0  9996
2 54377  64.7550 225.7872 0010262 225.0572 134.8349  2.13102085  6451
NAVSTAR 82 (USA 343)    
1 55268U 23009A   23269.79232659 -.00000012  00000+0  00000+0 0  9997
2 55268  55.0873 187.5341 0004666  90.6249 271.5536  2.00554056  5301
BEIDOU-3 G4             
1 56564U 23066A   23271.57653426 -.00000130  00000+0  00000+0 0  9999
2 56564   2.7856 288.7074 0006569 218.9194 227.0566  1.00271576  1448
IRNSS-1J (NVS-01)       
1 56759U 23076A   23271.44452510 -.00000358  00000+0  00000+0 0  9995
2 56759   4.6792 271.6139 0006669 344.5325  40.4052  1.00274978  1165
