NAVSTAR 43 (USA 132)    
1 24876U 97035A   23248.09510192 -.00000021  00000+0  00000+0 0  9999
2 24876  55.5871 138.3152 0072588  52.3424 308.3793  2.00564042191572
NAVSTAR 47 (USA 150)    
1 26360U 00025A   23248.47229175 -.00000053  00000+0  00000+0 0  9997
2 26360  54.4338  60.5554 0041478 199.3073 162.7927  2.00570668170902
NAVSTAR 51 (USA 166)    
1 27663U 03005A   23248.50118847  .00000038  00000+0  00000+0 0  9994
2 27663  55.2456 255.3636 0131893  44.6869 317.9919  2.00565941150945
NAVSTAR 52 (USA 168)    
1 27704U 03010A   23248.19334069 -.00000109  00000+0  00000+0 0  9997
2 27704  55.1156   5.3365 0248709 318.7563  39.9585  2.00574889149736
NAVSTAR 54 (USA 177)    
1 28190U 04009A   23248.28407279 -.00000080  00000+0  00000+0 0  9998
2 28190  55.6895 316.4320 0092904 138.7345 223.5811  2.00567254142576
NAVSTAR 56 (USA 180)    
1 28474U 04045A   23248.19985604 -.00000108  00000+0  00000+0 0  9997
2 28474  55.4426   5.6579 0162328 282.5685  74.4361  2.00579947138047
ANIK F1R                
1 28868U 05036A   23248.60096009 -.00000086  00000+0  00000+0 0  9998
2 28868   1.6910  89.0328 0002252  57.3283 307.1131  1.00272242 36274
NAVSTAR 57 (USA 183)    
1 28874U 05038A   23248.31120289 -.00000075  00000+0  00000+0 0  9991
2 28874  55.7408 313.8829 0139574 279.5207 123.9318  2.00575382131469
INMARSAT 4-F2           
1 28899U 05044A   23248.50115321 -.00000001  00000+0  00000+0 0  9996
2 28899   3.8588  40.6870 0002867 137.6724  50.2958  1.00270702 65333
NAVSTAR 58 (USA 190)    
1 29486U 06042A   23248.58210509  .00000020  00000+0  00000+0 0  9990
2 29486  54.6849 191.6063 0103150  32.1033 108.5917  2.00569676124026
NAVSTAR 59 (USA 192)    
1 29601U 06052A   23248.30709022  .00000037  00000+0  00000+0 0  9991
2 29601  55.2666 254.3305 0083278  79.3962 281.5572  2.00549605123070
NAVSTAR 60 (USA 196)    
1 32260U 07047A   23248.12314174 -.00000028  00000+0  00000+0 0  9992
2 32260  53.4649 122.1082 0151399  70.6416 291.0673  2.00551390116432
COSMOS 2433             
1 32275U 07052A   23248.44024876 -.00000092  00000+0  00000+0 0  9997
2 32275  66.0217 349.8988 0003762 218.8931 141.1087  2.13104124123457
COSMOS 2432             
1 32276U 07052B   23248.60526545 -.00000093  00000+0  00000+0 0  9997
2 32276  66.0359 350.0020 0008208 320.0029 113.6530  2.13103239123442
NAVSTAR 61 (USA 199)    
1 32384U 07062A   23248.40680900 -.00000076  00000+0  00000+0 0  9993
2 32384  55.8727 314.7004 0024898 150.3495 184.7731  2.00558812115136
COSMOS 2434             
1 32393U 07065A   23248.34045190  .00000065  00000+0  00000+0 0  9992
2 32393  64.3371 226.2713 0000214  85.1054  89.5111  2.13103073122122
COSMOS 2436             
1 32395U 07065C   23248.00015304  .00000064  00000+0  00000+0 0  9990
2 32395  64.3458 226.3446 0015734 352.5746  56.4920  2.13102770122074
NAVSTAR 62 (USA 201)    
1 32711U 08012A   23248.03718362  .00000023  00000+0  00000+0 0  9997
2 32711  54.4523 190.4587 0177530 235.8523 122.4406  2.00557254113378
NAVSTAR 64 (USA 206)    
1 35752U 09043A   23248.51413435 -.00000044  00000+0  00000+0 0  9990
2 35752  55.4347  67.6699 0058378  69.0309 292.0524  2.00557864102995
COSMOS 2456             
1 36111U 09070A   23248.11948578 -.00000010  00000+0  00000+0 0  9990
2 36111  64.4903 105.7792 0002156 334.2490 190.0214  2.13099215106770
COSMOS 2457             
1 36112U 09070B   23248.40801449 -.00000011  00000+0  00000+0 0  9999
2 36112  64.4743 105.6347 0005668 147.5613   8.8497  2.13101388106786
COSMOS 2460             
1 36402U 10007C   23248.33431008 -.00000092  00000+0  00000+0 0  9994
2 36402  65.8841 348.6176 0001506 174.1448 274.1289  2.13106281105086
NAVSTAR 65 (USA 213)    
1 36585U 10022A   23248.58817949  .00000043  00000+0  00000+0 0  9997
2 36585  54.5656 249.5359 0109230  59.6688 111.4034  2.00562023 97228
BEIDOU-2 IGSO-1         
1 36828U 10036A   23248.36313309 -.00000136  00000+0  00000+0 0  9993
2 36828  54.2366 172.1629 0036774 189.1073 220.6789  1.00253067 48021
QZS-1 (MICHIBIKI-1)     
1 37158U 10045A   23235.98548465 -.00000031  00000+0  00000+0 0  9991
2 37158  42.8909 127.5505 0036254  12.7354 203.3381  0.88330244 47378
BEIDOU-2 G4             
1 37210U 10057A   23248.52029817 -.00000125  00000+0  00000+0 0  9996
2 37210   1.1786  60.9339 0006184 153.3152 117.3342  1.00271358 47107
BEIDOU-2 IGSO-2         
1 37256U 10068A   23248.49396161 -.00000185  00000+0  00000+0 0  9999
2 37256  49.4053 284.2894 0032599 212.0026 133.8921  1.00283639 46603
BEIDOU-2 IGSO-3         
1 37384U 11013A   23248.27697270 -.00000174  00000+0  00000+0 0  9991
2 37384  60.9418  49.8835 0027876 174.0351 327.9625  1.00281471 45471
GSAT-8                  
1 37605U 11022A   23248.49941275  .00000073  00000+0  00000+0 0  9995
2 37605   0.0186 129.0180 0005177 120.1133 330.0533  1.00271138 43030
NAVSTAR 66 (USA 232)    
1 37753U 11036A   23248.16113219 -.00000102  00000+0  00000+0 0  9991
2 37753  56.7441  11.4354 0127089  56.3269 252.4134  2.00568518 88899
BEIDOU-2 IGSO-4         
1 37763U 11038A   23248.16817650 -.00000111  00000+0  00000+0 0  9994
2 37763  54.5107 174.7064 0112185 228.1556  97.2589  1.00273857 44456
GSAT0101 (GALILEO-PFM)  
1 37846U 11060A   23248.46991375 -.00000106  00000+0  00000+0 0  9995
2 37846  57.1102   9.2686 0001622  76.5118 283.5090  1.70475878 73932
GSAT0102 (GALILEO-FM2)  
1 37847U 11060B   23248.39421891 -.00000106  00000+0  00000+0 0  9999
2 37847  57.1105   9.2707 0001185 345.2914  14.5454  1.70475293 73807
COSMOS 2476             
1 37867U 11064A   23248.54010317 -.00000011  00000+0  00000+0 0  9994
2 37867  64.7703 107.2926 0021226 232.4738 163.7974  2.13101752 92177
COSMOS 2477             
1 37868U 11064B   23248.49812836 -.00000011  00000+0  00000+0 0  9995
2 37868  64.7774 107.3635 0018436 232.8420 309.1123  2.13101649 92116
COSMOS 2475             
1 37869U 11064C   23248.58671186 -.00000012  00000+0  00000+0 0  9998
2 37869  64.7846 107.3728 0022606 251.0373 317.3544  2.13102022 92129
BEIDOU-2 IGSO-5         
1 37948U 11073A   23248.54351347 -.00000138  00000+0  00000+0 0  9995
2 37948  49.5305 283.9568 0095230 220.2651 131.8326  1.00272388 42941
LUCH-5A                 
1 37951U 11074B   23248.47303684 -.00000058  00000+0  00000+0 0  9994
2 37951   6.1458  89.6755 0004767  63.8365 168.1787  1.00274771 42863
BEIDOU-2 G5             
1 38091U 12008A   23248.50010894  .00000045  00000+0  00000+0 0  9995
2 38091   1.7122  68.4526 0003257 171.7982 342.7870  1.00273130 42182
BEIDOU-2 M3             
1 38250U 12018A   23248.27229327 -.00000114  00000+0  00000+0 0  9998
2 38250  56.5106 338.8443 0023448 255.4391 104.3400  1.86231104 77020
BEIDOU-2 M4             
1 38251U 12018B   23247.66677430 -.00000111  00000+0  00000+0 0  9990
2 38251  56.4215 338.1574 0014303 254.9992 104.8830  1.86231792 77014
SES-5                   
1 38652U 12036A   23248.34606797  .00000022  00000+0  00000+0 0  9999
2 38652   0.0484 307.9200 0002151 224.6180 301.2077  1.00272499 34309
BEIDOU-2 M6             
1 38775U 12050B   23247.91367216 -.00000030  00000+0  00000+0 0  9993
2 38775  55.6910  96.7475 0011671 339.8059  20.2238  1.86231252 74388
GSAT-10                 
1 38779U 12051B   23248.50498220 -.00000177  00000+0  00000+0 0  9996
2 38779   0.0574 273.0026 0001884 337.5889 358.5585  1.00271096 39935
NAVSTAR 67 (USA 239)    
1 38833U 12053A   23248.21440683  .00000015  00000+0  00000+0 0  9997
2 38833  53.5130 185.1570 0142039  51.9539 309.3105  2.00567182 79954
GSAT0103 (GALILEO-FM3)  
1 38857U 12055A   23247.92251006 -.00000018  00000+0  00000+0 0  9995
2 38857  55.2820 129.4768 0002811 265.9882  94.0595  1.70473687 67686
GSAT0104 (GALILEO-FM4)  
1 38858U 12055B   23247.89196785 -.00000018  00000+0  00000+0 0  9994
2 38858  55.2823 129.4793 0000273 210.9891 149.0892  1.70473931 67681
BEIDOU-2 G6             
1 38953U 12059A   23248.59749176 -.00000186  00000+0  00000+0 0  9996
2 38953   1.8286  81.9494 0007088 311.8047 249.7594  1.00268879 39729
LUCH-5B                 
1 38977U 12061A   23248.23313295 -.00000147  00000+0  00000+0 0  9992
2 38977   8.2572  59.1179 0005968 110.9978 241.5836  1.00271069 39428
COSMOS 2485             
1 39155U 13019A   23248.43481999 -.00000011  00000+0  00000+0 0  9994
2 39155  64.9304 107.8200 0021734 228.3875 131.5056  2.13101956 80637
NAVSTAR 68 (USA 242)    
1 39166U 13023A   23248.57522985 -.00000068  00000+0  00000+0 0  9999
2 39166  55.3557 310.0676 0114237  41.7192 319.2070  2.00564255 75511
IRNSS-1A                
1 39199U 13034A   23245.63265355  .00000075  00000+0  00000+0 0  9993
2 39199  33.4191  78.7162 0020121 176.4036   9.3029  1.00279052 37153
NAVSTAR 69 (USA 248)    
1 39533U 14008A   23248.07522051  .00000022  00000+0  00000+0 0  9999
2 39533  53.6002 190.7204 0067228 215.7513 143.7843  2.00551705 69306
ASTRA 5B                
1 39617U 14011B   23248.27810073  .00000125  00000+0  00000+0 0  9996
2 39617   0.0561 317.2268 0003065 236.9621 273.5303  1.00274232 34485
COSMOS 2492             
1 39620U 14012A   23248.39027453 -.00000093  00000+0  00000+0 0  9991
2 39620  65.7677 348.2341 0011337 316.5740  43.3676  2.13103113 73594
IRNSS-1B                
1 39635U 14017A   23245.63265355  .00000099  00000+0  00000+0 0  9996
2 39635  28.7088 257.6937 0019888 192.0617 174.5523  1.00274071 34589
LUCH-5V                 
1 39727U 14023A   23248.60213366 -.00000281  00000+0  00000+0 0  9994
2 39727   2.5768  77.2838 0003575 132.4867  86.1745  1.00270649 34179
NAVSTAR 70 (USA 251)    
1 39741U 14026A   23248.35680018 -.00000103  00000+0  00000+0 0  9990
2 39741  56.6967  10.9501 0029025 310.9105  48.8460  2.00557066 68160
COSMOS 2500             
1 40001U 14032A   23248.10429886 -.00000091  00000+0  00000+0 0  9991
2 40001  65.7059 348.0710 0008020 197.9571 162.0458  2.13105802 71805
NAVSTAR 71 (USA 256)    
1 40105U 14045A   23247.94203733 -.00000023  00000+0  00000+0 0  9997
2 40105  54.8127 129.0479 0024866 113.1865 247.1497  2.00577734 65697
GSAT0201 (GALILEO 5)    
1 40128U 14050A   23247.88197263 -.00000095  00000+0  00000+0 0  9990
2 40128  49.9345 314.5455 1608883 140.3994 232.5476  1.85519177 59469
GSAT0202 (GALILEO 6)    
1 40129U 14050B   23247.60236181 -.00000093  00000+0  00000+0 0  9992
2 40129  49.9540 313.6281 1606816 141.1987 231.5271  1.85519912 61629
IRNSS-1C                
1 40269U 14061A   23248.50498220 -.00000174  00000+0  00000+0 0  9993
2 40269   3.9654 112.6759 0020056  17.5992 118.8821  1.00270553 32509
NAVSTAR 72 (USA 258)    
1 40294U 14068A   23247.82072277 -.00000040  00000+0  00000+0 0  9994
2 40294  56.1778  70.4409 0049113  61.9041 298.6343  2.00571798 64822
COSMOS 2501             
1 40315U 14075A   23248.35419667  .00000064  00000+0  00000+0 0  9998
2 40315  63.6405 225.6240 0019991 211.3790 148.4909  2.13101324 68200
NAVSTAR 73 (USA 260)    
1 40534U 15013A   23247.95671508  .00000038  00000+0  00000+0 0  9994
2 40534  53.4646 246.2640 0080382  25.2762 335.1169  2.00554658 61443
GSAT0203 (GALILEO 7)    
1 40544U 15017A   23247.07620970 -.00000104  00000+0  00000+0 0  9994
2 40544  56.9050   9.2793 0003111 225.3746 134.6014  1.70476108 51862
GSAT0204 (GALILEO 8)    
1 40545U 15017B   23247.91642251 -.00000105  00000+0  00000+0 0  9995
2 40545  56.9112   9.2708 0003472 207.9226 152.0612  1.70475680 52545
IRNSS-1D                
1 40547U 15018A   23245.95396405 -.00000287  00000+0  00000+0 0  9998
2 40547  28.0777 257.6583 0020041 192.2399 347.2610  1.00273097 30770
BEIDOU-3S IGSO-1S       
1 40549U 15019A   23248.60058190 -.00000164  00000+0  00000+0 0  9996
2 40549  51.0959 307.5562 0041057 195.9683 150.8015  1.00255936 30889
NAVSTAR 74 (USA 262)    
1 40730U 15033A   23248.11841363 -.00000067  00000+0  00000+0 0  9994
2 40730  54.8446 308.6996 0085219  13.9575 346.3385  2.00555177 59618
BEIDOU-3S M2S           
1 40748U 15037A   23248.40646514 -.00000114  00000+0  00000+0 0  9993
2 40748  55.6615 336.7316 0011286 241.0085 118.9193  1.86233124 55204
BEIDOU-3S M1S           
1 40749U 15037B   23247.60267051 -.00000111  00000+0  00000+0 0  9997
2 40749  55.6651 336.7451 0003144 301.3580  58.6530  1.86232837 55192
GSAT0205 (GALILEO 9)    
1 40889U 15045A   23247.68434367  .00000035  00000+0  00000+0 0  9999
2 40889  55.3639 249.6863 0003502 358.0370   1.9633  1.70473392 49681
GSAT0206 (GALILEO 10)   
1 40890U 15045B   23247.31844457  .00000034  00000+0  00000+0 0  9995
2 40890  55.3631 249.6919 0002361 323.6055  36.3796  1.70473376 49704
BEIDOU-3S IGSO-2S       
1 40938U 15053A   23248.48383334 -.00000111  00000+0  00000+0 0  9995
2 40938  50.8068 270.7293 0048168 194.1872 149.6433  1.00283004 29168
NAVSTAR 75 (USA 265)    
1 41019U 15062A   23247.67247694 -.00000040  00000+0  00000+0 0  9995
2 41019  56.1614  70.2967 0089098 221.0149 138.3538  2.00562277 57446
GSAT-15                 
1 41028U 15065A   23248.60224133 -.00000270  00000+0  00000+0 0  9990
2 41028   0.0589 274.9774 0001978 230.8745 148.8918  1.00273241 28619
GSAT0209 (GALILEO 12)   
1 41174U 15079A   23247.49020007 -.00000015  00000+0  00000+0 0  9994
2 41174  55.2996 129.1956 0003106 330.4649  29.5994  1.70473946 48020
GSAT0208 (GALILEO 11)   
1 41175U 15079B   23248.29637868 -.00000020  00000+0  00000+0 0  9999
2 41175  55.2983 129.1716 0002680 327.3126  32.7495  1.70473937 47876
IRNSS-1E                
1 41241U 16003A   23248.58865012 -.00000308  00000+0  00000+0 0  9996
2 41241  30.9788  77.7759 0020305 175.8856  54.5523  1.00275755 27893
NAVSTAR 76 (USA 266)    
1 41328U 16007A   23248.26302977 -.00000026  00000+0  00000+0 0  9994
2 41328  55.0169 129.8136 0071387 233.8773 125.5317  2.00575571 55461
COSMOS 2514             
1 41330U 16008A   23248.33553208 -.00000093  00000+0  00000+0 0  9995
2 41330  65.5031 347.6444 0011738 207.1748 152.7955  2.13102574 58972
IRNSS-1F                
1 41384U 16015A   23248.49480056  .00000147  00000+0  00000+0 0  9998
2 41384   2.9354 129.7759 0018447 177.0330 247.8490  1.00269837 27481
BEIDOU-2 IGSO-6         
1 41434U 16021A   23248.35479861 -.00000154  00000+0  00000+0 0  9997
2 41434  58.7561  48.2530 0047104 217.8684 302.2378  1.00282781 27298
IRNSS-1G                
1 41469U 16027A   23248.29916279 -.00000348  00000+0  00000+0 0  9998
2 41469   2.8258 131.4605 0003643   1.3851  88.3555  1.00263290 26998
GSAT0211 (GALILEO 14)   
1 41549U 16030A   23247.24412218  .00000034  00000+0  00000+0 0  9990
2 41549  55.5104 249.6742 0003952 307.8252  52.1401  1.70473483 45330
GSAT0210 (GALILEO 13)   
1 41550U 16030B   23246.36248060  .00000032  00000+0  00000+0 0  9994
2 41550  55.5100 249.6998 0004218 274.5863  85.3666  1.70473546 45314
COSMOS 2516             
1 41554U 16032A   23247.51170507  .00000060  00000+0  00000+0 0  9999
2 41554  63.8671 226.0542 0015487 214.6526 145.2336  2.13106404 56561
BEIDOU-2 G7             
1 41586U 16037A   23248.61178855 -.00000366  00000+0  00000+0 0  9995
2 41586   1.8734  68.4678 0006870 345.2036 261.5818  1.00270423 26606
EUTELSAT 117 WEST B     
1 41589U 16038B   23248.59507098 -.00000023  00000+0  00000+0 0  9991
2 41589   0.0088 294.0854 0000250 161.4986 346.0845  1.00270976 26470
GSAT0207 (GALILEO 15)   
1 41859U 16069A   23247.19746208 -.00000013  00000+0  00000+0 0  9997
2 41859  54.9624 129.2757 0002998 308.7048  51.3511  1.70473872 42281
GSAT0212 (GALILEO 16)   
1 41860U 16069B   23248.22529093 -.00000020  00000+0  00000+0 0  9993
2 41860  54.9600 129.2439 0002288   0.6676 359.4114  1.70474068 42336
GSAT0213 (GALILEO 17)   
1 41861U 16069C   23248.00477500 -.00000019  00000+0  00000+0 0  9993
2 41861  54.9622 129.2560 0002651 277.1144  82.9350  1.70472783 42197
GSAT0214 (GALILEO 18)   
1 41862U 16069D   23248.15201428 -.00000020  00000+0  00000+0 0  9996
2 41862  54.9609 129.2458 0001807 287.3467  72.7124  1.70472640 42325
SES-15                  
1 42709U 17026A   23248.31935203  .00000048  00000+0  00000+0 0  9993
2 42709   0.0223  52.4067 0000905 129.5473 148.0195  1.00274904 23954
QZS-2 (MICHIBIKI-2)     
1 42738U 17028A   23247.87567319 -.00000151  00000+0  00000+0 0  9992
2 42738  41.0437 257.8584 0752031 270.0959 272.1651  1.00264871 22955
QZS-3 (MICHIBIKI-3)     
1 42917U 17048A   23248.49812840 -.00000360  00000+0  00000+0 0  9996
2 42917   0.0608 203.7581 0002199 346.0267 100.9371  1.00271641 22078
COSMOS 2522             
1 42939U 17055A   23248.17729591  .00000064  00000+0  00000+0 0  9993
2 42939  64.1011 226.5566 0009818 243.3653 116.5236  2.13101956 46323
QZS-4 (MICHIBIKI-4)     
1 42965U 17062A   23247.62202146 -.00000352  00000+0  00000+0 0  9992
2 42965  40.6357 356.4420 0748041 269.2775  81.1294  1.00280539 21612
BEIDOU-3 M1             
1 43001U 17069A   23248.21696626 -.00000031  00000+0  00000+0 0  9991
2 43001  55.8427  96.7959 0007784 302.3468  57.6527  1.86231603 39686
BEIDOU-3 M2             
1 43002U 17069B   23247.07979341 -.00000023  00000+0  00000+0 0  9994
2 43002  55.8410  96.8704 0006310 334.2346  25.8132  1.86231145 39658
GSAT0215 (GALILEO 19)   
1 43055U 17079A   23247.46750197  .00000035  00000+0  00000+0 0  9994
2 43055  55.4867 249.4941 0003742 268.5072  91.4510  1.70474100 35656
GSAT0216 (GALILEO 20)   
1 43056U 17079B   23246.58625198  .00000032  00000+0  00000+0 0  9996
2 43056  55.4873 249.5184 0005310 274.6738  85.2661  1.70474233 35659
GSAT0217 (GALILEO 21)   
1 43057U 17079C   23247.97977797  .00000037  00000+0  00000+0 0  9991
2 43057  55.4849 249.4789 0004639 284.6482  75.3024  1.70474201 35662
GSAT0218 (GALILEO 22)   
1 43058U 17079D   23248.19983112  .00000038  00000+0  00000+0 0  9996
2 43058  55.4850 249.4704 0005761 271.7605  88.1761  1.70474188 35690
BEIDOU-3 M7             
1 43107U 18003A   23247.36755801 -.00000111  00000+0  00000+0 0  9992
2 43107  55.1184 337.4834 0003530  78.6147 281.4657  1.86232420 38414
BEIDOU-3 M8             
1 43108U 18003B   23248.37956737 -.00000115  00000+0  00000+0 0  9990
2 43108  55.1107 337.4356 0004004 242.8603 117.1387  1.86230905 38442
BEIDOU-3 M4             
1 43207U 18018A   23248.28497886 -.00000032  00000+0  00000+0 0  9999
2 43207  55.8015  96.8925 0004961  13.9381 346.1505  1.86231537 37826
BEIDOU-3 M3             
1 43208U 18018B   23247.81468217 -.00000029  00000+0  00000+0 0  9990
2 43208  55.8006  96.9126 0005837 320.1633  39.8700  1.86231414 37813
BEIDOU-3 M9             
1 43245U 18029A   23248.57445410 -.00000114  00000+0  00000+0 0  9992
2 43245  55.0116 335.1751 0001457 215.2378 144.7946  1.86232621 36980
BEIDOU-3 M10            
1 43246U 18029B   23246.89363951 -.00000107  00000+0  00000+0 0  9997
2 43246  55.0102 335.2620 0002696 356.7792   3.2632  1.86232871 36932
IRNSS-1I                
1 43286U 18035A   23248.14104013  .00000077  00000+0  00000+0 0  9995
2 43286  29.2523  90.1766 0019640 176.0795 183.5655  1.00272200 19885
COSMOS 2527             
1 43508U 18053A   23247.66676946 -.00000006  00000+0  00000+0 0  9990
2 43508  65.0915 107.9387 0007348 219.4359 140.5926  2.13102420 40611
BEIDOU-2 IGSO-7         
1 43539U 18057A   23248.59241181 -.00000147  00000+0  00000+0 0  9996
2 43539  55.1208 171.8482 0064526 231.2332 267.9727  1.00283300 18968
GSAT0221 (GALILEO 25)   
1 43564U 18060A   23247.51299554 -.00000104  00000+0  00000+0 0  9999
2 43564  57.2855   9.1957 0002727 252.5797 107.3923  1.70476035 31835
GSAT0222 (GALILEO 26)   
1 43565U 18060B   23248.31766785 -.00000105  00000+0  00000+0 0  9995
2 43565  57.2892   9.1752 0003388 210.5605 149.4225  1.70475816 31890
GSAT0219 (GALILEO 23)   
1 43566U 18060C   23246.78024295 -.00000103  00000+0  00000+0 0  9996
2 43566  57.2882   9.2186 0001763 254.9456 105.0357  1.70476004 31842
GSAT0220 (GALILEO 24)   
1 43567U 18060D   23247.58724990 -.00000104  00000+0  00000+0 0  9996
2 43567  57.2881   9.1964 0002144 249.6153 110.3636  1.70475816 31843
BEIDOU-3 M5             
1 43581U 18062A   23248.18779749  .00000048  00000+0  00000+0 0  9999
2 43581  54.1783 216.8829 0005280 279.8878  80.0239  1.86231870 34714
BEIDOU-3 M6             
1 43582U 18062B   23248.05372402  .00000048  00000+0  00000+0 0  9991
2 43582  54.1780 216.8770 0004958 354.7204   5.2452  1.86229672 34717
BEIDOU-3 M12            
1 43602U 18067A   23247.45306286  .00000046  00000+0  00000+0 0  9997
2 43602  54.2654 215.5531 0006966  11.9983 347.9865  1.86231510 34188
BEIDOU-3 M11            
1 43603U 18067B   23248.12384026  .00000047  00000+0  00000+0 0  9992
2 43603  54.2623 215.4961 0004101 356.2466   3.7211  1.86231457 34228
BEIDOU-3 M13            
1 43622U 18072A   23247.00881806 -.00000023  00000+0  00000+0 0  9998
2 43622  55.7699  96.4758 0004547 299.6749  60.3589  1.86231590 33715
BEIDOU-3 M14            
1 43623U 18072B   23247.94817191 -.00000030  00000+0  00000+0 0  9996
2 43623  55.7724  96.4370 0003114 347.7338  12.3340  1.86231604 33733
BEIDOU-3 M16            
1 43647U 18078A   23247.57362431 -.00000110  00000+0  00000+0 0  9998
2 43647  54.9087 335.3325 0005936   9.8001 350.2546  1.86227234 33224
BEIDOU-3 M15            
1 43648U 18078B   23247.70423235 -.00000111  00000+0  00000+0 0  9995
2 43648  54.9041 335.3318 0002818  23.4351 336.6206  1.86232237 33245
BEIDOU-3 G1             
1 43683U 18085A   23248.51629514 -.00000291  00000+0  00000+0 0  9999
2 43683   1.5166 124.2943 0002562 359.2001 186.6932  1.00267004 17873
COSMOS 2529             
1 43687U 18086A   23248.23528320  .00000065  00000+0  00000+0 0  9994
2 43687  64.3163 226.9904 0011471 262.2616  97.5982  2.13102045 37631
BEIDOU-3 M17            
1 43706U 18093A   23247.31530620  .00000045  00000+0  00000+0 0  9996
2 43706  54.2608 216.8300 0010373 279.7238  80.1270  1.86231921 32601
BEIDOU-3 M18            
1 43707U 18093B   23248.25517599  .00000048  00000+0  00000+0 0  9994
2 43707  54.2614 216.7896 0008539 304.5382  55.3527  1.86229779 32614
NAVSTAR 77 (USA 289)    
1 43873U 18109A   23248.14185347 -.00000024  00000+0  00000+0 0  9991
2 43873  55.1929 132.3334 0025633 191.1321 336.7493  2.00568873 34690
BEIDOU-3 IGSO-1         
1 44204U 19023A   23248.47138681 -.00000209  00000+0  00000+0 0  9996
2 44204  57.2226  48.2288 0023436 194.0793  31.4516  1.00282135 16158
BEIDOU-2 G8             
1 44231U 19027A   23248.53411461 -.00000259  00000+0  00000+0 0  9992
2 44231   1.9587  81.1383 0006498 130.3154 109.7497  1.00271330 15891
COSMOS 2534             
1 44299U 19030A   23248.15311149  .00000065  00000+0  00000+0 0  9994
2 44299  64.3889 226.9195 0013603 281.0710 150.0325  2.13101918 33271
BEIDOU-3 IGSO-2         
1 44337U 19035A   23248.60105417 -.00000151  00000+0  00000+0 0  9998
2 44337  55.1535 167.7814 0033084 197.1730 315.6255  1.00274276 15481
NAVSTAR 78 (USA 293)    
1 44506U 19056A   23248.51974257 -.00000104  00000+0  00000+0 0  9993
2 44506  55.8215  11.3935 0036958 185.1759 155.1752  2.00565588 29697
BEIDOU-3 M24            
1 44542U 19061A   23247.25297912  .00000046  00000+0  00000+0 0  9999
2 44542  54.4882 217.0622 0008390 338.7356  21.1974  1.86231459 26851
BEIDOU-3 M23            
1 44543U 19061B   23248.58908426  .00000049  00000+0  00000+0 0  9999
2 44543  54.4863 216.9859 0005872 321.8395 125.7833  1.86231775 26888
BEIDOU-3 IGSO-3         
1 44709U 19073A   23248.52092831 -.00000172  00000+0  00000+0 0  9992
2 44709  56.5319 291.7399 0035202 189.8832 170.1287  1.00281846 14276
BEIDOU-3 M22            
1 44793U 19078A   23244.42588339 -.00000092  00000+0  00000+0 0  9999
2 44793  54.7609 335.4061 0004851  18.8791 349.4177  1.86232080 25668
BEIDOU-3 M21            
1 44794U 19078B   23248.30281099 -.00000113  00000+0  00000+0 0  9998
2 44794  54.7303 335.2566 0002761   9.8975 350.1500  1.86232650 25730
COSMOS 2544             
1 44850U 19088A   23248.54901473 -.00000011  00000+0  00000+0 0  9990
2 44850  65.0778 107.7519 0011369 252.2919 107.6633  2.13102218 29070
BEIDOU-3 M19            
1 44864U 19090A   23246.93004080 -.00000022  00000+0  00000+0 0  9999
2 44864  55.7043  96.6649 0015462 276.0152  77.4497  1.86231756 25287
BEIDOU-3 M20            
1 44865U 19090B   23248.23655463 -.00000032  00000+0  00000+0 0  9993
2 44865  55.7071  96.6537 0013360 291.4132 307.7922  1.86231772 25290
BEIDOU-3 G2             
1 45344U 20017A   23248.50437304 -.00000153  00000+0  00000+0 0  9993
2 45344   2.0486  16.2617 0003201 157.5582  72.1212  1.00272770 13076
COSMOS 2545             
1 45358U 20018A   23248.27652810 -.00000093  00000+0  00000+0 0  9997
2 45358  64.8434 347.8907 0009932 237.1392 122.7966  2.13102522 27015
BEIDOU-3 G3             
1 45807U 20040A   23248.61188056 -.00000365  00000+0  00000+0 0  9997
2 45807   0.6144 343.9793 0005839 331.6896 359.6010  1.00275227 11888
NAVSTAR 79 (USA 304)    
1 45854U 20041A   23248.53304264 -.00000042  00000+0  00000+0 0  9994
2 45854  55.8841  68.6751 0036101 186.0581 107.2740  2.00563540 23665
GALAXY 30 (G-30)        
1 46114U 20056C   23248.59094694  .00000025  00000+0  00000+0 0  9999
2 46114   0.0185 132.0735 0002370  47.8642 252.2166  1.00272352 11105
COSMOS 2547             
1 46805U 20075A   23248.46551228  .00000066  00000+0  00000+0 0  9999
2 46805  64.6163 226.4654 0008568 244.0429 115.8593  2.13102908 22262
NAVSTAR 80 (USA 309)    
1 46826U 20078A   23248.40551880  .00000038  00000+0  00000+0 0  9992
2 46826  54.3117 252.0199 0036001 194.6954 342.0418  2.00562716 21133
NAVSTAR 81 (USA 319)    
1 48859U 21054A   23248.43178817 -.00000103  00000+0  00000+0 0  9997
2 48859  55.3392  13.1823 0012212 211.2017 166.8544  2.00573557 16389
QZS-1R                  
1 49336U 21096A   23223.77030010 -.00000338  00000+0  00000+0 0  9996
2 49336  35.3027  95.2768 0759716 272.3783 359.4413  1.00237636  6587
GSAT0223 (GALILEO 27)   
1 49809U 21116A   23247.44146385 -.00000104  00000+0  00000+0 0  9998
2 49809  57.2795   9.0963 0003342 177.1716 183.6126  1.70475972 10859
GSAT0224 (GALILEO 28)   
1 49810U 21116B   23248.43966238 -.00000106  00000+0  00000+0 0  9999
2 49810  57.2791   9.0675 0002771 169.3224 196.5604  1.70476076 10893
COSMOS 2557             
1 52984U 22075A   23248.15880896 -.00000093  00000+0  00000+0 0  9999
2 52984  64.7600 350.0538 0011820 275.6257  84.2683  2.13102259  9064
COSMOS 2559             
1 54031U 22130A   23248.57004710 -.00000095  00000+0  00000+0 0  9997
2 54031  64.7311 350.1671 0007115 216.8556 143.1239  2.13101494  7046
COSMOS 2564             
1 54377U 22161A   23248.29392428  .00000066  00000+0  00000+0 0  9996
2 54377  64.7570 226.5244 0010910 226.4701 133.4294  2.13102155  5983
NAVSTAR 82 (USA 343)    
1 55268U 23009A   23247.60982793  .00000024  00000+0  00000+0 0  9996
2 55268  55.0905 188.4032 0004315  92.2474  93.6788  2.00555642  4856
BEIDOU-3 G4             
1 56564U 23066A   23248.54321295 -.00000123  00000+0  00000+0 0  9998
2 56564   2.8416 288.7929 0006877 212.9250 198.1922  1.00272947  1211
IRNSS-1J (NVS-01)       
1 56759U 23076A   23248.51420660 -.00000349  00000+0  00000+0 0  9998
2 56759   4.7367 272.0376 0005950 334.9529  51.9599  1.00273406   935
