NAVSTAR 43 (USA 132)    
1 24876U 97035A   23265.54537887  .00000020  00000+0  00000+0 0  9996
2 24876  55.5912 137.6332 0073330  52.7467 308.0057  2.00564125191928
NAVSTAR 47 (USA 150)    
1 26360U 00025A   23265.42242475 -.00000007  00000+0  00000+0 0  9998
2 26360  54.4485  59.8622 0041661 200.1536 161.2247  2.00569449171243
NAVSTAR 51 (USA 166)    
1 27663U 03005A   23265.59107545  .00000062  00000+0  00000+0 0  9992
2 27663  55.2373 254.6837 0132449  44.7506  57.8282  2.00564901151281
NAVSTAR 52 (USA 168)    
1 27704U 03010A   23264.62696208 -.00000079  00000+0  00000+0 0  9995
2 27704  55.1154   4.6738 0249155 319.1354  26.1500  2.00575686150057
NAVSTAR 54 (USA 177)    
1 28190U 04009A   23265.26361003 -.00000027  00000+0  00000+0 0  9990
2 28190  55.6765 315.7567 0092695 139.5147 243.0568  2.00566707142919
NAVSTAR 56 (USA 180)    
1 28474U 04045A   23265.59951527 -.00000080  00000+0  00000+0 0  9996
2 28474  55.4428   4.9622 0162485 282.7898  37.3102  2.00555253138395
ANIK F1R                
1 28868U 05036A   23265.45003809 -.00000073  00000+0  00000+0 0  9992
2 28868   1.7323  88.7778 0002135  60.3384 266.6578  1.00271933 36432
NAVSTAR 57 (USA 183)    
1 28874U 05038A   23265.20617250 -.00000022  00000+0  00000+0 0  9999
2 28874  55.7276 313.2115 0139963 279.7974  83.3253  2.00574210131803
INMARSAT 4-F2           
1 28899U 05044A   23265.48409657  .00000012  00000+0  00000+0 0  9991
2 28899   3.8743  40.7795 0002779 148.4167  50.0946  1.00273225 65503
NAVSTAR 58 (USA 190)    
1 29486U 06042A   23265.54404656  .00000013  00000+0  00000+0 0  9995
2 29486  54.6828 190.9344 0103544  32.6994 115.7742  2.00568699124362
NAVSTAR 59 (USA 192)    
1 29601U 06052A   23265.25991587  .00000063  00000+0  00000+0 0  9992
2 29601  55.2589 253.6575 0083436  79.4269 281.5179  2.00550495123377
NAVSTAR 60 (USA 196)    
1 32260U 07047A   23265.57440355  .00000026  00000+0  00000+0 0  9998
2 32260  53.4729 121.3846 0151988  71.0996 290.6292  2.00550540116788
COSMOS 2433             
1 32275U 07052A   23264.39506623 -.00000060  00000+0  00000+0 0  9999
2 32275  66.0170 349.3689 0004273 226.0666 133.9506  2.13104074123754
COSMOS 2432             
1 32276U 07052B   23264.53295094 -.00000060  00000+0  00000+0 0  9993
2 32276  66.0314 349.4733 0008657 316.2255  96.5797  2.13103197123797
NAVSTAR 61 (USA 199)    
1 32384U 07062A   23265.40288591 -.00000023  00000+0  00000+0 0  9994
2 32384  55.8598 314.0274 0024710 151.3776 215.4620  2.00559640115487
COSMOS 2434             
1 32393U 07065A   23265.19361727  .00000063  00000+0  00000+0 0  9999
2 32393  64.3356 225.6989 0000726  68.5632  75.3074  2.13103026122486
COSMOS 2436             
1 32395U 07065C   23263.54531417  .00000067  00000+0  00000+0 0  9997
2 32395  64.3444 225.8166 0015915 354.1986 100.6415  2.13102735122417
NAVSTAR 62 (USA 201)    
1 32711U 08012A   23264.98936669  .00000017  00000+0  00000+0 0  9994
2 32711  54.4504 189.7833 0177639 235.9655 122.3555  2.00557744113715
NAVSTAR 64 (USA 206)    
1 35752U 09043A   23265.48969500  .00000007  00000+0  00000+0 0  9992
2 35752  55.4498  66.9925 0058113  69.5615 308.3431  2.00556851103330
COSMOS 2456             
1 36111U 09070A   23265.51218664  .00000058  00000+0  00000+0 0  9990
2 36111  64.4979 105.1820 0001684 339.1536 208.0329  2.13099141107146
COSMOS 2457             
1 36112U 09070B   23263.42279241  .00000048  00000+0  00000+0 0  9996
2 36112  64.4809 105.1187 0006132 146.7303   8.4773  2.13101355107104
COSMOS 2460             
1 36402U 10007C   23265.53700259 -.00000061  00000+0  00000+0 0  9998
2 36402  65.8788 348.0434 0001628 201.4689 124.2893  2.13106217105448
NAVSTAR 65 (USA 213)    
1 36585U 10022A   23265.55863914  .00000060  00000+0  00000+0 0  9995
2 36585  54.5584 248.8507 0109810  59.6631 124.9257  2.00562832 97568
BEIDOU-2 IGSO-1         
1 36828U 10036A   23265.33593935 -.00000130  00000+0  00000+0 0  9998
2 36828  54.2344 172.0103 0036635 187.8449 227.6346  1.00248112 48190
QZS-1 (MICHIBIKI-1)     
1 37158U 10045A   23265.52965972 -.00000009  00000+0  00000+0 0  9995
2 37158  42.8930 127.4656 0003033 105.2130  78.6280  0.87715430 47630
BEIDOU-2 G4             
1 37210U 10057A   23265.59433906 -.00000111  00000+0  00000+0 0  9995
2 37210   1.2150  61.6295 0006428 154.2511 159.2349  1.00272873 47275
BEIDOU-2 IGSO-2         
1 37256U 10068A   23265.49279883 -.00000162  00000+0  00000+0 0  9994
2 37256  49.3779 284.0858 0032255 213.7708 149.0524  1.00277819 46789
BEIDOU-2 IGSO-3         
1 37384U 11013A   23265.29575767 -.00000157  00000+0  00000+0 0  9999
2 37384  60.9660  49.7230 0028482 175.5718 350.3271  1.00276903 45645
GSAT-8                  
1 37605U 11022A   23265.19576216  .00000087  00000+0  00000+0 0  9995
2 37605   0.0427  89.0436 0005666 156.4296 240.8906  1.00272289 43201
NAVSTAR 66 (USA 232)    
1 37753U 11036A   23264.69308439 -.00000075  00000+0  00000+0 0  9996
2 37753  56.7459  10.7953 0126959  56.3761 309.4675  2.00568655 89231
BEIDOU-2 IGSO-4         
1 37763U 11038A   23264.80408550 -.00000072  00000+0  00000+0 0  9994
2 37763  54.5080 174.5589 0111883 227.8844 342.9208  1.00270387 44628
GSAT0101 (GALILEO-PFM)  
1 37846U 11060A   23264.30771728 -.00000078  00000+0  00000+0 0  9992
2 37846  57.1111   8.8408 0001178  75.3836 284.6539  1.70475880 74078
GSAT0102 (GALILEO-FM2)  
1 37847U 11060B   23262.59751560 -.00000079  00000+0  00000+0 0  9995
2 37847  57.1117   8.8871 0001306 321.5110 115.1776  1.70475346 74059
COSMOS 2476             
1 37867U 11064A   23263.49723340  .00000049  00000+0  00000+0 0  9992
2 37867  64.7764 106.7846 0021203 231.2675 119.5843  2.13101725 92434
COSMOS 2477             
1 37868U 11064B   23265.36723412  .00000057  00000+0  00000+0 0  9990
2 37868  64.7847 106.7907 0018413 231.3429 291.9846  2.13101582 92475
COSMOS 2475             
1 37869U 11064C   23265.39539763  .00000057  00000+0  00000+0 0  9998
2 37869  64.7917 106.8022 0022448 249.8316 253.6019  2.13101931 92481
BEIDOU-2 IGSO-5         
1 37948U 11073A   23265.42887560 -.00000113  00000+0  00000+0 0  9995
2 37948  49.5036 283.7555 0095069 220.9048 106.5187  1.00268202 43117
LUCH-5A                 
1 37951U 11074B   23265.54999796 -.00000046  00000+0  00000+0 0  9993
2 37951   6.1871  89.3773 0004454  76.0881 200.6843  1.00269634 43038
BEIDOU-2 G5             
1 38091U 12008A   23265.55743998  .00000058  00000+0  00000+0 0  9991
2 38091   1.7509  68.6765 0004392 172.6057  19.3854  1.00266755 42355
BEIDOU-2 M3             
1 38250U 12018A   23265.45491035 -.00000070  00000+0  00000+0 0  9995
2 38250  56.5010 338.2744 0024116 256.2716 103.5187  1.86231066 77340
BEIDOU-2 M4             
1 38251U 12018B   23264.84932062 -.00000070  00000+0  00000+0 0  9998
2 38251  56.4118 337.5863 0014971 256.2212 103.6721  1.86231790 77330
SES-5                   
1 38652U 12036A   23265.32899372  .00000035  00000+0  00000+0 0  9993
2 38652   0.0538 306.0177 0001907 226.2116 312.1321  1.00270719 34471
BEIDOU-2 M6             
1 38775U 12050B   23265.09613275  .00000036  00000+0  00000+0 0  9996
2 38775  55.7046  96.1716 0011155 340.2299  19.7930  1.86231173 74700
GSAT-10                 
1 38779U 12051B   23265.54632583 -.00000165  00000+0  00000+0 0  9998
2 38779   0.0106 216.9140 0002229  26.9477  36.9935  1.00271849 40108
NAVSTAR 67 (USA 239)    
1 38833U 12053A   23265.16572189  .00000012  00000+0  00000+0 0  9994
2 38833  53.5114 184.4646 0143164  52.2981 309.0165  2.00567452 79400
GSAT0103 (GALILEO-FM3)  
1 38857U 12055A   23264.93349347  .00000033  00000+0  00000+0 0  9997
2 38857  55.2885 129.0088 0002431 258.6762 101.3923  1.70473657 67978
GSAT0104 (GALILEO-FM4)  
1 38858U 12055B   23263.72976503  .00000036  00000+0  00000+0 0  9997
2 38858  55.2883 129.0435 0000588 151.3590 208.7440  1.70473929 67958
BEIDOU-2 G6             
1 38953U 12059A   23265.54632583 -.00000175  00000+0  00000+0 0  9991
2 38953   1.8695  81.8480 0007320 311.5335 248.4905  1.00273613 39895
LUCH-5B                 
1 38977U 12061A   23265.25311002 -.00000131  00000+0  00000+0 0  9990
2 38977   8.2935  58.9664 0005799 114.8679 261.8883  1.00271898 39607
COSMOS 2485             
1 39155U 13019A   23264.85893155  .00000054  00000+0  00000+0 0  9995
2 39155  64.9372 107.2658 0021737 227.1044 132.7890  2.13101877 80980
NAVSTAR 68 (USA 242)    
1 39166U 13023A   23265.02834639 -.00000016  00000+0  00000+0 0  9993
2 39166  55.3429 309.4070 0114554  41.6235 319.3085  2.00564168 75844
IRNSS-1A                
1 39199U 13034A   23265.05252134  .00000092  00000+0  00000+0 0  9991
2 39199  33.4654  78.4263 0020787 179.1855 177.0026  1.00271509 37343
NAVSTAR 69 (USA 248)    
1 39533U 14008A   23265.02780062  .00000016  00000+0  00000+0 0  9994
2 39533  53.5984 190.0304 0067138 215.6603 143.9083  2.00552632 69642
ASTRA 5B                
1 39617U 14011B   23265.25327394  .00000139  00000+0  00000+0 0  9997
2 39617   0.0943 298.4289 0003626 259.3018 277.8296  1.00268898 34652
COSMOS 2492             
1 39620U 14012A   23265.28367166 -.00000060  00000+0  00000+0 0  9990
2 39620  65.7625 347.6676 0011848 313.7929  46.1623  2.13103061 73951
IRNSS-1B                
1 39635U 14017A   23265.05252134  .00000121  00000+0  00000+0 0  9991
2 39635  28.6716 257.3662 0019300 190.6382 346.5719  1.00270985 34779
LUCH-5V                 
1 39727U 14023A   23265.54077132 -.00000268  00000+0  00000+0 0  9990
2 39727   2.6180  77.1829 0003215 137.6453  75.7176  1.00274650 34343
NAVSTAR 70 (USA 251)    
1 39741U 14026A   23265.30927935 -.00000076  00000+0  00000+0 0  9995
2 39741  56.6982  10.2936 0029491 310.2380  49.5298  2.00555812 68509
COSMOS 2500             
1 40001U 14032A   23264.99747025 -.00000060  00000+0  00000+0 0  9990
2 40001  65.7005 347.5034 0008315 203.0328 156.9834  2.13105805 72168
NAVSTAR 71 (USA 256)    
1 40105U 14045A   23264.89353393  .00000024  00000+0  00000+0 0  9998
2 40105  54.8189 128.3703 0026515 113.8529 246.5129  2.00548107 66030
GSAT0201 (GALILEO 5)    
1 40128U 14050A   23264.59081527 -.00000038  00000+0  00000+0 0  9999
2 40128  49.9199 313.8767 1608303 141.0298 231.7590  1.85519198 59771
GSAT0202 (GALILEO 6)    
1 40129U 14050B   23265.38913168 -.00000033  00000+0  00000+0 0  9998
2 40129  49.9384 312.9165 1606223 141.8704 230.6844  1.85519890 61951
IRNSS-1C                
1 40269U 14061A   23265.41627737 -.00000158  00000+0  00000+0 0  9991
2 40269   4.0057 112.1604 0020638   3.8173 117.8160  1.00266235 32672
NAVSTAR 72 (USA 258)    
1 40294U 14068A   23264.27319007  .00000008  00000+0  00000+0 0  9990
2 40294  56.1927  69.7965 0049121  62.3938 298.1333  2.00572892 65152
COSMOS 2501             
1 40315U 14075A   23265.24754873  .00000061  00000+0  00000+0 0  9993
2 40315  63.6388 225.0353 0019723 210.7778 149.1004  2.13101255 68567
NAVSTAR 73 (USA 260)    
1 40534U 15013A   23265.40768765  .00000057  00000+0  00000+0 0  9997
2 40534  53.4570 245.5410 0081260  25.5462 334.8491  2.00553514 61794
GSAT0203 (GALILEO 7)    
1 40544U 15017A   23264.67372741 -.00000079  00000+0  00000+0 0  9990
2 40544  56.9063   8.8014 0003705 231.1064 128.8850  1.70476062 52160
GSAT0204 (GALILEO 8)    
1 40545U 15017B   23263.16764989 -.00000078  00000+0  00000+0 0  9992
2 40545  56.9127   8.8568 0003932 215.0847 144.9135  1.70475744 52800
IRNSS-1D                
1 40547U 15018A   23265.42175979 -.00000266  00000+0  00000+0 0  9990
2 40547  28.0379 257.3280 0019423 190.0513 177.1771  1.00267861 30977
BEIDOU-3S IGSO-1S       
1 40549U 15019A   23265.52123640 -.00000131  00000+0  00000+0 0  9993
2 40549  51.0680 307.3589 0040787 196.9572 136.8446  1.00252285 31050
NAVSTAR 74 (USA 262)    
1 40730U 15033A   23265.07087709 -.00000014  00000+0  00000+0 0  9996
2 40730  54.8309 308.0109 0085813  13.9379 346.3623  2.00554204 59950
BEIDOU-3S M2S           
1 40748U 15037A   23265.05189718 -.00000068  00000+0  00000+0 0  9999
2 40748  55.6517 336.1680 0011910 243.3046 116.6337  1.86233089 55518
BEIDOU-3S M1S           
1 40749U 15037B   23264.78507534 -.00000069  00000+0  00000+0 0  9990
2 40749  55.6549 336.1632 0003844 296.5323  63.4887  1.86232816 55512
GSAT0205 (GALILEO 9)    
1 40889U 15045A   23265.28192923  .00000051  00000+0  00000+0 0  9992
2 40889  55.3553 249.2003 0003776   0.3839 359.6095  1.70473165 49984
GSAT0206 (GALILEO 10)   
1 40890U 15045B   23264.91602223  .00000051  00000+0  00000+0 0  9992
2 40890  55.3542 249.2059 0002520 329.6775  30.3002  1.70473231 50007
BEIDOU-3S IGSO-2S       
1 40938U 15053A   23265.49036220 -.00000092  00000+0  00000+0 0  9992
2 40938  50.7838 270.5342 0047582 195.0366 168.5177  1.00278841 29340
NAVSTAR 75 (USA 265)    
1 41019U 15062A   23265.12293420  .00000012  00000+0  00000+0 0  9991
2 41019  56.1769  69.6136 0089896 221.1008 138.2492  2.00562184 57791
GSAT-15                 
1 41028U 15065A   23265.54077132 -.00000258  00000+0  00000+0 0  9993
2 41028   0.0131 227.7964 0002273 292.6130 128.9297  1.00272310 28785
GSAT0209 (GALILEO 12)   
1 41174U 15079A   23262.15483442  .00000040  00000+0  00000+0 0  9997
2 41174  55.3052 128.7924 0002681 336.1748  23.9195  1.70474077 47693
GSAT0208 (GALILEO 11)   
1 41175U 15079B   23264.13420369  .00000035  00000+0  00000+0 0  9991
2 41175  55.3044 128.7360 0001953 350.0792  10.0152  1.70473888 48302
IRNSS-1E                
1 41241U 16003A   23264.92475153 -.00000285  00000+0  00000+0 0  9999
2 41241  31.0173  77.5280 0020905 176.2823 191.4221  1.00268286 28185
NAVSTAR 76 (USA 266)    
1 41328U 16007A   23265.21373546  .00000024  00000+0  00000+0 0  9995
2 41328  55.0226 129.1399 0071625 233.6927 125.7300  2.00574778 55803
COSMOS 2514             
1 41330U 16008A   23265.22895530 -.00000060  00000+0  00000+0 0  9993
2 41330  65.4977 347.0725 0012120 210.2475 149.7361  2.13102556 59332
IRNSS-1F                
1 41384U 16015A   23265.47774394  .00000160  00000+0  00000+0 0  9991
2 41384   2.9697 128.9568 0019006 176.7464 259.6513  1.00277180 27652
BEIDOU-2 IGSO-6         
1 41434U 16021A   23265.32693126 -.00000138  00000+0  00000+0 0  9997
2 41434  58.7806  48.0849 0048054 218.1474 309.1401  1.00279198 27467
IRNSS-1G                
1 41469U 16027A   23265.49714995 -.00000334  00000+0  00000+0 0  9995
2 41469   2.8590 130.5848 0002278   4.6783 174.3424  1.00269996 27169
GSAT0211 (GALILEO 14)   
1 41549U 16030A   23263.08193665  .00000047  00000+0  00000+0 0  9996
2 41549  55.5027 249.2387 0004020 312.5582  47.3941  1.70473329 45605
GSAT0210 (GALILEO 13)   
1 41550U 16030B   23264.54662674  .00000051  00000+0  00000+0 0  9996
2 41550  55.5015 249.1995 0004122 279.0453  80.8994  1.70473431 45621
COSMOS 2516             
1 41554U 16032A   23265.34316605  .00000061  00000+0  00000+0 0  9992
2 41554  63.8652 225.4379 0015274 214.0859 145.8099  2.13106344 56945
BEIDOU-2 G7             
1 41586U 16037A   23265.49340799 -.00000353  00000+0  00000+0 0  9994
2 41586   1.9118  68.6446 0007706 345.3483 235.2331  1.00276680 26771
EUTELSAT 117 WEST B     
1 41589U 16038B   23265.42341130 -.00000010  00000+0  00000+0 0  9991
2 41589   0.0319  30.0512 0000279 224.4596 141.9521  1.00271844 26641
GSAT0207 (GALILEO 15)   
1 41859U 16069A   23261.86209507  .00000039  00000+0  00000+0 0  9990
2 41859  54.9676 128.8686 0002365 314.4900  45.5984  1.70473987 42313
GSAT0212 (GALILEO 16)   
1 41860U 16069B   23264.06304420  .00000035  00000+0  00000+0 0  9993
2 41860  54.9662 128.8045 0002074   8.7204 351.3816  1.70474221 42602
GSAT0213 (GALILEO 17)   
1 41861U 16069C   23265.01582662  .00000032  00000+0  00000+0 0  9993
2 41861  54.9692 128.7839 0002158 273.0544  87.0164  1.70472879 42485
GSAT0214 (GALILEO 18)   
1 41862U 16069D   23263.40333768  .00000037  00000+0  00000+0 0  9991
2 41862  54.9665 128.8227 0001094 280.5846  79.5041  1.70472713 42582
SES-15                  
1 42709U 17026A   23265.48591019  .00000061  00000+0  00000+0 0  9998
2 42709   0.0378  23.0376 0000413 123.5516 260.2849  1.00268311 24126
QZS-2 (MICHIBIKI-2)     
1 42738U 17028A   23265.27590459 -.00000122  00000+0  00000+0 0  9995
2 42738  41.0163 257.6095 0749542 270.3221  72.7340  1.00260232 23120
QZS-3 (MICHIBIKI-3)     
1 42917U 17048A   23265.56507649 -.00000347  00000+0  00000+0 0  9996
2 42917   0.0557 164.6709 0001734  18.8412 148.1294  1.00273758 22246
COSMOS 2522             
1 42939U 17055A   23264.60136301  .00000066  00000+0  00000+0 0  9992
2 42939  64.0995 225.9937 0009332 243.2562 116.6415  2.13101945 46673
QZS-4 (MICHIBIKI-4)     
1 42965U 17062A   23264.53788564 -.00000297  00000+0  00000+0 0  9992
2 42965  40.6288 356.2284 0749547 269.5875  67.6162  1.00275953 21782
BEIDOU-3 M1             
1 43001U 17069A   23261.64074682  .00000028  00000+0  00000+0 0  9990
2 43001  55.8530  96.3488 0007422 300.2700  59.7301  1.86231653 39935
BEIDOU-3 M2             
1 43002U 17069B   23264.79921609  .00000035  00000+0  00000+0 0  9998
2 43002  55.8551  96.2788 0005751 334.4633  25.5744  1.86231118 39981
GSAT0215 (GALILEO 19)   
1 43055U 17079A   23264.47842474  .00000051  00000+0  00000+0 0  9992
2 43055  55.4784 249.0258 0003619 273.2589  86.6906  1.70473948 35946
GSAT0216 (GALILEO 20)   
1 43056U 17079B   23264.77033138  .00000051  00000+0  00000+0 0  9995
2 43056  55.4792 249.0177 0005175 278.9744  80.9588  1.70474076 35968
GSAT0217 (GALILEO 21)   
1 43057U 17079C   23263.81752149  .00000049  00000+0  00000+0 0  9997
2 43057  55.4772 249.0429 0004617 290.1488  69.7902  1.70474026 35935
GSAT0218 (GALILEO 22)   
1 43058U 17079D   23264.62416043  .00000051  00000+0  00000+0 0  9991
2 43058  55.4770 249.0184 0005649 274.8940  85.0328  1.70474025 35976
BEIDOU-3 M7             
1 43107U 18003A   23264.54997648 -.00000070  00000+0  00000+0 0  9992
2 43107  55.1083 336.8940 0003133  76.8203 283.2743  1.86232392 38734
BEIDOU-3 M8             
1 43108U 18003B   23265.56212744 -.00000070  00000+0  00000+0 0  9993
2 43108  55.1007 336.8461 0004336 246.0628 113.9506  1.86230864 38768
BEIDOU-3 M4             
1 43207U 18018A   23264.93046263  .00000036  00000+0  00000+0 0  9991
2 43207  55.8143  96.3373 0004413  18.0733 342.0087  1.86231386 38136
BEIDOU-3 M3             
1 43208U 18018B   23264.99712253  .00000036  00000+0  00000+0 0  9997
2 43208  55.8139  96.3396 0005293 317.4976  42.5278  1.86231306 38135
BEIDOU-3 M9             
1 43245U 18029A   23265.21989327 -.00000067  00000+0  00000+0 0  9999
2 43245  55.0017 334.6039 0001571 225.8167 134.2310  1.86232490 37291
BEIDOU-3 M10            
1 43246U 18029B   23264.61295460 -.00000067  00000+0  00000+0 0  9991
2 43246  54.9990 334.6528 0002788 348.9245  11.1306  1.86232857 37260
IRNSS-1I                
1 43286U 18035A   23264.80404358  .00000097  00000+0  00000+0 0  9993
2 43286  29.2891  89.9134 0019915 176.9905  78.1525  1.00277324 20053
COSMOS 2527             
1 43508U 18053A   23264.56010681  .00000053  00000+0  00000+0 0  9997
2 43508  65.0984 107.3719 0007414 215.5526 144.4745  2.13102408 40974
BEIDOU-2 IGSO-7         
1 43539U 18057A   23265.34106782 -.00000144  00000+0  00000+0 0  9992
2 43539  55.1185 171.7022 0064040 230.7079 195.0984  1.00278045 19130
GSAT0221 (GALILEO 25)   
1 43564U 18060A   23259.83127371 -.00000085  00000+0  00000+0 0  9992
2 43564  57.2861   8.8642 0002955 251.6027 108.3809  1.70476287 32045
GSAT0222 (GALILEO 26)   
1 43565U 18060B   23262.39572637 -.00000079  00000+0  00000+0 0  9990
2 43565  57.2906   8.7965 0003780 215.9830 144.0147  1.70475919 32138
GSAT0219 (GALILEO 23)   
1 43566U 18060C   23262.03145064 -.00000079  00000+0  00000+0 0  9992
2 43566  57.2895   8.8085 0002292 255.5390 104.4578  1.70476196 32101
GSAT0220 (GALILEO 24)   
1 43567U 18060D   23263.42504255 -.00000078  00000+0  00000+0 0  9997
2 43567  57.2896   8.7718 0002906 252.8548 107.1378  1.70475951 32119
BEIDOU-3 M5             
1 43581U 18062A   23264.83317503  .00000045  00000+0  00000+0 0  9992
2 43581  54.1743 216.3165 0004787 285.7429  74.1908  1.86231819 35022
BEIDOU-3 M6             
1 43582U 18062B   23265.23624640  .00000042  00000+0  00000+0 0  9998
2 43582  54.1740 216.2923 0005352   1.9660 358.0225  1.86229669 35032
BEIDOU-3 M12            
1 43602U 18067A   23265.17238369  .00000041  00000+0  00000+0 0  9997
2 43602  54.2615 214.9511 0007202  14.5296 345.4783  1.86231450 34518
BEIDOU-3 M11            
1 43603U 18067B   23265.30621133  .00000040  00000+0  00000+0 0  9997
2 43603  54.2586 214.9122 0004246   0.7478 359.2401  1.86231407 34543
BEIDOU-3 M13            
1 43622U 18072A   23263.11734455  .00000029  00000+0  00000+0 0  9990
2 43622  55.7827  95.9370 0004162 295.8735  64.1512  1.86231540 34015
BEIDOU-3 M14            
1 43623U 18072B   23265.13060275  .00000036  00000+0  00000+0 0  9995
2 43623  55.7862  95.8622 0002627 350.0068  10.0537  1.86231522 34041
BEIDOU-3 M16            
1 43647U 18078A   23264.75650616 -.00000068  00000+0  00000+0 0  9994
2 43647  54.8979 334.7402 0005915   5.8201 354.2477  1.86227217 33540
BEIDOU-3 M15            
1 43648U 18078B   23262.73885855 -.00000070  00000+0  00000+0 0  9999
2 43648  54.8947 334.8137 0002743  16.2499 343.8226  1.86232268 33529
BEIDOU-3 G1             
1 43683U 18085A   23265.49923850 -.00000276  00000+0  00000+0 0  9998
2 43683   1.5515 123.1587 0003014 353.7936 203.9807  1.00272350 18046
COSMOS 2529             
1 43687U 18086A   23265.12861789  .00000065  00000+0  00000+0 0  9990
2 43687  64.3147 226.4160 0010995 262.9898  96.8790  2.13101994 37991
BEIDOU-3 M17            
1 43706U 18093A   23265.03457922  .00000044  00000+0  00000+0 0  9997
2 43706  54.2568 216.2282 0009898 282.6000  77.2759  1.86231895 32934
BEIDOU-3 M18            
1 43707U 18093B   23264.90074426  .00000045  00000+0  00000+0 0  9998
2 43707  54.2575 216.2244 0008306 308.8950  51.0175  1.86229728 32922
NAVSTAR 77 (USA 289)    
1 43873U 18109A   23265.11690348  .00000023  00000+0  00000+0 0  9997
2 43873  55.1982 131.6629 0026031 190.3932 354.7084  2.00569442 35038
BEIDOU-3 IGSO-1         
1 44204U 19023A   23265.18147771 -.00000192  00000+0  00000+0 0  9994
2 44204  57.2468  48.0574 0024078 195.0731 302.9608  1.00276919 16328
BEIDOU-2 G8             
1 44231U 19027A   23265.53486140 -.00000248  00000+0  00000+0 0  9995
2 44231   1.9996  81.0368 0006699 132.4926 124.5340  1.00265851 16063
COSMOS 2534             
1 44299U 19030A   23265.58769352  .00000061  00000+0  00000+0 0  9999
2 44299  64.3872 226.3285 0013165 282.5606 203.7701  2.13101803 33648
BEIDOU-3 IGSO-2         
1 44337U 19035A   23265.30809795 -.00000145  00000+0  00000+0 0  9997
2 44337  55.1520 167.6349 0032929 196.1179 227.7113  1.00268928 15652
NAVSTAR 78 (USA 293)    
1 44506U 19056A   23265.50395789 -.00000077  00000+0  00000+0 0  9997
2 44506  55.8231  10.7230 0037499 185.8666 178.0183  2.00565760 30046
BEIDOU-3 M24            
1 44542U 19061A   23263.89841918  .00000051  00000+0  00000+0 0  9994
2 44542  54.4844 216.4995 0008472 342.9249  17.0315  1.86231471 27166
BEIDOU-3 M23            
1 44543U 19061B   23265.34765219  .00000042  00000+0  00000+0 0  9996
2 44543  54.4824 216.4202 0005856 328.7819 194.7353  1.86231725 27194
BEIDOU-3 IGSO-3         
1 44709U 19073A   23263.47887629 -.00000150  00000+0  00000+0 0  9996
2 44709  56.5073 291.5810 0035261 190.2749 169.7196  1.00277258 14429
BEIDOU-3 M22            
1 44793U 19078A   23265.35466368 -.00000067  00000+0  00000+0 0  9993
2 44793  54.7459 334.6846 0004758  14.9338 345.1405  1.86232138 26047
BEIDOU-3 M21            
1 44794U 19078B   23264.94823783 -.00000067  00000+0  00000+0 0  9996
2 44794  54.7199 334.6803 0002768   1.0734 358.9879  1.86232574 26049
COSMOS 2544             
1 44850U 19088A   23264.97311463  .00000055  00000+0  00000+0 0  9996
2 44850  65.0846 107.2006 0011177 250.0318 109.9240  2.13102133 29422
BEIDOU-3 M19            
1 44864U 19090A   23264.36560468  .00000032  00000+0  00000+0 0  9993
2 44864  55.7180  96.0817 0015283 274.3575 248.8334  1.86231728 25611
BEIDOU-3 M20            
1 44865U 19090B   23262.91678747  .00000028  00000+0  00000+0 0  9998
2 44865  55.7185  96.1630 0013066 289.9285  71.6816  1.86231769 25575
BEIDOU-3 G2             
1 45344U 20017A   23265.48731642 -.00000139  00000+0  00000+0 0  9995
2 45344   2.0595  17.0847 0003234 161.3127  78.1700  1.00270807 13241
COSMOS 2545             
1 45358U 20018A   23265.16991798 -.00000061  00000+0  00000+0 0  9990
2 45358  64.8379 347.3050 0010586 239.2482 120.7008  2.13102502 27379
BEIDOU-3 G3             
1 45807U 20040A   23265.61466354 -.00000352  00000+0  00000+0 0  9992
2 45807   0.6032 347.4773 0005926 326.6082  18.8979  1.00265808 12051
NAVSTAR 79 (USA 304)    
1 45854U 20041A   23264.51880277  .00000006  00000+0  00000+0 0  9992
2 45854  55.8977  68.0463 0036924 186.6383 129.1741  2.00563024 23984
GALAXY 30 (G-30)        
1 46114U 20056C   23265.44865222  .00000038  00000+0  00000+0 0  9999
2 46114   0.0165 213.3021 0002289 322.6702 221.6088  1.00271159 11279
COSMOS 2547             
1 46805U 20075A   23265.35879577  .00000063  00000+0  00000+0 0  9993
2 46805  64.6148 225.8976 0008206 243.9312 115.9783  2.13102821 22629
NAVSTAR 80 (USA 309)    
1 46826U 20078A   23265.36473789  .00000060  00000+0  00000+0 0  9992
2 46826  54.3045 251.3324 0036245 195.0304 347.1447  2.00562718 21476
NAVSTAR 81 (USA 319)    
1 48859U 21054A   23265.32805046 -.00000076  00000+0  00000+0 0  9994
2 48859  55.3413  12.5071 0012716 212.4768 126.0754  2.00572477 16714
QZS-1R                  
1 49336U 21096A   23265.42462750 -.00000217  00000+0  00000+0 0  9990
2 49336  35.3887  94.6383 0744428 269.6178 283.9535  1.00286635  6992
GSAT0223 (GALILEO 27)   
1 49809U 21116A   23263.29562010 -.00000078  00000+0  00000+0 0  9996
2 49809  57.2807   8.6712 0003442 185.4216 185.4326  1.70476195 11129
GSAT0224 (GALILEO 28)   
1 49810U 21116B   23260.16048331 -.00000084  00000+0  00000+0 0  9993
2 49810  57.2808   8.7537 0002873 176.7344 182.4953  1.70476406 11083
COSMOS 2557             
1 52984U 22075A   23265.52147994 -.00000063  00000+0  00000+0 0  9991
2 52984  64.7550 349.4501 0012352 275.2347  84.6748  2.13102234  9437
COSMOS 2559             
1 54031U 22130A   23264.99425563 -.00000062  00000+0  00000+0 0  9998
2 54031  64.7264 349.5954 0007444 219.9113 140.0848  2.13101475  7396
COSMOS 2564             
1 54377U 22161A   23265.18727549  .00000064  00000+0  00000+0 0  9997
2 54377  64.7556 225.9596 0010438 225.5088 134.4000  2.13102117  6348
NAVSTAR 82 (USA 343)    
1 55268U 23009A   23262.59589436  .00000032  00000+0  00000+0 0  9997
2 55268  55.0881 187.8164 0004614  91.7836 114.4272  2.00554732  5159
BEIDOU-3 G4             
1 56564U 23066A   23265.52674470 -.00000111  00000+0  00000+0 0  9998
2 56564   2.8021 288.7301 0006801 215.2017 206.8641  1.00272071  1382
IRNSS-1J (NVS-01)       
1 56759U 23076A   23265.49714995 -.00000338  00000+0  00000+0 0  9999
2 56759   4.6960 271.7326 0006237 343.4899  54.3096  1.00278164  1103
