NAVSTAR 43 (USA 132)    
1 24876U 97035A   23213.19446777  .00000000  00000+0  00000+0 0  9995
2 24876  55.5815 139.6789 0070931  51.5676 309.0562  2.00563842190679
NAVSTAR 47 (USA 150)    
1 26360U 00025A   23213.24534437 -.00000029  00000+0  00000+0 0  9997
2 26360  54.4019  61.9990 0041148 198.3133 287.0359  2.00572993170180
NAVSTAR 51 (USA 166)    
1 27663U 03005A   23213.74516212  .00000052  00000+0  00000+0 0  9996
2 27663  55.2616 256.7478 0131278  44.6062  61.9991  2.00567882150238
NAVSTAR 52 (USA 168)    
1 27704U 03010A   23213.73408921 -.00000080  00000+0  00000+0 0  9996
2 27704  55.1144   6.7258 0248160 317.9864 358.1666  2.00573178149034
NAVSTAR 54 (USA 177)    
1 28190U 04009A   23212.40063309 -.00000056  00000+0  00000+0 0  9998
2 28190  55.7184 317.8580 0093153 136.8270 235.3737  2.00568180141884
NAVSTAR 56 (USA 180)    
1 28474U 04045A   23214.34414959 -.00000082  00000+0  00000+0 0  9998
2 28474  55.4413   7.0114 0161471 281.7467 107.9020  2.00578616137361
ANIK F1R                
1 28868U 05036A   23213.63799894 -.00000081  00000+0  00000+0 0  9990
2 28868   1.6017  89.4927 0003099  21.5233 321.3233  1.00271193 65625
NAVSTAR 57 (USA 183)    
1 28874U 05038A   23213.40669135 -.00000052  00000+0  00000+0 0  9996
2 28874  55.7696 315.2692 0138654 279.1557 119.9255  2.00577606130751
INMARSAT 4-F2           
1 28899U 05044A   23214.17359949  .00000003  00000+0  00000+0 0  9999
2 28899   3.8436  40.6082 0002851  97.6324 298.6473  1.00269010 64973
NAVSTAR 58 (USA 190)    
1 29486U 06042A   23212.02374583  .00000065  00000+0  00000+0 0  9992
2 29486  54.6878 193.0546 0102406  30.9651 351.6846  2.00571887123449
NAVSTAR 59 (USA 192)    
1 29601U 06052A   23212.90981365  .00000062  00000+0  00000+0 0  9998
2 29601  55.2818 255.7384 0084313  79.2034 281.8330  2.00575787122367
NAVSTAR 60 (USA 196)    
1 32260U 07047A   23214.21798045 -.00000004  00000+0  00000+0 0  9992
2 32260  53.4517 123.5148 0149987  69.7714 291.8591  2.00552999115773
COSMOS 2433             
1 32275U 07052A   23212.30730660 -.00000061  00000+0  00000+0 0  9994
2 32275  66.0318 351.0979 0002480 200.2914 159.6991  2.13104026122689
COSMOS 2432             
1 32276U 07052B   23214.31202282 -.00000064  00000+0  00000+0 0  9995
2 32276  66.0455 351.1396 0007845 330.9196  74.1914  2.13103163122721
NAVSTAR 61 (USA 199)    
1 32384U 07062A   23212.05777568 -.00000053  00000+0  00000+0 0  9997
2 32384  55.9017 316.1385 0024961 147.4043 222.7244  2.00556865114478
COSMOS 2434             
1 32393U 07065A   23212.96118020  .00000095  00000+0  00000+0 0  9997
2 32393  64.3382 227.4747 0000330 193.7783 198.8958  2.13103087121406
COSMOS 2436             
1 32395U 07065C   23213.31219898  .00000090  00000+0  00000+0 0  9999
2 32395  64.3469 227.5240 0015411 351.2704  86.2484  2.13102854121341
NAVSTAR 62 (USA 201)    
1 32711U 08012A   23212.13839487  .00000062  00000+0  00000+0 0  9994
2 32711  54.4547 191.8895 0177112 235.5509 122.7485  2.00556226112656
NAVSTAR 64 (USA 206)    
1 35752U 09043A   23213.60187150 -.00000022  00000+0  00000+0 0  9990
2 35752  55.4035  69.0656 0058483  67.6890 285.5950  2.00559733102261
COSMOS 2456             
1 36111U 09070A   23213.48102233  .00000009  00000+0  00000+0 0  9999
2 36111  64.4772 106.9698 0003424 321.9541 269.2029  2.13099176106073
COSMOS 2457             
1 36112U 09070B   23213.21530179  .00000007  00000+0  00000+0 0  9993
2 36112  64.4611 106.8450 0004498 155.6878   2.1386  2.13101336106070
COSMOS 2460             
1 36402U 10007C   23214.44609410 -.00000065  00000+0  00000+0 0  9993
2 36402  65.8944 349.7481 0001853 121.9879 248.0776  2.13106197104451
NAVSTAR 65 (USA 213)    
1 36585U 10022A   23212.68861834  .00000069  00000+0  00000+0 0  9999
2 36585  54.5798 250.9873 0108583  59.6946 110.2828  2.00560130 96492
BEIDOU-2 IGSO-1         
1 36828U 10036A   23213.81404676 -.00000135  00000+0  00000+0 0  9992
2 36828  54.2381 172.4746 0037073 190.5539 349.1353  1.00262972 47698
QZS-1 (MICHIBIKI-1)     
1 37158U 10045A   23207.91293981  .00000017  00000+0  00000+0 0  9996
2 37158  42.7673 127.8413 0408044 269.8132 316.8783  0.93974245    12
BEIDOU-2 G4             
1 37210U 10057A   23214.14517102 -.00000121  00000+0  00000+0 0  9992
2 37210   1.1043  59.1829 0004555 140.9345 322.5562  1.00269509 46752
BEIDOU-2 IGSO-2         
1 37256U 10068A   23213.15867233 -.00000170  00000+0  00000+0 0  9991
2 37256  49.4693 284.7212 0031988 210.6050 337.4671  1.00294653 46246
BEIDOU-2 IGSO-3         
1 37384U 11013A   23213.36015160 -.00000159  00000+0  00000+0 0  9998
2 37384  60.8876  50.2240 0027216 173.4770 322.4905  1.00290044 45130
GSAT-8                  
1 37605U 11022A   23214.00080946  .00000077  00000+0  00000+0 0  9998
2 37605   0.0082 316.4095 0002644 301.7338 107.5617  1.00273233 44716
NAVSTAR 66 (USA 232)    
1 37753U 11036A   23213.82816958 -.00000074  00000+0  00000+0 0  9994
2 37753  56.7383  12.7648 0127347  56.0278 302.1977  2.00568128 88208
BEIDOU-2 IGSO-4         
1 37763U 11038A   23212.88771737 -.00000034  00000+0  00000+0 0  9993
2 37763  54.5122 175.0204 0112167 228.4643 320.4154  1.00280929 44090
GSAT0101 (GALILEO-PFM)  
1 37846U 11060A   23214.44803363 -.00000080  00000+0  00000+0 0  9996
2 37846  57.1051  10.1879 0002924  66.6805 293.3513  1.70475807 73356
GSAT0102 (GALILEO-FM2)  
1 37847U 11060B   23210.85747266 -.00000067  00000+0  00000+0 0  9992
2 37847  57.1054  10.2851 0002137  21.9041 340.8720  1.70475266 73293
COSMOS 2476             
1 37867U 11064A   23214.37604955  .00000012  00000+0  00000+0 0  9995
2 37867  64.7583 108.4537 0021695 235.8344 230.9838  2.13101680 91449
COSMOS 2477             
1 37868U 11064B   23212.35700836  .00000002  00000+0  00000+0 0  9996
2 37868  64.7648 108.5914 0018983 236.9585 298.8204  2.13101606 91355
COSMOS 2475             
1 37869U 11064C   23214.31710066  .00000012  00000+0  00000+0 0  9992
2 37869  64.7727 108.5367 0023428 253.7367 304.1883  2.13101997 91404
BEIDOU-2 IGSO-5         
1 37948U 11073A   23214.17536660 -.00000130  00000+0  00000+0 0  9992
2 37948  49.5920 284.3750 0094482 219.7988 325.2650  1.00280064 42877
LUCH-5A                 
1 37951U 11074B   23213.61618958 -.00000058  00000+0  00000+0 0  9995
2 37951   6.0570  90.2855 0005473  35.3190 213.1050  1.00270630 42652
BEIDOU-2 G5             
1 38091U 12008A   23213.67103441  .00000051  00000+0  00000+0 0  9993
2 38091   1.6309  67.8246 0000576 194.1804 348.2176  1.00272177 41946
BEIDOU-2 M3             
1 38250U 12018A   23213.90705472 -.00000086  00000+0  00000+0 0  9998
2 38250  56.5303 339.9827 0021986 255.0567 104.7041  1.86230999 76725
BEIDOU-2 M4             
1 38251U 12018B   23214.37558641 -.00000086  00000+0  00000+0 0  9995
2 38251  56.4410 339.2628 0012847 254.6743 105.1893  1.86231719 76735
SES-5                   
1 38652U 12036A   23213.73203209  .00000027  00000+0  00000+0 0  9990
2 38652   0.0544 282.9707 0002265 206.3473  89.2543  1.00270718 40533
BEIDOU-2 M6             
1 38775U 12050B   23213.01175749 -.00000012  00000+0  00000+0 0  9995
2 38775  55.6650  97.9193 0012883 336.5961  23.4141  1.86231171 74086
GSAT-10                 
1 38779U 12051B   23213.79319005 -.00000171  00000+0  00000+0 0  9996
2 38779   0.0092 328.5912 0000267 290.7958  59.2942  1.00270678 39769
NAVSTAR 67 (USA 239)    
1 38833U 12053A   23213.31463089  .00000043  00000+0  00000+0 0  9996
2 38833  53.5153 186.5824 0139812  51.3204 309.8902  2.00566577 79254
GSAT0103 (GALILEO-FM3)  
1 38857U 12055A   23210.38093310 -.00000004  00000+0  00000+0 0  9992
2 38857  55.2703 130.5099 0004062 273.4664  86.4802  1.70473615 67180
GSAT0104 (GALILEO-FM4)  
1 38858U 12055B   23212.11019728 -.00000010  00000+0  00000+0 0  9994
2 38858  55.2708 130.4639 0001581 277.8901  82.0880  1.70473885 67187
BEIDOU-2 G6             
1 38953U 12059A   23213.79298983 -.00000183  00000+0  00000+0 0  9992
2 38953   1.9453  82.2819 0008902 322.7091 274.6567  1.00271330 39517
LUCH-5B                 
1 38977U 12061A   23214.37271937 -.00000146  00000+0  00000+0 0  9995
2 38977   8.1824  59.4091 0005907  88.0135 281.1641  1.00270887 39652
COSMOS 2485             
1 39155U 13019A   23214.17878631  .00000012  00000+0  00000+0 0  9991
2 39155  64.9187 108.9769 0022127 231.7460 128.1181  2.13101898 79907
NAVSTAR 68 (USA 242)    
1 39166U 13023A   23214.17325078 -.00000049  00000+0  00000+0 0  9991
2 39166  55.3843 311.4476 0114046  41.8005 319.1078  2.00564218 74812
IRNSS-1A                
1 39199U 13034A   23205.71504288  .00000072  00000+0  00000+0 0  9996
2 39199  33.3288  79.3134 0019283 180.1083 355.4143  1.00280533 36759
NAVSTAR 69 (USA 248)    
1 39533U 14008A   23213.17268057  .00000050  00000+0  00000+0 0  9996
2 39533  53.6027 192.1414 0067265 215.7065 143.8205  2.00549796 69158
ASTRA 5B                
1 39617U 14011B   23213.97554385  .00000130  00000+0  00000+0 0  9992
2 39617   0.0604 305.0704 0002791 206.5070 173.4024  1.00270175 34344
COSMOS 2492             
1 39620U 14012A   23213.19571016 -.00000063  00000+0  00000+0 0  9997
2 39620  65.7785 349.4132 0010830 324.3359  35.5910  2.13103030 72844
IRNSS-1B                
1 39635U 14017A   23200.71716126  .00000125  00000+0  00000+0 0  9993
2 39635  28.7936 258.4524 0021578 190.3137 161.9039  1.00278125 34125
LUCH-5V                 
1 39727U 14023A   23213.80338473 -.00000277  00000+0  00000+0 0  9990
2 39727   2.4902  77.4162 0002705  95.2714 161.3839  1.00273810551976
NAVSTAR 70 (USA 251)    
1 39741U 14026A   23212.45782662 -.00000068  00000+0  00000+0 0  9990
2 39741  56.6918  12.3403 0028497 312.6889  47.0858  2.00559598 67436
COSMOS 2500             
1 40001U 14032A   23213.84870932 -.00000064  00000+0  00000+0 0  9996
2 40001  65.7167 349.2213 0007168 188.5219 171.4658  2.13105818 71075
NAVSTAR 71 (USA 256)    
1 40105U 14045A   23212.04661395 -.00000010  00000+0  00000+0 0  9998
2 40105  54.8023 130.4832 0023402 112.9761 247.2731  2.00575246 65865
GSAT0201 (GALILEO 5)    
1 40128U 14050A   23212.30831881 -.00000069  00000+0  00000+0 0  9991
2 40128  49.9672 315.9689 1610413 139.0369 234.2791  1.85519013 60740
GSAT0202 (GALILEO 6)    
1 40129U 14050B   23208.79487664 -.00000078  00000+0  00000+0 0  9996
2 40129  49.9900 315.1803 1608285 139.7148 233.4140  1.85519682 60900
IRNSS-1C                
1 40269U 14061A   23213.79298962 -.00000171  00000+0  00000+0 0  9994
2 40269   3.8853 113.7564 0020860  12.9865 191.8845  1.00271361 32297
NAVSTAR 72 (USA 258)    
1 40294U 14068A   23213.41983097 -.00000018  00000+0  00000+0 0  9998
2 40294  56.1468  71.7906 0048649  60.5107 300.0583  2.00569453 64116
COSMOS 2501             
1 40315U 14075A   23213.15982283  .00000091  00000+0  00000+0 0  9997
2 40315  63.6418 226.8519 0020234 211.6442 148.2863  2.13101374 67453
NAVSTAR 73 (USA 260)    
1 40534U 15013A   23213.05515126  .00000066  00000+0  00000+0 0  9992
2 40534  53.4784 247.7122 0079066  25.0051 335.4563  2.00556756 61164
GSAT0203 (GALILEO 7)    
1 40544U 15017A   23214.22756056 -.00000080  00000+0  00000+0 0  9993
2 40544  56.9003  10.1714 0002016 216.1821 143.8060  1.70475952 51969
GSAT0204 (GALILEO 8)    
1 40545U 15017B   23212.13476929 -.00000071  00000+0  00000+0 0  9990
2 40545  56.9064  10.2425 0002394 192.8475 167.1552  1.70475544 51930
IRNSS-1D                
1 40547U 15018A   23213.53830062 -.00000256  00000+0  00000+0 0  9995
2 40547  28.1387 258.2098 0021588 191.0326 166.1445  1.00266977 30706
BEIDOU-3S IGSO-1S       
1 40549U 15019A   23214.21448113 -.00000174  00000+0  00000+0 0  9995
2 40549  51.1599 307.9626 0040382 194.3605 341.0866  1.00262804 30556
NAVSTAR 74 (USA 262)    
1 40730U 15033A   23213.71510447 -.00000046  00000+0  00000+0 0  9995
2 40730  54.8737 310.0964 0084489  14.1101 346.1695  2.00556882 58940
BEIDOU-3S M2S           
1 40748U 15037A   23213.50475374 -.00000085  00000+0  00000+0 0  9997
2 40748  55.6831 337.9121 0009734 238.1749 121.7362  1.86233012 54553
BEIDOU-3S M1S           
1 40749U 15037B   23213.23785484 -.00000084  00000+0  00000+0 0  9993
2 40749  55.6862 337.9073 0002369 329.3476  30.6437  1.86232773 54544
GSAT0205 (GALILEO 9)    
1 40889U 15045A   23211.90277271  .00000071  00000+0  00000+0 0  9994
2 40889  55.3803 250.6767 0003083   0.7123 359.3833  1.70473574 49077
GSAT0206 (GALILEO 10)   
1 40890U 15045B   23213.29663290  .00000063  00000+0  00000+0 0  9991
2 40890  55.3788 250.6334 0001836 324.1230  35.9553  1.70473537 49128
BEIDOU-3S IGSO-2S       
1 40938U 15053A   23214.13650552 -.00000090  00000+0  00000+0 0  9995
2 40938  50.8583 271.1321 0047742 193.5552 349.4453  1.00290358 28815
NAVSTAR 75 (USA 265)    
1 41019U 15062A   23212.27299690 -.00000018  00000+0  00000+0 0  9991
2 41019  56.1298  71.6851 0087798 221.1866 138.2277  2.00562177 56732
GSAT-15                 
1 41028U 15065A   23212.89323720 -.00000260  00000+0  00000+0 0  9993
2 41028   0.0218 291.3369 0002982 177.4195 255.5489  1.00270721 28329
GSAT0209 (GALILEO 12)   
1 41174U 15079A   23214.05478347 -.00000009  00000+0  00000+0 0  9997
2 41174  55.2890 130.1154 0004087 319.4928  40.4847  1.70473786 47458
GSAT0208 (GALILEO 11)   
1 41175U 15079B   23208.40851929  .00000006  00000+0  00000+0 0  9997
2 41175  55.2851 130.2689 0003482 318.9010  41.0701  1.70473809 47197
IRNSS-1E                
1 41241U 16003A   23212.59106757 -.00000314  00000+0  00000+0 0  9999
2 41241  30.8970  78.3257 0019483 176.7375  18.2977  1.00266114 27659
NAVSTAR 76 (USA 266)    
1 41328U 16007A   23213.36163870 -.00000004  00000+0  00000+0 0  9990
2 41328  55.0081 131.2009 0071563 234.8286 124.5069  2.00551651 54809
COSMOS 2514             
1 41330U 16008A   23213.61017429 -.00000064  00000+0  00000+0 0  9996
2 41330  65.5142 348.8192 0010622 201.5385 158.4168  2.13102512 58234
IRNSS-1F                
1 41384U 16015A   23213.73743631  .00000151  00000+0  00000+0 0  9993
2 41384   2.8664 131.4514 0017848 181.2666 295.2711  1.00274405 27127
BEIDOU-2 IGSO-6         
1 41434U 16021A   23212.29861303 -.00000135  00000+0  00000+0 0  9996
2 41434  58.6987  48.6218 0046287 217.9929 244.6696  1.00289424 26922
IRNSS-1G                
1 41469U 16027A   23213.94362201 -.00000344  00000+0  00000+0 0  9998
2 41469   2.7613 133.2002 0005177 345.9305 300.2965  1.00265269 26649
GSAT0211 (GALILEO 14)   
1 41549U 16030A   23213.80888361  .00000060  00000+0  00000+0 0  9990
2 41549  55.5259 250.5959 0003739 305.4090  54.6438  1.70473657 44743
GSAT0210 (GALILEO 13)   
1 41550U 16030B   23211.16751926  .00000073  00000+0  00000+0 0  9999
2 41550  55.5262 250.6700 0004113 269.6119  90.4363  1.70473817 44691
COSMOS 2516             
1 41554U 16032A   23213.25664521  .00000090  00000+0  00000+0 0  9990
2 41554  63.8681 227.2398 0015529 214.7699 145.1812  2.13106429 55837
BEIDOU-2 G7             
1 41586U 16037A   23213.92845682 -.00000362  00000+0  00000+0 0  9996
2 41586   1.7925  67.9511 0008061 350.9758 336.0944  1.00274893 26259
EUTELSAT 117 WEST B     
1 41589U 16038B   23213.16734616 -.00000015  00000+0  00000+0 0  9995
2 41589   0.0075 198.2187 0000209  83.8603 330.6656  1.00271017 26169
GSAT0207 (GALILEO 15)   
1 41859U 16069A   23212.00229430 -.00000010  00000+0  00000+0 0  9999
2 41859  54.9509 130.2524 0004220 303.4559  56.4996  1.70473778 41687
GSAT0212 (GALILEO 16)   
1 41860U 16069B   23212.44358446 -.00000010  00000+0  00000+0 0  9999
2 41860  54.9486 130.2372 0003075 333.5701  26.4119  1.70473968 41724
GSAT0213 (GALILEO 17)   
1 41861U 16069C   23213.39597762 -.00000010  00000+0  00000+0 0  9991
2 41861  54.9512 130.2168 0004068 281.4698  78.4876  1.70472634 41734
GSAT0214 (GALILEO 18)   
1 41862U 16069D   23214.12978067 -.00000009  00000+0  00000+0 0  9993
2 41862  54.9497 130.1904 0003168 287.1765  72.7969  1.70472516 41742
SES-15                  
1 42709U 17026A   23214.47908486  .00000050  00000+0  00000+0 0  9999
2 42709   0.0156  35.0354 0000880 112.4541 206.6448  1.00275804 23664
QZS-2 (MICHIBIKI-2)     
1 42738U 17028A   23214.42784608 -.00000116  00000+0  00000+0 0  9990
2 42738  41.0946 258.3364 0755759 269.6596  78.4510  1.00273546 22616
QZS-3 (MICHIBIKI-3)     
1 42917U 17048A   23213.68463212 -.00000354  00000+0  00000+0 0  9997
2 42917   0.0619 200.2718 0001928 306.3340 176.8828  1.00266780 21834
COSMOS 2522             
1 42939U 17055A   23213.45222472  .00000088  00000+0  00000+0 0  9998
2 42939  64.1023 227.7485 0010215 242.6535 117.2950  2.13101939 45582
QZS-4 (MICHIBIKI-4)     
1 42965U 17062A   23214.25872245 -.00000326  00000+0  00000+0 0  9999
2 42965  40.6490 356.8656 0746233 268.7155 276.3877  1.00289536 21275
BEIDOU-3 M1             
1 43001U 17069A   23212.24118286 -.00000016  00000+0  00000+0 0  9999
2 43001  55.8158  97.9999 0009227 302.5360  57.4395  1.86231388 39019
BEIDOU-3 M2             
1 43002U 17069B   23212.17783227 -.00000016  00000+0  00000+0 0  9995
2 43002  55.8154  98.0377 0007663 329.7260  30.2941  1.86231065 39007
GSAT0215 (GALILEO 19)   
1 43055U 17079A   23209.92632489  .00000071  00000+0  00000+0 0  9996
2 43055  55.5043 250.5295 0004281 266.2443  93.7991  1.70474238 35014
GSAT0216 (GALILEO 20)   
1 43056U 17079B   23213.73775815  .00000061  00000+0  00000+0 0  9991
2 43056  55.5022 250.4242 0005025 270.2614  89.7689  1.70474489 35067
GSAT0217 (GALILEO 21)   
1 43057U 17079C   23212.19836611  .00000071  00000+0  00000+0 0  9994
2 43057  55.5014 250.4659 0004628 281.9472  78.0955  1.70474329 35059
GSAT0218 (GALILEO 22)   
1 43058U 17079D   23212.41841644  .00000069  00000+0  00000+0 0  9999
2 43058  55.5014 250.4573 0006091 269.2394  90.7849  1.70474318 35054
BEIDOU-3 M7             
1 43107U 18003A   23213.53966759 -.00000086  00000+0  00000+0 0  9991
2 43107  55.1388 338.6422 0004388  77.1392 282.9151  1.86232346 37796
BEIDOU-3 M8             
1 43108U 18003B   23214.01444544 -.00000087  00000+0  00000+0 0  9990
2 43108  55.1315 338.6131 0003137 239.0419 120.9335  1.86230795 37807
BEIDOU-3 M4             
1 43207U 18018A   23213.92005505 -.00000008  00000+0  00000+0 0  9998
2 43207  55.7759  98.0436 0005659   0.1262 359.9468  1.86231298 37185
BEIDOU-3 M3             
1 43208U 18018B   23213.98668801 -.00000008  00000+0  00000+0 0  9999
2 43208  55.7754  98.0458 0007191 317.2270  42.7901  1.86231147 37181
BEIDOU-3 M9             
1 43245U 18029A   23213.67270436 -.00000085  00000+0  00000+0 0  9996
2 43245  55.0343 336.3748 0000916 172.6404 187.3687  1.86232271 36331
BEIDOU-3 M10            
1 43246U 18029B   23213.60279585 -.00000084  00000+0  00000+0 0  9993
2 43246  55.0315 336.4058 0002997  12.6278 347.3872  1.86232801 36321
IRNSS-1I                
1 43286U 18035A   23213.24005269  .00000067  00000+0  00000+0 0  9990
2 43286  29.1708  90.7426 0019111 180.0416 180.2694  1.00270929 19531
COSMOS 2527             
1 43508U 18053A   23213.41078406  .00000009  00000+0  00000+0 0  9995
2 43508  65.0799 109.0884 0007674 229.4526 130.5404  2.13102349 39882
BEIDOU-2 IGSO-7         
1 43539U 18057A   23211.84972152 -.00000120  00000+0  00000+0 0  9994
2 43539  55.1227 172.1697 0065017 231.9286 321.3775  1.00294304 18607
GSAT0221 (GALILEO 25)   
1 43564U 18060A   23212.31795902 -.00000071  00000+0  00000+0 0  9990
2 43564  57.2808  10.1426 0001605 264.6562  95.3333  1.70475803 31242
GSAT0222 (GALILEO 26)   
1 43565U 18060B   23209.60308336 -.00000064  00000+0  00000+0 0  9992
2 43565  57.2836  10.2164 0001790 200.7548 159.2542  1.70475645 31239
GSAT0219 (GALILEO 23)   
1 43566U 18060C   23209.82546737 -.00000064  00000+0  00000+0 0  9996
2 43566  57.2831  10.2129 0000736 295.2982  64.7099  1.70475855 31214
GSAT0220 (GALILEO 24)   
1 43567U 18060D   23213.56534720 -.00000077  00000+0  00000+0 0  9996
2 43567  57.2833  10.1125 0000953 263.8186  96.1739  1.70475429 31251
BEIDOU-3 M5             
1 43581U 18062A   23212.21244157  .00000093  00000+0  00000+0 0  9994
2 43581  54.1837 218.1108 0005784 273.6644  86.3027  1.86231817 34042
BEIDOU-3 M6             
1 43582U 18062B   23212.61489232  .00000087  00000+0  00000+0 0  9997
2 43582  54.1832 218.0864 0004576 346.3580  13.6598  1.86229535 34052
BEIDOU-3 M12            
1 43602U 18067A   23214.16235374  .00000066  00000+0  00000+0 0  9990
2 43602  54.2703 216.6857 0006660   9.2135 350.8131  1.86231554 33564
BEIDOU-3 M11            
1 43603U 18067B   23213.22228497  .00000078  00000+0  00000+0 0  9998
2 43603  54.2676 216.6835 0003887 350.6539   9.3610  1.86231487 33573
BEIDOU-3 M13            
1 43622U 18072A   23212.10695830 -.00000017  00000+0  00000+0 0  9994
2 43622  55.7441  97.6455 0005871 302.1376  57.8698  1.86231617 33064
BEIDOU-3 M14            
1 43623U 18072B   23213.58328214 -.00000009  00000+0  00000+0 0  9998
2 43623  55.7469  97.5885 0004256 337.0231  23.0298  1.86231588 33095
BEIDOU-3 M16            
1 43647U 18078A   23214.28178284 -.00000086  00000+0  00000+0 0  9993
2 43647  54.9299 336.4789 0006332  16.2982 343.7307  1.86227147 32613
BEIDOU-3 M15            
1 43648U 18078B   23213.87633452 -.00000085  00000+0  00000+0 0  9990
2 43648  54.9258 336.4969 0003458  34.6285 325.4019  1.86232125 32625
BEIDOU-3 G1             
1 43683U 18085A   23213.75887887 -.00000286  00000+0  00000+0 0  9990
2 43683   1.4430 126.7676 0003452 344.0776 252.4624  1.00267792 17522
COSMOS 2529             
1 43687U 18086A   23213.04094751  .00000094  00000+0  00000+0 0  9993
2 43687  64.3175 228.1888 0011809 261.1481  98.7743  2.13102070 36884
BEIDOU-3 M17            
1 43706U 18093A   23214.02467533  .00000068  00000+0  00000+0 0  9995
2 43706  54.2660 217.9635 0010809 276.6448  83.2504  1.86231867 31966
BEIDOU-3 M18            
1 43707U 18093B   23212.27940280  .00000092  00000+0  00000+0 0  9993
2 43707  54.2668 218.0147 0008779 299.7453  60.1999  1.86229705 31948
NAVSTAR 77 (USA 289)    
1 43873U 18109A   23214.12375122  .00000002  00000+0  00000+0 0  9999
2 43873  55.1845 133.6785 0025121 192.6826 251.7873  2.00567188 33964
BEIDOU-3 IGSO-1         
1 44204U 19023A   23213.93643333 -.00000199  00000+0  00000+0 0  9992
2 44204  57.1672  48.5937 0022832 193.7113 163.4393  1.00292116 15829
BEIDOU-2 G8             
1 44231U 19027A   23213.94771451 -.00000255  00000+0  00000+0 0  9993
2 44231   1.8721  81.2469 0005553 121.2353 233.5079  1.00271388 15544
COSMOS 2534             
1 44299U 19030A   23213.56750086  .00000087  00000+0  00000+0 0  9992
2 44299  64.3900 228.0942 0013843 279.8568 258.3235  2.13101982 32542
BEIDOU-3 IGSO-2         
1 44337U 19035A   23213.73261944 -.00000148  00000+0  00000+0 0  9998
2 44337  55.1549 168.0879 0033336 198.2819 326.4694  1.00284824 15163
NAVSTAR 78 (USA 293)    
1 44506U 19056A   23213.58910941 -.00000074  00000+0  00000+0 0  9998
2 44506  55.8153  12.7758 0035483 183.3913 135.2018  2.00564807 28999
BEIDOU-3 M24            
1 44542U 19061A   23213.42528415  .00000076  00000+0  00000+0 0  9999
2 44542  54.4933 218.2071 0008162 333.3822  26.6000  1.86231333 26227
BEIDOU-3 M23            
1 44543U 19061B   23213.74306722  .00000072  00000+0  00000+0 0  9996
2 44543  54.4916 218.1655 0005898 314.4211 170.4698  1.86231603 26222
BEIDOU-3 IGSO-3         
1 44709U 19073A   23213.62173315 -.00000169  00000+0  00000+0 0  9998
2 44709  56.5892 292.1077 0034984 187.9726 172.0824  1.00292487 13907
BEIDOU-3 M22            
1 44793U 19078A   23212.73350726 -.00000084  00000+0  00000+0 0  9996
2 44793  54.7796 336.5036 0005356  26.1242 333.9089  1.86232111 25073
BEIDOU-3 M21            
1 44794U 19078B   23212.32720944 -.00000083  00000+0  00000+0 0  9994
2 44794  54.7534 336.5005 0003242  24.2726 335.7485  1.86232553 25067
COSMOS 2544             
1 44850U 19088A   23212.88521337  .00000006  00000+0  00000+0 0  9998
2 44850  65.0658 108.9496 0012315 257.3690 102.5506  2.13102140 28298
BEIDOU-3 M19            
1 44864U 19090A   23212.30138604 -.00000016  00000+0  00000+0 0  9996
2 44864  55.6785  97.8280 0016527 277.7782 258.8085  1.86231633 24633
BEIDOU-3 M20            
1 44865U 19090B   23214.37957178 -.00000008  00000+0  00000+0 0  9992
2 44865  55.6819  97.7906 0014512 292.2348 287.4672  1.86231548 24655
BEIDOU-3 G2             
1 45344U 20017A   23213.79008688 -.00000147  00000+0  00000+0 0  9998
2 45344   2.0291  14.4287 0003559 128.6431 171.5008  1.00269690 12737
COSMOS 2545             
1 45358U 20018A   23213.08197917 -.00000064  00000+0  00000+0 0  9998
2 45358  64.8546 349.1101 0008381 234.9883 124.9333  2.13102478 26265
BEIDOU-3 G3             
1 45807U 20040A   23213.81517181 -.00000359  00000+0  00000+0 0  9999
2 45807   0.6489 337.1696 0004959  13.7213   3.1965  1.00267325 11554
NAVSTAR 79 (USA 304)    
1 45854U 20041A   23214.01576039 -.00000021  00000+0  00000+0 0  9998
2 45854  55.8525  70.0393 0034643 185.8092  24.3278  2.00564184 22968
GALAXY 30 (G-30)        
1 46114U 20056C   23213.70616185  .00000031  00000+0  00000+0 0  9996
2 46114   0.0153  66.0757 0002286  66.8643 306.3136  1.00271493 10874
COSMOS 2547             
1 46805U 20075A   23213.27128446  .00000091  00000+0  00000+0 0  9990
2 46805  64.6172 227.6501 0008831 243.6598 116.3034  2.13102990 21515
NAVSTAR 80 (USA 309)    
1 46826U 20078A   23213.48580046  .00000057  00000+0  00000+0 0  9999
2 46826  54.3274 253.4408 0034889 194.0177 328.8847  2.00562607 20426
NAVSTAR 81 (USA 319)    
1 48859U 21054A   23213.51895972 -.00000073  00000+0  00000+0 0  9992
2 48859  55.3319  14.5804 0010817 208.2730 159.6692  2.00575362 15670
QZS-1R                  
1 49336U 21096A   23213.58052927 -.00000289  00000+0  00000+0 0  9990
2 49336  35.2818  95.4364 0759452 272.1781 282.3788  1.00240773  6474
GSAT0223 (GALILEO 27)   
1 49809U 21116A   23212.81076728 -.00000073  00000+0  00000+0 0  9999
2 49809  57.2749  10.0292 0002896 150.4398 196.7081  1.70475625 10252
GSAT0224 (GALILEO 28)   
1 49810U 21116B   23213.82808242 -.00000078  00000+0  00000+0 0  9992
2 49810  57.2742   9.9996 0002930 137.0518 226.9275  1.70475632 10292
COSMOS 2557             
1 52984U 22075A   23213.43347383 -.00000065  00000+0  00000+0 0  9990
2 52984  64.7699 351.2607 0010840 278.4817  81.3953  2.13102151  8301
COSMOS 2559             
1 54031U 22130A   23214.31385304 -.00000066  00000+0  00000+0 0  9991
2 54031  64.7408 351.3588 0006216 211.6294 148.3333  2.13101331  6317
COSMOS 2564             
1 54377U 22161A   23213.56880319  .00000087  00000+0  00000+0 0  9992
2 54377  64.7579 227.6870 0011309 226.5773 133.3805  2.13102134  5245
NAVSTAR 82 (USA 343)    
1 55268U 23009A   23213.69395876  .00000046  00000+0  00000+0 0  9992
2 55268  55.0935 189.7326 0004107  95.2906  82.4115  2.00557737  4162
BEIDOU-3 G4             
1 56564U 23066A   23213.90612399 -.00000117  00000+0  00000+0 0  9991
2 56564   2.9269 288.9557 0007466 201.1283 306.2919  1.00269603   872
IRNSS-1J (NVS-01)       
1 56759U 23076A   23211.89076466 -.00000330  00000+0  00000+0 0  9990
2 56759   4.8303 272.7361 0004172 329.8538 155.7737  1.00263079   656
